cruises/P45_06/_audit/08_binavg_cnv/08d_binavg_1s_full/P45_06_CTD_10_1s.cnv
* Sea-Bird SBE19plus  Data File:
* FileName = C:\Users\OA_2023-03\Desktop\Bathymetry\ctd_casts\S2_18_04_26002.hex
* Software version 2.3.0 SB_Terminal.dll
* Temperature SN = 8460
* Conductivity SN = 8460
* System UpLoad Time = Apr 18 2026 16:40:21
* <ApplicationData>
* <SeatermAF>
** cast for s2
# nquan = 17
# nvalues = 216                         
# units = specified
# name 0 = timeS: Time, Elapsed [seconds]
# name 1 = prdM: Pressure, Strain Gauge [db]
# name 2 = tv290C: Temperature [ITS-90, deg C]
# name 3 = c0S/m: Conductivity [S/m]
# name 4 = flECO-AFL: Fluorescence, WET Labs ECO-AFL/FL [mg/m^3]
# name 5 = flECO-AFL1: Fluorescence, WET Labs ECO-AFL/FL, 2 [mg/m^3]
# name 6 = CStarAt0: Beam Attenuation, WET Labs C-Star [1/m]
# name 7 = par/sat/log: PAR/Logarithmic, Satlantic [umol photons/m^2/sec]
# name 8 = sbeox0V: Oxygen raw, SBE 43 [V]
# name 9 = sbeox0Mm/L: Oxygen, SBE 43 [umol/l]
# name 10 = sal00: Salinity, Practical [PSU]
# name 11 = sigma-é00: Density [sigma-theta, kg/m^3]
# name 12 = sbox0Mm/Kg: Oxygen, SBE 43 [umol/kg], WS = 2
# name 13 = depSM: Depth [salt water, m], lat = 5.51
# name 14 = potemp090C: Potential Temperature [ITS-90, deg C]
# name 15 = nbin: number of scans per bin
# name 16 = flag: flag
# span 0 =    209.625,    625.625       
# span 1 =     -0.086,     71.951       
# span 2 =    19.4913,    29.7551       
# span 3 =   4.839963,   5.854755       
# span 4 =     0.0000,     5.0203       
# span 5 =   -65.0000, 21000.0000       
# span 6 =     0.0793,     5.2665       
# span 7 = 2.9839e-01, 1.1938e+03       
# span 8 =     1.6111,     2.6884       
# span 9 =    119.827,    213.932       
# span 10 =    35.2936,    35.8343      
# span 11 =    22.0402,    25.5125      
# span 12 =    117.285,    212.118      
# span 13 =     -0.085,     71.539      
# span 14 =    19.4782,    29.7551      
# span 15 =          2,          4      
# span 16 = 0.0000e+00, 0.0000e+00      
# interval = seconds: 1                 
# start_time = Apr 18 2026 15:53:20 [Instrument's time stamp, header]
# bad_flag = -9.990e-29
*END*
[from data line 86]
    436.375     59.733    19.9983   4.891620     0.6464   627.5000     0.1203 2.5344e+00     1.7111    132.649    35.7994    25.3750    125.894     59.393    19.9872          4 0.0000e+00
    437.375     60.259    19.9747   4.888989     0.6115   745.0000     0.1208 2.3202e+00     1.7056    131.444    35.7976    25.3800    125.465     59.917    19.9635          4 0.0000e+00
    438.375     60.952    19.9470   4.886080     0.6372   717.5000     0.1210 1.9703e+00     1.7017    130.895    35.7970    25.3869    125.422     60.605    19.9357          4 0.0000e+00
    439.375     61.721    19.9163   4.882796     0.6133   657.5000     0.1208 1.8554e+00     1.6998    130.623    35.7959    25.3942    125.352     61.369    19.9049          4 0.0000e+00
    440.375     62.342    19.8971   4.880746     0.5766   662.5000     0.1205 1.7953e+00     1.6966    130.052    35.7951    25.3986    125.111     61.987    19.8856          4 0.0000e+00
    441.375     62.947    19.8895   4.879978     0.5674   725.0000     0.1254 1.7123e+00     1.6954    129.334    35.7951    25.4007    125.048     62.589    19.8779          4 0.0000e+00
    442.375     63.272    19.8881   4.879856     0.6280   597.5000     0.1185 1.8073e+00     1.6928    128.804    35.7951    25.4011    124.586     62.911    19.8764          4 0.0000e+00
    443.375     63.435    19.8842   4.879207     0.6555   732.5000     0.1163 1.7929e+00     1.6895    128.491    35.7930    25.4005    124.437     63.074    19.8725          4 0.0000e+00
    444.375     64.097    19.8719   4.877975     0.5839   595.0000     0.1097 1.3184e+00     1.6883    128.618    35.7932    25.4039    123.898     63.733    19.8601          4 0.0000e+00
    445.375     65.038    19.8641   4.878074     0.5802   610.0000     0.1014 1.2367e+00     1.6789    128.359    35.8003    25.4114    122.019     64.668    19.8521          4 0.0000e+00
    446.125     65.476    19.8500   4.877256     0.5729   530.0000     0.0922 1.5122e+00     1.6694    128.363    35.8053    25.4190    120.931     65.103    19.8379          2 0.0000e+00
    448.375     66.015    19.7996   4.870646     0.5343   535.0000     0.0944 1.0266e+00     1.6489    127.576    35.7937    25.4234    119.455     65.639    19.7875          4 0.0000e+00
    449.375     67.058    19.7341   4.863384     0.5252   517.5000     0.0925 2.9839e-01     1.6411    127.841    35.7893    25.4373    118.912     66.675    19.7218          4 0.0000e+00
    450.125     67.748    19.6883   4.857855     0.5289   520.0000     0.0920 1.0608e+00     1.6359    127.088    35.7825    25.4442    118.670     67.361    19.6759          2 0.0000e+00
    451.625     67.983    19.6865   4.859627     0.5509   570.0000     0.0910 1.0722e+00     1.6283    123.727    35.7985    25.4569    117.880     67.595    19.6741          2 0.0000e+00
    452.375     68.552    19.6280   4.851325     0.5123   600.0000     0.0907 9.6501e-01     1.6241    123.221    35.7797    25.4578    117.585     68.160    19.6155          4 0.0000e+00
    453.375     69.132    19.5956   4.848583     0.4829   342.5000     0.0890 1.0660e+00     1.6190    122.942    35.7845    25.4700    117.336     68.737    19.5829          4 0.0000e+00
    454.375     69.889    19.5672   4.845595     0.4683   367.5000     0.0905 8.2070e-01     1.6166    122.195    35.7837    25.4769    117.523     69.490    19.5544          4 0.0000e+00
    455.375     70.898    19.5488   4.844343     0.4591   367.5000     0.0853 7.4098e-01     1.6156    121.691    35.7888    25.4856    117.502     70.493    19.5359          4 0.0000e+00
    456.125     71.391    19.5226   4.841599     0.4701   335.0000     0.0839 8.8298e-01     1.6149    121.580    35.7883    25.4920    117.507     70.983    19.5097          2 0.0000e+00
    462.375     71.495    19.5061   4.839996     0.4665   365.0000     0.0827 8.4715e-01     1.6153    120.476    35.7891    25.4969    117.743     71.087    19.4931          2 0.0000e+00
    468.500     71.583    19.5000   4.840007     0.4676   403.3333     0.0797 8.7699e-01     1.6120    120.680    35.7943    25.5026    117.436     71.174    19.4870          3 0.0000e+00
    469.375     71.873    19.4913   4.840131     0.4334   405.0000     0.0821 8.2642e-01     1.6122    120.471    35.8027    25.5113    117.429     71.463    19.4782          4 0.0000e+00
    470.375     71.951    19.4960   4.840998     0.4701   380.0000     0.0816 8.6161e-01     1.6117    119.926    35.8059    25.5125    117.285     71.539    19.4829          4 0.0000e+00
    471.375     71.526    19.5046   4.842000     0.4774   350.0000     0.0793 8.8272e-01     1.6111    119.827    35.8070    25.5111    117.399     71.118    19.4916          4 0.0000e+00
    475.500     70.866    19.5098   4.839963     0.4995   316.6667     0.0805 8.9110e-01     1.6231    120.355    35.7859    25.4935    119.274     70.461    19.4969          3 0.0000e+00
    476.375     70.195    19.5344   4.842552     0.5105   352.5000     0.0825 9.3990e-01     1.6281    120.133    35.7865    25.4876    119.883     69.795    19.5216          4 0.0000e+00
    477.375     69.625    19.5506   4.843831     0.5142   427.5000     0.0839 1.0029e+00     1.6340    120.571    35.7835    25.4810    120.428     69.227    19.5379          4 0.0000e+00
    478.375     68.650    19.5704   4.845612     0.5325   415.0000     0.0860 1.1161e+00     1.6395    120.994    35.7816    25.4744    121.313     68.258    19.5578          4 0.0000e+00
    479.375     67.782    19.6017   4.848787     0.5380   477.5000     0.0862 1.1619e+00     1.6502    121.238    35.7814    25.4660    123.028     67.395    19.5893          4 0.0000e+00
    482.375     66.788    19.6987   4.858827     0.5931   400.0000     0.0919 1.3354e+00     1.6833    123.174    35.7820    25.4411    125.584     66.407    19.6864          4 0.0000e+00
    483.375     65.260    19.7646   4.867101     0.6390   637.5000     0.0890 1.5276e+00     1.6888    123.591    35.7946    25.4333    125.524     64.887    19.7526          4 0.0000e+00
    486.375     63.897    19.8674   4.877470     0.6317   662.5000     0.0929 1.6759e+00     1.6976    128.067    35.7929    25.4049    126.249     63.533    19.8556          4 0.0000e+00
    487.125     62.672    19.8705   4.877320     0.5913   615.0000     0.0995 1.8281e+00     1.7014    128.497    35.7894    25.4014    126.590     62.316    19.8590          2 0.0000e+00
    489.500     62.012    19.8854   4.878506     0.6586   733.3333     0.1044 1.8544e+00     1.7138    128.687    35.7868    25.3954    128.222     61.659    19.8739          3 0.0000e+00
    490.375     60.411    19.9022   4.880236     0.6996   720.0000     0.1114 2.1527e+00     1.7194    128.638    35.7873    25.3912    128.546     60.067    19.8911          4 0.0000e+00
    491.125     59.297    19.9225   4.883019     0.6647   725.0000     0.1209 2.4059e+00     1.7222    128.842    35.7933    25.3904    128.670     58.959    19.9115          2 0.0000e+00
    493.500     58.898    19.9977   4.890238     0.6954   810.0000     0.1180 2.5856e+00     1.7327    130.009    35.7888    25.3670    129.442     58.564    19.9868          3 0.0000e+00
    494.375     57.858    20.0093   4.891361     0.7345   682.5000     0.1211 2.8757e+00     1.7360    130.851    35.7885    25.3638    130.717     57.529    19.9985          4 0.0000e+00
    495.375     57.195    20.0284   4.893447     0.7161   667.5000     0.1240 2.9758e+00     1.7546    131.669    35.7896    25.3595    135.946     56.870    20.0177          4 0.0000e+00
    496.375     56.814    20.0399   4.894553     0.7161   705.0000     0.1199 3.3081e+00     1.8029    131.861    35.7891    25.3561    143.079     56.492    20.0293          4 0.0000e+00
    497.375     55.960    20.0447   4.895001     0.7419   740.0000     0.1165 3.6709e+00     1.8482    132.287    35.7889    25.3546    146.664     55.642    20.0343          4 0.0000e+00
    498.375     55.041    20.0691   4.896770     0.7675   800.0000     0.1123 3.9567e+00     1.8830    132.642    35.7831    25.3436    149.287     54.729    20.0589          4 0.0000e+00
    499.250     54.551    20.2614   4.917379     0.7835   800.0000     0.1092 4.0853e+00     1.9105    132.483    35.7887    25.2967    151.199     54.241    20.2512          3 0.0000e+00
    500.500     54.424    20.5613   4.950251     0.7370   773.3333     0.1067 4.1848e+00     1.9436    135.289    35.8029    25.2271    152.931     54.116    20.5510          3 0.0000e+00
    501.375     54.000    20.6728   4.962398     0.7731   805.0000     0.1074 4.5466e+00     1.9630    142.833    35.8075    25.2006    154.204     53.694    20.6625          4 0.0000e+00
    502.375     53.261    20.7610   4.970897     0.8484   870.0000     0.1186 4.6970e+00     1.9817    149.407    35.8023    25.1726    155.652     52.959    20.7509          4 0.0000e+00
    503.375     52.370    20.8382   4.978006     0.9218  1067.5000     0.1245 5.1082e+00     1.9998    151.709    35.7951    25.1462    157.074     52.073    20.8282          4 0.0000e+00
    504.375     51.716    20.9066   4.984388     0.9769  1107.5000     0.1303 5.4141e+00     2.0157    153.863    35.7893    25.1231    158.821     51.423    20.8967          4 0.0000e+00
    505.375     51.278    20.9532   4.988960     1.0852  1142.5000     0.1331 5.7591e+00     2.0401    156.028    35.7873    25.1089    164.612     50.987    20.9433          4 0.0000e+00
    506.375     50.179    21.0032   4.994223     1.0338  1092.5000     0.1370 6.4613e+00     2.1071    157.593    35.7881    25.0958    175.575     49.895    20.9936          4 0.0000e+00
    507.375     49.304    21.0773   5.001621     1.1073  1145.0000     0.1379 6.9218e+00     2.1877    158.878    35.7857    25.0737    183.389     49.025    21.0679          4 0.0000e+00
    508.375     48.916    21.1513   5.009141     1.0173  1060.0000     0.1400 7.3450e+00     2.2551    160.309    35.7844    25.0524    187.980     48.639    21.1419          4 0.0000e+00
    509.375     47.962    21.3245   5.028277     1.0228  1147.5000     0.1376 8.4646e+00     2.3035    161.390    35.7933    25.0114    190.446     47.691    21.3151          4 0.0000e+00
    510.375     46.961    21.6222   5.062390     1.0540  1015.0000     0.1403 9.2315e+00     2.3421    163.372    35.8176    24.9475    192.093     46.695    21.6130          4 0.0000e+00
    511.375     46.531    21.8548   5.086375     0.9787   980.0000     0.1336 9.1851e+00     2.3722    172.923    35.8147    24.8803    193.591     46.268    21.8456          4 0.0000e+00
    512.375     46.345    21.9696   5.096286     0.7437   732.5000     0.1368 9.7350e+00     2.3982    184.848    35.7981    24.8355    195.619     46.083    21.9604          4 0.0000e+00
    513.375     45.902    22.0782   5.108581     0.7492   530.0000     0.1290 1.0618e+01     2.4266    191.204    35.8054    24.8105    198.765     45.643    22.0691          4 0.0000e+00
    514.375     45.144    22.1583   5.116134     0.6629   737.5000     0.1267 1.1217e+01     2.4599    193.887    35.7990    24.7830    201.318     44.889    22.1493          4 0.0000e+00
    515.375     44.417    22.2955   5.129852     0.6500   517.5000     0.1167 1.1842e+01     2.4807    195.648    35.7938    24.7402    201.687     44.166    22.2866          4 0.0000e+00
    516.375     44.162    22.4673   5.147871     0.5252   367.5000     0.1111 1.1400e+01     2.4964    197.035    35.7938    24.6914    202.664     43.912    22.4583          4 0.0000e+00
    517.375     43.661    22.6608   5.165613     0.3966   310.0000     0.1069 1.2744e+01     2.5145    198.374    35.7737    24.6208    203.264     43.415    22.6519          4 0.0000e+00
    518.375     42.765    22.8680   5.186952     0.3471   252.5000     0.0990 1.3402e+01     2.5225    200.185    35.7705    24.5588    202.493     42.524    22.8592          4 0.0000e+00
    519.375     42.369    22.9927   5.198576     0.3232   295.0000     0.0947 1.3015e+01     2.5279    203.750    35.7589    24.5140    202.501     42.130    22.9840          4 0.0000e+00
    520.375     41.910    23.1154   5.209817     0.2754   252.5000     0.0925 1.4240e+01     2.5338    204.891    35.7461    24.4686    202.865     41.674    23.1069          4 0.0000e+00
    521.375     40.952    23.2244   5.220967     0.2534   225.0000     0.0906 1.4854e+01     2.5425    204.830    35.7439    24.4352    203.452     40.721    23.2160          4 0.0000e+00
    522.375     40.146    23.2827   5.226123     0.2846   282.5000     0.0891 1.5935e+01     2.5508    206.432    35.7365    24.4127    203.957     39.919    23.2744          4 0.0000e+00
    523.375     39.643    23.3239   5.230521     0.2497   210.0000     0.0932 1.6417e+01     2.5576    206.530    35.7372    24.4011    204.245     39.420    23.3157          4 0.0000e+00
    524.375     39.115    23.3681   5.234882     0.2332   250.0000     0.0922 1.7190e+01     2.5631    206.162    35.7350    24.3865    204.785     38.894    23.3600          4 0.0000e+00
    525.375     38.325    23.4282   5.240860     0.2516   212.5000     0.0928 1.8213e+01     2.5715    206.434    35.7325    24.3669    205.485     38.109    23.4203          4 0.0000e+00
    526.375     37.416    23.5067   5.248694     0.2387   245.0000     0.0950 1.9629e+01     2.5788    207.265    35.7294    24.3416    205.608     37.205    23.4990          4 0.0000e+00
    528.375     36.951    23.6587   5.263065     0.2259   227.5000     0.0995 2.0571e+01     2.5894    208.201    35.7168    24.2874    206.366     36.743    23.6510          4 0.0000e+00
    529.375     36.335    23.7275   5.269891     0.2258   282.5000     0.0990 2.3089e+01     2.5982    208.304    35.7136    24.2647    207.023     36.131    23.7199          4 0.0000e+00
    531.375     35.880    23.8947   5.285693     0.2663   190.0000     0.1004 2.2842e+01     2.6131    209.509    35.6996    24.2047    208.619     35.678    23.8871          4 0.0000e+00
    532.375     34.779    23.9909   5.295611     0.2424   250.0000     0.1007 2.4458e+01     2.6354    209.297    35.6982    24.1749    211.205     34.584    23.9836          4 0.0000e+00
    533.250     34.011    24.1021   5.304790     0.2326   250.0000     0.1021 2.6158e+01     2.6534    209.463    35.6789    24.1272    212.118     33.820    24.0949          3 0.0000e+00
    535.375     33.539    24.5253   5.345613     0.2259   245.0000     0.1014 2.6983e+01     2.6781    209.875    35.6493    23.9781    212.013     33.351    24.5181          4 0.0000e+00
    536.375     32.394    24.8876   5.383278     0.2295   205.0000     0.1035 2.8379e+01     2.6862    209.602    35.6441    23.8644    211.003     32.212    24.8806          4 0.0000e+00
    537.250     31.471    25.1903   5.412938     0.2595   220.0000     0.1068 3.0476e+01     2.6884    210.768    35.6262    23.7586    209.352     31.294    25.1834          3 0.0000e+00
    539.375     30.977    25.8175   5.470567     0.1891   205.0000     0.1069 3.0167e+01     2.6711    212.281    35.5600    23.5150    205.715     30.802    25.8106          4 0.0000e+00
    540.375     29.683    25.9565   5.485012     0.2075   197.5000     0.1051 3.2809e+01     2.6761    211.932    35.5579    23.4700    205.936     29.517    25.9499          4 0.0000e+00
    541.125     28.983    26.0283   5.490232     0.1983   160.0000     0.1025 3.5286e+01     2.6764    212.154    35.5405    23.4344    205.319     28.821    26.0218          2 0.0000e+00
    543.500     28.589    26.3250   5.516625     0.1738   156.6667     0.1029 3.5776e+01     2.6688    208.764    35.5030    23.3129    203.485     28.428    26.3185          3 0.0000e+00
    544.375     27.448    26.3855   5.522901     0.1708   145.0000     0.1038 3.9125e+01     2.6648    207.600    35.5021    23.2932    202.674     27.294    26.3792          4 0.0000e+00
