cruises/P45_06/_audit/08_binavg_cnv/08d_binavg_1s_full/P45_06_CTD_01_1s.cnv
* Sea-Bird SBE19plus  Data File:
* FileName = C:\Users\OA_2023-03\Desktop\Bathymetry\ctd_casts\J1_15_04_25001.hex
* Software version 2.3.0 SB_Terminal.dll
* Temperature SN = 8460
* Conductivity SN = 8460
* System UpLoad Time = Apr 15 2026 12:50:42
* <ApplicationData>
* <SeatermAF>
** FIRST MAURIE_CAST
# nquan = 17
# nvalues = 137                         
# units = specified
# name 0 = timeS: Time, Elapsed [seconds]
# name 1 = prdM: Pressure, Strain Gauge [db]
# name 2 = tv290C: Temperature [ITS-90, deg C]
# name 3 = c0S/m: Conductivity [S/m]
# name 4 = flECO-AFL: Fluorescence, WET Labs ECO-AFL/FL [mg/m^3]
# name 5 = flECO-AFL1: Fluorescence, WET Labs ECO-AFL/FL, 2 [mg/m^3]
# name 6 = CStarAt0: Beam Attenuation, WET Labs C-Star [1/m]
# name 7 = par/sat/log: PAR/Logarithmic, Satlantic [umol photons/m^2/sec]
# name 8 = sbeox0V: Oxygen raw, SBE 43 [V]
# name 9 = sbeox0Mm/L: Oxygen, SBE 43 [umol/l]
# name 10 = sal00: Salinity, Practical [PSU]
# name 11 = sigma-é00: Density [sigma-theta, kg/m^3]
# name 12 = sbox0Mm/Kg: Oxygen, SBE 43 [umol/kg], WS = 2
# name 13 = depSM: Depth [salt water, m], lat = 5.51
# name 14 = potemp090C: Potential Temperature [ITS-90, deg C]
# name 15 = nbin: number of scans per bin
# name 16 = flag: flag
# span 0 =    472.625,    692.125       
# span 1 =     -0.024,     41.057       
# span 2 =    22.3147,    29.5777       
# span 3 =   5.122654,   5.825915       
# span 4 =    -0.2626,     1.1568       
# span 5 =-35915.0000,  1225.0000       
# span 6 =     0.1298,    14.4358       
# span 7 = 1.1788e-01, 1.1812e-01       
# span 8 =     2.0064,     2.5249       
# span 9 =    154.987,    194.219       
# span 10 =    35.2137,    35.7286      
# span 11 =    22.0502,    24.6836      
# span 12 =    137.502,    191.480      
# span 13 =     -0.024,     40.826      
# span 14 =    22.3065,    29.5771      
# span 15 =          2,          4      
# span 16 = 0.0000e+00, 0.0000e+00      
# interval = seconds: 1                 
# start_time = Apr 15 2026 11:42:49 [Instrument's time stamp, header]
# bad_flag = -9.990e-29
*END*
[from data line 86]
    600.375     28.744    25.8140   5.467132     0.2314   352.5000     0.1863 1.1798e-01     2.5059    187.906    35.5382    23.4995    190.105     28.583    25.8076          4 0.0000e+00
    601.375     28.063    26.2315   5.512147     0.2166   260.0000     0.1878 1.1797e-01     2.5084    190.302    35.5428    23.3723    189.495     27.906    26.2252          4 0.0000e+00
    602.375     27.380    26.4827   5.533381     0.2259   295.0000     0.1824 1.1799e-01     2.5211    192.155    35.5030    23.2632    189.986     27.226    26.4765          4 0.0000e+00
    603.250     27.072    26.6048   5.544068     0.2032   243.3333     0.1831 1.1804e-01     2.5249    193.108    35.4864    23.2120    189.052     26.920    26.5987          3 0.0000e+00
    604.500     26.975    26.6779   5.550051     0.2081   236.6667     0.1813 1.1805e-01     2.5167    192.895    35.4734    23.1790    187.710     26.824    26.6718          3 0.0000e+00
    605.375     26.522    26.7228   5.554392     0.1946   252.5000     0.1829 1.1796e-01     2.5154    192.170    35.4703    23.1624    187.636     26.374    26.7168          4 0.0000e+00
    606.375     25.728    26.8950   5.570756     0.1965   275.0000     0.1808 1.1801e-01     2.5117    191.430    35.4562    23.0969    186.486     25.583    26.8891          4 0.0000e+00
    607.250     25.389    27.1522   5.593627     0.1959   243.3333     0.1775 1.1791e-01     2.5067    192.244    35.4238    22.9901    184.445     25.247    27.1463          3 0.0000e+00
    608.500     25.275    27.4773   5.622277     0.1690   246.6667     0.1752 1.1791e-01     2.4824    191.560    35.3809    22.8531    181.372     25.133    27.4714          3 0.0000e+00
    609.375     24.787    27.6239   5.634988     0.1671   235.0000     0.1748 1.1800e-01     2.4754    189.548    35.3603    22.7901    180.557     24.648    27.6181          4 0.0000e+00
    610.375     24.041    27.8038   5.652790     0.1304   232.5000     0.1677 1.1802e-01     2.4648    188.429    35.3506    22.7242    178.814     23.906    27.7981          4 0.0000e+00
    611.375     23.765    28.0500   5.678333     0.1267   237.5000     0.1608 1.1798e-01     2.4526    187.657    35.3452    22.6397    177.043     23.632    28.0444          4 0.0000e+00
    612.375     23.444    28.2062   5.691716     0.1267   212.5000     0.1571 1.1794e-01     2.4445    185.902    35.3221    22.5711    176.383     23.313    28.2007          4 0.0000e+00
    613.375     22.621    28.3369   5.706809     0.0753   180.0000     0.1516 1.1793e-01     2.4446    182.874    35.3302    22.5340    176.374     22.494    28.3315          4 0.0000e+00
    614.250     22.088    28.4074   5.713615     0.0759   160.0000     0.1457 1.1801e-01     2.4453    181.893    35.3251    22.5069    176.052     21.964    28.4021          3 0.0000e+00
    616.375     21.717    28.5194   5.724803     0.0606   152.5000     0.1443 1.1792e-01     2.4361    179.488    35.3197    22.4658    175.005     21.596    28.5142          4 0.0000e+00
    617.375     20.783    28.5506   5.727989     0.0423   115.0000     0.1451 1.1793e-01     2.4396    178.738    35.3189    22.4549    175.134     20.667    28.5456          4 0.0000e+00
    618.125     20.277    28.5748   5.729363     0.0441   240.0000     0.1455 1.1800e-01     2.4366    178.942    35.3106    22.4406    174.342     20.163    28.5699          2 0.0000e+00
    620.375     19.715    28.7177   5.741917     0.0496   185.0000     0.1465 1.1800e-01     2.4232    178.551    35.2917    22.3788    173.296     19.604    28.7130          4 0.0000e+00
    621.375     18.706    28.7775   5.747812     0.0533    75.0000     0.1471 1.1790e-01     2.4257    177.672    35.2884    22.3565    173.268     18.601    28.7730          4 0.0000e+00
    624.375     17.650    28.9266   5.759308     0.0441    40.0000     0.1403 1.1794e-01     2.4186    176.029    35.2578    22.2836    172.054     17.551    28.9224          4 0.0000e+00
    625.375     16.508    28.9682   5.762741     0.0367    15.0000     0.1406 1.1797e-01     2.4182    175.755    35.2512    22.2647    172.013     16.416    28.9642          4 0.0000e+00
    626.125     16.037    28.9820   5.763467     0.0514   -65.0000     0.1412 1.1802e-01     2.4193    176.483    35.2460    22.2561    172.067     15.947    28.9781          2 0.0000e+00
    627.625     15.933    29.0083   5.764964     0.0367    45.0000     0.1469 1.1796e-01     2.4177    176.093    35.2370    22.2405    171.691     15.843    29.0044          2 0.0000e+00
    628.375     15.504    29.0089   5.764613     0.0275   135.0000     0.1400 1.1800e-01     2.4166    175.663    35.2342    22.2382    171.622     15.418    29.0052          4 0.0000e+00
    629.375     14.608    29.0153   5.765349     0.0386   145.0000     0.1419 1.1795e-01     2.4159    175.430    35.2348    22.2365    171.536     14.526    29.0118          4 0.0000e+00
    630.375     13.931    29.0220   5.765860     0.0367   115.0000     0.1478 1.1793e-01     2.4154    175.510    35.2336    22.2333    171.634     13.853    29.0186          4 0.0000e+00
    631.375     13.541    29.0246   5.765924     0.0330    82.5000     0.1477 1.1801e-01     2.4182    175.724    35.2322    22.2313    171.882     13.466    29.0214          4 0.0000e+00
    632.375     12.980    29.0240   5.765755     0.0386    90.0000     0.1423 1.1800e-01     2.4182    175.577    35.2317    22.2311    171.759     12.907    29.0209          4 0.0000e+00
    633.375     12.363    29.0294   5.766348     0.0349    67.5000     0.1445 1.1800e-01     2.4193    175.295    35.2320    22.2295    171.880     12.295    29.0264          4 0.0000e+00
    634.375     11.844    29.0331   5.766633     0.0349     5.0000     0.1425 1.1794e-01     2.4188    175.227    35.2314    22.2278    171.703     11.778    29.0302          4 0.0000e+00
    635.375     11.082    29.0358   5.766826     0.0294    12.5000     0.1397 1.1798e-01     2.4185    175.175    35.2309    22.2264    171.772     11.020    29.0331          4 0.0000e+00
    636.375     10.317    29.0450   5.767956     0.0330    17.5000     0.1415 1.1806e-01     2.4201    175.576    35.2322    22.2242    171.784     10.259    29.0425          4 0.0000e+00
    637.375      9.770    29.0490   5.768165     0.0294   125.0000     0.1402 1.1806e-01     2.4178    175.548    35.2308    22.2218    171.518      9.716    29.0467          4 0.0000e+00
    638.375      9.202    29.0496   5.768045     0.0275    60.0000     0.1398 1.1797e-01     2.4192    175.527    35.2297    22.2207    171.769      9.151    29.0474          4 0.0000e+00
    639.375      8.581    29.0557   5.768601     0.0275    97.5000     0.1400 1.1796e-01     2.4184    175.507    35.2293    22.2183    171.432      8.534    29.0536          4 0.0000e+00
    640.375      7.959    29.0619   5.769064     0.0220    62.5000     0.1428 1.1796e-01     2.4158    175.331    35.2280    22.2152    171.229      7.914    29.0600          4 0.0000e+00
    641.375      7.119    29.0656   5.769264     0.0294    75.0000     0.1400 1.1797e-01     2.4164    175.580    35.2270    22.2131    171.414      7.079    29.0639          4 0.0000e+00
    642.375      6.402    29.0716   5.769827     0.0257    67.5000     0.1371 1.1803e-01     2.4168    175.237    35.2266    22.2108    171.349      6.366    29.0700          4 0.0000e+00
    643.375      6.015    29.0795   5.770548     0.0202  -105.0000     0.1385 1.1812e-01     2.4159    175.303    35.2259    22.2075    171.289      5.982    29.0780          4 0.0000e+00
    644.375      5.402    29.0821   5.770557     0.0238   -12.5000     0.1397 1.1797e-01     2.4192    175.338    35.2242    22.2054    172.079      5.373    29.0808          4 0.0000e+00
    645.375      4.173    29.0960   5.772129     0.0202   -50.0000     0.1393 1.1796e-01     2.4295    174.813    35.2251    22.2012    172.997      4.150    29.0950          4 0.0000e+00
    646.375      3.317    29.1224   5.774594     0.0294   137.5000     0.1514 1.1796e-01     2.4337    174.864    35.2229    22.1907    172.563      3.299    29.1216          4 0.0000e+00
    647.625      3.184    29.2301   5.787142     0.0073    20.0000     0.2097 1.1797e-01     2.4261    174.818    35.2298    22.1597    171.294      3.167    29.2293          2 0.0000e+00
    648.375      2.566    29.2538   5.788730     0.0238   -15.0000     0.2095 1.1802e-01     2.4237    174.482    35.2235    22.1470    171.178      2.552    29.2532          4 0.0000e+00
    649.375      1.480    29.3214   5.796047     0.0220  -142.5000     0.1415 1.1800e-01     2.4222    174.661    35.2243    22.1247    171.031      1.472    29.3210          4 0.0000e+00
    663.375      1.075    29.4297   5.808261     0.0110    67.5000     0.1313 1.1791e-01     2.3720    174.531    35.2285    22.0913    166.827      1.069    29.4294          4 0.0000e+00
    664.375      0.435    29.4607   5.811246    -0.0221   227.5000     0.3238 1.1805e-01     2.3834    174.349    35.2264    22.0792    167.683      0.433    29.4605          4 0.0000e+00
    676.375      0.285    29.4750   5.812421     0.1983  1210.0000     0.1488 1.1802e-01     2.3828    171.004    35.2239    22.0726    167.478      0.283    29.4749          2 0.0000e+00
    691.375      0.041    29.4662   5.811934    -0.2626   312.5000     7.7738 1.1797e-01     2.0814    169.976    35.2272    22.0779    138.000      0.041    29.4662          4 0.0000e+00
    692.125     -0.024    29.4609   5.811526     1.1568-35915.0000    14.4358 1.1794e-01     2.0666    164.971    35.2283    22.0805    137.502     -0.024    29.4609          2 0.0000e+00
