cruises/P45_06/_audit/08_binavg_cnv/08d_binavg_1s_full/P45_06_CTD_03_1s.cnv
* Sea-Bird SBE19plus  Data File:
* FileName = C:\Users\OA_2023-03\Desktop\Bathymetry\ctd_casts\P1_16_04_25001.hex
* Software version 2.3.0 SB_Terminal.dll
* Temperature SN = 8460
* Conductivity SN = 8460
* System UpLoad Time = Apr 16 2026 12:24:13
* <ApplicationData>
* <SeatermAF>
** cast
# nquan = 17
# nvalues = 135                         
# units = specified
# name 0 = timeS: Time, Elapsed [seconds]
# name 1 = prdM: Pressure, Strain Gauge [db]
# name 2 = tv290C: Temperature [ITS-90, deg C]
# name 3 = c0S/m: Conductivity [S/m]
# name 4 = flECO-AFL: Fluorescence, WET Labs ECO-AFL/FL [mg/m^3]
# name 5 = flECO-AFL1: Fluorescence, WET Labs ECO-AFL/FL, 2 [mg/m^3]
# name 6 = CStarAt0: Beam Attenuation, WET Labs C-Star [1/m]
# name 7 = par/sat/log: PAR/Logarithmic, Satlantic [umol photons/m^2/sec]
# name 8 = sbeox0V: Oxygen raw, SBE 43 [V]
# name 9 = sbeox0Mm/L: Oxygen, SBE 43 [umol/l]
# name 10 = sal00: Salinity, Practical [PSU]
# name 11 = sigma-é00: Density [sigma-theta, kg/m^3]
# name 12 = sbox0Mm/Kg: Oxygen, SBE 43 [umol/kg], WS = 2
# name 13 = depSM: Depth [salt water, m], lat = 5.51
# name 14 = potemp090C: Potential Temperature [ITS-90, deg C]
# name 15 = nbin: number of scans per bin
# name 16 = flag: flag
# span 0 =    312.500,    588.125       
# span 1 =      0.011,     39.103       
# span 2 =    21.6214,    29.5063       
# span 3 =   5.053715,   5.832201       
# span 4 =    -0.4738,     1.0540       
# span 5 =  -526.6667, 12495.0000       
# span 6 =     0.0797,     1.6959       
# span 7 = 3.7392e+01, 2.0449e+03       
# span 8 =     1.8467,     2.4928       
# span 9 =    139.185,    189.867       
# span 10 =    35.3242,    35.7579      
# span 11 =    22.1462,    24.8973      
# span 12 =    136.159,    190.390      
# span 13 =      0.011,     38.882      
# span 14 =    21.6137,    29.5063      
# span 15 =          2,          4      
# span 16 = 0.0000e+00, 0.0000e+00      
# interval = seconds: 1                 
# start_time = Apr 16 2026 11:16:12 [Instrument's time stamp, header]
# bad_flag = -9.990e-29
*END*
    312.500      0.843    29.4081   5.822369     0.0269  -360.0000     0.0817 1.3689e+03     2.4817    179.266    35.3410    22.1830    175.917      0.838    29.4079          3 0.0000e+00
    313.375      1.470    29.3450   5.814080     0.0128   -70.0000     0.0898 1.2747e+03     2.4776    180.269    35.3305    22.1965    175.464      1.461    29.3447          4 0.0000e+00
    357.500      1.862    29.3585   5.815590     0.0269  -103.3333     0.0811 1.2315e+03     2.4756    179.998    35.3308    22.1922    175.690      1.851    29.3580          3 0.0000e+00
    358.375      2.439    29.3131   5.811462     0.0202   -72.5000     0.0797 1.0102e+03     2.4749    179.884    35.3357    22.2112    175.585      2.425    29.3125          4 0.0000e+00
    359.375      3.271    29.1856   5.796121     0.0202   -55.0000     0.0827 1.2498e+03     2.4732    179.818    35.3242    22.2456    175.906      3.253    29.1848          4 0.0000e+00
    360.375      4.036    29.1421   5.792923     0.0239   -85.0000     0.0848 9.0450e+02     2.4741    179.784    35.3342    22.2677    176.096      4.014    29.1412          4 0.0000e+00
    361.375      4.691    29.1091   5.789476     0.0000   -85.0000     0.0848 9.1592e+02     2.4711    179.835    35.3347    22.2793    175.792      4.665    29.1079          4 0.0000e+00
    362.375      5.360    29.0787   5.786274     0.0239   -57.5000     0.0859 7.7695e+02     2.4697    180.430    35.3349    22.2896    175.908      5.331    29.0774          4 0.0000e+00
    363.375      6.003    29.0542   5.783788     0.0331   -27.5000     0.0894 1.0133e+03     2.4693    180.552    35.3357    22.2985    176.044      5.970    29.0528          4 0.0000e+00
    364.375      6.780    29.0202   5.780061     0.0349   -57.5000     0.0870 8.4300e+02     2.4699    180.300    35.3349    22.3094    176.185      6.742    29.0185          4 0.0000e+00
    365.375      7.549    28.9944   5.777531     0.0294   -65.0000     0.0904 5.5340e+02     2.4689    180.565    35.3363    22.3192    176.202      7.507    28.9926          4 0.0000e+00
    366.375      8.131    28.9733   5.775446     0.0220    52.5000     0.0904 6.8276e+02     2.4719    180.329    35.3375    22.3271    176.934      8.086    28.9713          4 0.0000e+00
    367.375      8.684    28.9404   5.772036     0.0312   -10.0000     0.0929 7.0269e+02     2.4751    180.136    35.3381    22.3386    176.746      8.636    28.9383          4 0.0000e+00
    368.375      9.368    28.8999   5.767918     0.0367    60.0000     0.0974 6.1384e+02     2.4694    180.399    35.3395    22.3532    176.440      9.315    28.8976          4 0.0000e+00
    369.375     10.009    28.8659   5.764786     0.0367    52.5000     0.1037 6.3468e+02     2.4713    180.648    35.3429    22.3672    176.847      9.954    28.8635          4 0.0000e+00
    370.375     10.699    28.8154   5.759545     0.0423     7.5000     0.0970 5.6762e+02     2.4680    180.684    35.3438    22.3848    176.367     10.640    28.8129          4 0.0000e+00
    371.375     11.632    28.7731   5.755570     0.0349    67.5000     0.0977 6.0170e+02     2.4641    181.140    35.3475    22.4017    176.369     11.567    28.7702          4 0.0000e+00
    372.375     12.262    28.7458   5.752982     0.0349    95.0000     0.1054 4.4629e+02     2.4636    181.961    35.3496    22.4125    176.552     12.194    28.7429          4 0.0000e+00
    373.375     12.706    28.7260   5.751215     0.0496   110.0000     0.1074 5.2080e+02     2.4642    180.885    35.3520    22.4208    176.707     12.635    28.7230          4 0.0000e+00
    374.375     13.558    28.6827   5.746713     0.0771   192.5000     0.1049 4.6829e+02     2.4644    181.266    35.3527    22.4359    176.978     13.482    28.6794          4 0.0000e+00
    375.375     14.389    28.6338   5.741721     0.0643    47.5000     0.1147 4.0721e+02     2.4673    181.257    35.3543    22.4533    177.368     14.308    28.6303          4 0.0000e+00
    376.375     14.960    28.6032   5.739040     0.0625    80.0000     0.1139 4.5172e+02     2.4663    180.669    35.3582    22.4665    177.258     14.877    28.5997          4 0.0000e+00
    377.375     15.442    28.5732   5.735937     0.0863   142.5000     0.1127 4.5347e+02     2.4676    180.932    35.3588    22.4769    177.587     15.356    28.5696          4 0.0000e+00
    378.375     16.090    28.5329   5.731968     0.0643    40.0000     0.1141 3.5561e+02     2.4673    181.253    35.3612    22.4920    177.522     16.000    28.5290          4 0.0000e+00
    379.375     17.046    28.4753   5.725882     0.1102   145.0000     0.1186 3.5408e+02     2.4659    181.502    35.3615    22.5115    177.534     16.951    28.4712          4 0.0000e+00
    380.375     17.767    28.4332   5.722074     0.0808   212.5000     0.1289 3.6127e+02     2.4640    182.046    35.3661    22.5288    177.588     17.668    28.4290          4 0.0000e+00
    381.375     17.980    28.4036   5.719186     0.1212   145.0000     0.1228 3.7496e+02     2.4646    182.025    35.3680    22.5402    177.817     17.880    28.3993          4 0.0000e+00
    382.375     18.628    28.3380   5.711897     0.1267   217.5000     0.1231 2.9499e+02     2.4646    182.179    35.3660    22.5603    178.013     18.524    28.3336          4 0.0000e+00
    383.375     19.595    28.2689   5.705094     0.1818   220.0000     0.1289 2.9533e+02     2.4648    182.527    35.3699    22.5861    178.284     19.485    28.2643          4 0.0000e+00
    384.375     20.214    28.2161   5.700154     0.1891   217.5000     0.1400 3.3169e+02     2.4655    182.397    35.3747    22.6071    178.567     20.101    28.2114          4 0.0000e+00
    385.375     20.583    28.1473   5.692950     0.2020   182.5000     0.1403 2.8297e+02     2.4657    182.369    35.3757    22.6305    178.391     20.468    28.1424          4 0.0000e+00
    386.375     21.323    28.0715   5.685569     0.1928   252.5000     0.1409 2.4682e+02     2.4582    182.758    35.3806    22.6591    177.748     21.204    28.0665          4 0.0000e+00
    387.375     22.244    27.9542   5.673282     0.2534   225.0000     0.1477 2.3965e+02     2.4534    183.194    35.3822    22.6988    177.928     22.119    27.9490          4 0.0000e+00
    388.375     22.586    27.8614   5.663690     0.2846   245.0000     0.1552 2.4975e+02     2.4513    183.551    35.3845    22.7309    177.522     22.460    27.8561          4 0.0000e+00
    389.375     23.028    27.7219   5.652071     0.2699   305.0000     0.1578 2.0920e+02     2.4323    183.913    35.4075    22.7936    174.844     22.899    27.7165          4 0.0000e+00
    390.375     23.993    27.2736   5.603439     0.2956   272.5000     0.1603 1.9678e+02     2.4046    185.124    35.4018    22.9344    174.089     23.859    27.2680          4 0.0000e+00
    391.375     24.617    26.8052   5.559137     0.4132   380.0000     0.1649 2.0912e+02     2.3951    185.504    35.4419    23.1146    175.714     24.480    26.7996          4 0.0000e+00
    392.375     24.857    26.5668   5.538223     0.3599   367.5000     0.1690 2.1205e+02     2.3895    185.930    35.4741    23.2146    176.633     24.718    26.5612          4 0.0000e+00
    393.375     25.621    26.1616   5.496080     0.4554   400.0000     0.1721 1.5571e+02     2.4015    186.858    35.4807    23.3472    179.992     25.478    26.1559          4 0.0000e+00
    394.250     26.501    25.7234   5.453313     0.4211   406.6667     0.1872 1.4534e+02     2.4103    186.606    35.5083    23.5048    181.062     26.352    25.7175          3 0.0000e+00
    396.625     26.855    25.5290   5.439471     0.4591   405.0000     0.2123 1.5792e+02     2.3762    182.685    35.5581    23.6026    176.416     26.704    25.5231          2 0.0000e+00
    397.375     27.605    25.2559   5.411500     0.3875   357.5000     0.2138 1.1677e+02     2.3604    183.675    35.5652    23.6920    174.836     27.450    25.2498          4 0.0000e+00
    398.375     28.444    25.0189   5.389083     0.6152   710.0000     0.2040 1.3114e+02     2.3228    186.690    35.5851    23.7797    170.103     28.285    25.0127          4 0.0000e+00
    399.375     28.780    24.8915   5.374439     0.7364   832.5000     0.2062 1.4250e+02     2.2695    189.124    35.5764    23.8118    164.430     28.619    24.8853          4 0.0000e+00
    400.375     29.233    24.8246   5.370857     0.8006   982.5000     0.2117 1.2176e+02     2.2165    186.732    35.6024    23.8518    162.064     29.068    24.8183          4 0.0000e+00
    401.375     30.058    24.6941   5.357568     0.9475  1120.0000     0.2330 1.0143e+02     2.2149    183.991    35.6060    23.8941    166.829     29.889    24.6876          4 0.0000e+00
    402.375     30.635    24.3977   5.325223     1.0375  1327.5000     0.2571 1.0623e+02     2.2428    182.321    35.5984    23.9776    171.627     30.463    24.3912          4 0.0000e+00
    403.375     31.080    24.1667   5.305806     1.0155  1162.5000     0.2574 9.5680e+01     2.2645    178.322    35.6358    24.0751    172.152     30.905    24.1601          4 0.0000e+00
    404.375     31.874    23.6558   5.253436     0.8814  1057.5000     0.2805 8.6316e+01     2.2506    172.113    35.6472    24.2351    168.499     31.695    23.6491          4 0.0000e+00
    405.375     32.444    23.3244   5.226342     0.7841  1027.5000     0.3116 8.1483e+01     2.2071    166.995    35.7070    24.3776    164.046     32.262    23.3178          4 0.0000e+00
    406.375     32.694    23.2216   5.219016     0.7583   890.0000     0.3059 8.6211e+01     2.1746    170.233    35.7339    24.4280    162.309     32.511    23.2148          4 0.0000e+00
    407.375     33.270    23.0648   5.203629     0.7896   992.5000     0.2961 7.1979e+01     2.1492    178.544    35.7424    24.4800    159.916     33.083    23.0579          4 0.0000e+00
    408.375     34.112    22.8123   5.175196     0.8869  1100.0000     0.2497 6.1291e+01     2.1133    182.982    35.7276    24.5417    156.730     33.921    22.8054          4 0.0000e+00
    409.375     34.682    22.7222   5.167013     0.9108  1012.5000     0.2126 6.3482e+01     2.0856    179.456    35.7374    24.5751    155.086     34.487    22.7152          4 0.0000e+00
    410.375     35.038    22.6863   5.164339     0.8777  1015.0000     0.2139 6.3816e+01     2.0615    170.917    35.7459    24.5918    152.316     34.841    22.6792          4 0.0000e+00
    411.375     35.799    22.5107   5.143954     0.8208   995.0000     0.2172 4.6089e+01     2.0271    166.808    35.7304    24.6304    148.318     35.597    22.5034          4 0.0000e+00
    412.375     36.586    22.4007   5.133761     0.8208   935.0000     0.2222 4.9118e+01     1.9894    166.011    35.7407    24.6695    145.360     36.380    22.3933          4 0.0000e+00
    413.375     36.961    22.3848   5.132699     0.8263  1020.0000     0.2237 5.0302e+01     1.9632    162.083    35.7453    24.6776    143.720     36.753    22.3774          4 0.0000e+00
    414.375     37.408    22.3420   5.127925     0.7951   932.5000     0.2224 4.5532e+01     1.9403    158.962    35.7429    24.6879    141.611     37.198    22.3345          4 0.0000e+00
    415.250     37.780    22.2202   5.113900     0.8716  1020.0000     0.2243 4.3815e+01     1.9203    157.996    35.7329    24.7149    139.956     37.567    22.2127          3 0.0000e+00
    417.375     37.942    22.0553   5.097864     0.8942   987.5000     0.2689 4.4673e+01     1.8745    149.158    35.7426    24.7687    136.274     37.728    22.0478          4 0.0000e+00
    418.375     38.163    21.9430   5.085871     0.8484  1045.0000     0.2757 4.3734e+01     1.8611    147.276    35.7407    24.7989    136.159     37.947    21.9354          4 0.0000e+00
    419.375     38.340    21.8355   5.075141     0.8704  1010.0000     0.2839 4.1588e+01     1.8549    146.218    35.7447    24.8320    136.325     38.124    21.8279          4 0.0000e+00
    420.375     38.708    21.7329   5.064982     0.8465   972.5000     0.2920 4.0295e+01     1.8508    144.143    35.7490    24.8641    136.234     38.490    21.7253          4 0.0000e+00
    423.625     38.983    21.6489   5.057327     0.7970  1000.0000     0.3408 3.7392e+01     1.8487    139.185    35.7579    24.8942    136.694     38.764    21.6414          2 0.0000e+00
    424.375     39.103    21.6214   5.053715     1.0136  1002.5000     0.3337 4.0022e+01     1.8467    139.666    35.7520    24.8973    136.643     38.882    21.6137          4 0.0000e+00
    425.375     38.743    21.6307   5.054984     0.8465   905.0000     0.3283 4.2606e+01     1.8488    139.814    35.7544    24.8966    137.436     38.524    21.6232          4 0.0000e+00
    428.625     38.457    21.6582   5.057423     0.8337   930.0000     0.3288 4.4506e+01     1.8665    140.479    35.7510    24.8865    139.090     38.240    21.6507          2 0.0000e+00
    431.625     38.245    21.7396   5.065285     0.8447   950.0000     0.3304 4.5415e+01     1.8626    141.705    35.7460    24.8599    139.893     38.029    21.7321          2 0.0000e+00
    435.250     37.849    21.7459   5.065444     0.8569   976.6667     0.3245 4.5849e+01     1.9164    141.207    35.7422    24.8552    146.529     37.636    21.7385          3 0.0000e+00
    439.125     37.306    22.1043   5.102368     0.8777   960.0000     0.2800 5.1493e+01     1.9658    146.675    35.7379    24.7514    150.045     37.096    22.0969          2 0.0000e+00
    446.125     36.820    22.3554   5.127615     0.8557  1115.0000     0.2431 5.2230e+01     2.0356    158.248    35.7296    24.6740    154.061     36.613    22.3480          2 0.0000e+00
    462.500     36.536    22.3195   5.124990     0.9181   936.6667     0.2540 5.3150e+01     2.0958    147.777    35.7387    24.6911    164.387     36.331    22.3122          3 0.0000e+00
    463.375     35.899    22.3584   5.128419     0.8740  1015.0000     0.2497 5.7595e+01     2.1256    153.242    35.7339    24.6763    167.391     35.697    22.3512          4 0.0000e+00
    464.375     35.160    22.3996   5.132700     0.9071  1092.5000     0.2333 6.2510e+01     2.1625    158.326    35.7338    24.6645    171.955     34.962    22.3926          4 0.0000e+00
    465.375     34.531    22.4929   5.143000     0.8942  1097.5000     0.2204 6.7256e+01     2.2131    160.360    35.7380    24.6411    176.559     34.336    22.4860          4 0.0000e+00
    466.375     33.633    22.6298   5.157608     0.9365  1072.5000     0.2256 7.4696e+01     2.2398    162.661    35.7401    24.6035    174.862     33.444    22.6230          4 0.0000e+00
    467.375     32.993    22.7169   5.166238     0.9255  1155.0000     0.2161 8.1639e+01     2.2338    166.459    35.7363    24.5757    172.671     32.808    22.7102          4 0.0000e+00
    468.375     32.551    22.8346   5.178097     0.9475  1120.0000     0.2117 8.7986e+01     2.2380    169.955    35.7325    24.5389    175.407     32.368    22.8280          4 0.0000e+00
    469.375     31.569    23.1438   5.210777     0.7951  1007.5000     0.2299 9.4210e+01     2.2748    173.075    35.7340    24.4505    180.422     31.391    23.1373          4 0.0000e+00
    470.375     30.564    23.5893   5.251077     0.9439  1147.5000     0.3247 1.1193e+02     2.3161    177.863    35.6833    24.2820    182.151     30.393    23.5829          4 0.0000e+00
    471.375     30.259    24.0671   5.298814     1.0540  1207.5000     0.3187 1.1301e+02     2.3417    178.678    35.6628    24.1253    181.752     30.089    24.0607          4 0.0000e+00
    472.375     29.783    24.2965   5.316348     1.0338  1245.0000     0.2990 1.1779e+02     2.3579    173.549    35.6124    24.0185    182.085     29.615    24.2901          4 0.0000e+00
    473.375     28.681    24.6060   5.349491     0.9659  1205.0000     0.2664 1.4209e+02     2.3737    171.774    35.6159    23.9281    183.065     28.520    24.5998          4 0.0000e+00
    474.125     28.125    24.7118   5.356979     0.8961  1100.0000     0.2578 1.4326e+02     2.3914    175.356    35.5883    23.8753    184.969     27.967    24.7057          2 0.0000e+00
