cruises/P45_06/_audit/08_binavg_cnv/08d_binavg_1s_full/P45_06_CTD_10_1s.cnv
* Sea-Bird SBE19plus  Data File:
* FileName = C:\Users\OA_2023-03\Desktop\Bathymetry\ctd_casts\S2_18_04_26002.hex
* Software version 2.3.0 SB_Terminal.dll
* Temperature SN = 8460
* Conductivity SN = 8460
* System UpLoad Time = Apr 18 2026 16:40:21
* <ApplicationData>
* <SeatermAF>
** cast for s2
# nquan = 17
# nvalues = 216                         
# units = specified
# name 0 = timeS: Time, Elapsed [seconds]
# name 1 = prdM: Pressure, Strain Gauge [db]
# name 2 = tv290C: Temperature [ITS-90, deg C]
# name 3 = c0S/m: Conductivity [S/m]
# name 4 = flECO-AFL: Fluorescence, WET Labs ECO-AFL/FL [mg/m^3]
# name 5 = flECO-AFL1: Fluorescence, WET Labs ECO-AFL/FL, 2 [mg/m^3]
# name 6 = CStarAt0: Beam Attenuation, WET Labs C-Star [1/m]
# name 7 = par/sat/log: PAR/Logarithmic, Satlantic [umol photons/m^2/sec]
# name 8 = sbeox0V: Oxygen raw, SBE 43 [V]
# name 9 = sbeox0Mm/L: Oxygen, SBE 43 [umol/l]
# name 10 = sal00: Salinity, Practical [PSU]
# name 11 = sigma-é00: Density [sigma-theta, kg/m^3]
# name 12 = sbox0Mm/Kg: Oxygen, SBE 43 [umol/kg], WS = 2
# name 13 = depSM: Depth [salt water, m], lat = 5.51
# name 14 = potemp090C: Potential Temperature [ITS-90, deg C]
# name 15 = nbin: number of scans per bin
# name 16 = flag: flag
# span 0 =    209.625,    625.625       
# span 1 =     -0.086,     71.951       
# span 2 =    19.4913,    29.7551       
# span 3 =   4.839963,   5.854755       
# span 4 =     0.0000,     5.0203       
# span 5 =   -65.0000, 21000.0000       
# span 6 =     0.0793,     5.2665       
# span 7 = 2.9839e-01, 1.1938e+03       
# span 8 =     1.6111,     2.6884       
# span 9 =    119.827,    213.932       
# span 10 =    35.2936,    35.8343      
# span 11 =    22.0402,    25.5125      
# span 12 =    117.285,    212.118      
# span 13 =     -0.085,     71.539      
# span 14 =    19.4782,    29.7551      
# span 15 =          2,          4      
# span 16 = 0.0000e+00, 0.0000e+00      
# interval = seconds: 1                 
# start_time = Apr 18 2026 15:53:20 [Instrument's time stamp, header]
# bad_flag = -9.990e-29
*END*
[from data line 171]
    547.375     26.285    26.7348   5.554719     0.1469    90.0000     0.1024 4.2182e+01     2.6618    206.996    35.4636    23.1535    202.160     26.137    26.7288          4 0.0000e+00
    548.375     25.367    26.9370   5.572963     0.1359    65.0000     0.0980 4.5383e+01     2.6693    206.124    35.4401    23.0713    202.128     25.224    26.9311          4 0.0000e+00
    549.375     24.927    27.1905   5.595505     0.1487   217.5000     0.0957 4.4964e+01     2.6731    205.093    35.4081    22.9660    201.445     24.788    27.1848          4 0.0000e+00
    550.375     24.799    27.2931   5.601932     0.1322   180.0000     0.0939 4.4012e+01     2.6772    203.790    35.3761    22.9088    201.793     24.660    27.2874          4 0.0000e+00
    551.375     24.411    27.3570   5.607151     0.1194    52.5000     0.0936 4.7999e+01     2.6858    203.537    35.3648    22.8798    201.829     24.275    27.3514          4 0.0000e+00
    552.375     23.510    27.4322   5.613501     0.1304   107.5000     0.0936 5.1414e+01     2.6774    204.008    35.3533    22.8467    199.618     23.378    27.4268          4 0.0000e+00
    553.375     22.728    27.5002   5.618343     0.0881   117.5000     0.0975 5.3571e+01     2.6619    204.921    35.3364    22.8120    197.676     22.601    27.4949          4 0.0000e+00
    554.375     22.202    27.6600   5.633408     0.0881   115.0000     0.0954 5.4233e+01     2.6451    204.829    35.3226    22.7498    195.931     22.077    27.6549          4 0.0000e+00
    555.375     21.229    28.0658   5.677422     0.0973    12.5000     0.0916 5.7858e+01     2.6399    203.973    35.3277    22.6211    195.051     21.110    28.0608          4 0.0000e+00
    556.375     20.244    28.4244   5.714438     0.0606   125.0000     0.0908 6.0654e+01     2.6424    203.479    35.3188    22.4964    194.183     20.131    28.4196          4 0.0000e+00
    559.625     19.468    28.8419   5.757698     0.0404   -50.0000     0.0866 6.8460e+01     2.6335    195.590    35.3089    22.3504    192.114     19.358    28.8373          2 0.0000e+00
    560.375     18.323    28.8832   5.763066     0.0496   102.5000     0.0871 7.0921e+01     2.6353    195.703    35.3157    22.3416    191.967     18.221    28.8788          4 0.0000e+00
    564.375     16.905    29.0528   5.781215     0.0606    95.0000     0.0895 7.5169e+01     2.6300    194.793    35.3158    22.2849    190.729     16.810    29.0487          4 0.0000e+00
    565.375     16.104    29.0947   5.785762     0.0478   180.0000     0.0914 7.9911e+01     2.6314    195.565    35.3164    22.2712    190.923     16.014    29.0908          4 0.0000e+00
    566.375     15.907    29.1232   5.788758     0.0441     2.5000     0.0904 7.1267e+01     2.6324    195.275    35.3161    22.2614    190.644     15.819    29.1193          4 0.0000e+00
    567.375     15.368    29.1373   5.790458     0.0459    92.5000     0.0901 9.0748e+01     2.6282    194.193    35.3174    22.2576    190.186     15.282    29.1336          4 0.0000e+00
    568.375     14.627    29.1615   5.793012     0.0367    52.5000     0.0924 8.9603e+01     2.6291    194.902    35.3173    22.2495    190.372     14.545    29.1580          4 0.0000e+00
    569.375     13.999    29.1759   5.794378     0.0422    25.0000     0.0943 9.2829e+01     2.6290    194.682    35.3163    22.2438    190.294     13.921    29.1725          4 0.0000e+00
    570.375     13.349    29.2114   5.798630     0.0532   -22.5000     0.0951 9.6419e+01     2.6301    194.536    35.3195    22.2342    190.061     13.275    29.2082          4 0.0000e+00
    571.375     13.094    29.2378   5.801367     0.0441   122.5000     0.0930 9.5780e+01     2.6248    194.733    35.3189    22.2248    189.342     13.021    29.2346          4 0.0000e+00
    572.375     12.609    29.2506   5.802584     0.0404   150.0000     0.0933 1.1240e+02     2.6234    194.012    35.3180    22.2198    189.750     12.539    29.2476          4 0.0000e+00
    573.375     11.925    29.2712   5.804839     0.0533    70.0000     0.0935 1.2225e+02     2.6310    193.992    35.3185    22.2132    190.384     11.858    29.2683          4 0.0000e+00
    574.375     11.284    29.2846   5.806212     0.0478   112.5000     0.0956 1.1822e+02     2.6304    194.116    35.3182    22.2084    189.660     11.221    29.2818          4 0.0000e+00
    575.125     10.953    29.2945   5.807301     0.0551    90.0000     0.1001 1.1097e+02     2.6250    194.171    35.3184    22.2052    189.214     10.892    29.2918          2 0.0000e+00
    576.500     10.761    29.2996   5.807472     0.0343     6.6667     0.0929 1.4773e+02     2.6304    193.328    35.3159    22.2016    190.309     10.701    29.2970          3 0.0000e+00
    577.375      9.909    29.3143   5.809378     0.0459    92.5000     0.1007 1.6481e+02     2.6334    193.123    35.3184    22.1985    190.128      9.854    29.3119          4 0.0000e+00
    578.375      9.165    29.3281   5.810581     0.0496    77.5000     0.0973 1.3905e+02     2.6308    194.332    35.3167    22.1925    189.759      9.114    29.3259          4 0.0000e+00
    579.375      8.903    29.3278   5.810131     0.0606   125.0000     0.1003 1.5732e+02     2.6328    194.300    35.3140    22.1905    190.251      8.853    29.3256          4 0.0000e+00
    580.375      8.094    29.3277   5.810078     0.0404    45.0000     0.1014 1.8822e+02     2.6366    193.131    35.3139    22.1904    190.409      8.049    29.3257          4 0.0000e+00
    581.375      7.278    29.3333   5.810525     0.0404   -20.0000     0.0976 1.8424e+02     2.6356    193.814    35.3130    22.1878    190.104      7.237    29.3316          4 0.0000e+00
    582.375      7.105    29.3467   5.812110     0.0459    75.0000     0.0969 1.6082e+02     2.6351    194.582    35.3141    22.1841    190.246      7.065    29.3450          4 0.0000e+00
    583.375      6.521    29.3644   5.813381     0.0569   127.5000     0.0973 1.9186e+02     2.6389    193.895    35.3100    22.1750    190.518      6.485    29.3628          4 0.0000e+00
    584.375      5.466    29.4250   5.819994     0.0441    10.0000     0.0983 2.0529e+02     2.6383    193.835    35.3110    22.1551    189.884      5.436    29.4237          4 0.0000e+00
    585.375      4.995    29.5368   5.832292     0.0386   102.5000     0.0973 2.0897e+02     2.6349    194.181    35.3130    22.1188    189.375      4.967    29.5356          4 0.0000e+00
    586.375      4.626    29.5862   5.836614     0.0349   -27.5000     0.0985 2.2513e+02     2.6373    193.624    35.3064    22.0971    189.763      4.600    29.5850          4 0.0000e+00
    587.375      3.789    29.6418   5.843167     0.0349    67.5000     0.0981 2.8103e+02     2.6417    193.237    35.3105    22.0813    189.743      3.768    29.6409          4 0.0000e+00
    588.375      3.023    29.6854   5.847405     0.0367    35.0000     0.0954 2.4526e+02     2.6399    193.628    35.3077    22.0643    189.243      3.007    29.6846          4 0.0000e+00
    589.375      2.643    29.7093   5.849883     0.0386    -7.5000     0.0998 3.6225e+02     2.6399    193.455    35.3071    22.0557    189.216      2.628    29.7086          4 0.0000e+00
    590.375      2.023    29.7123   5.849843     0.0331    25.0000     0.1008 2.5107e+02     2.6381    192.736    35.3048    22.0529    188.986      2.012    29.7118          4 0.0000e+00
    591.125      1.329    29.7210   5.851110     0.0257    60.0000     0.1030 2.8604e+02     2.6379    192.819    35.3072    22.0517    189.111      1.321    29.7208          2 0.0000e+00
    607.625      1.265    29.7331   5.852707     0.0367   -20.0000     0.0953 1.1938e+03     2.5879    193.533    35.3093    22.0491    182.137      1.258    29.7328          2 0.0000e+00
    609.375      0.964    29.7319   5.852428     0.0349    90.0000     0.1008 4.1765e+02     2.5739    192.951    35.3084    22.0489    184.689      0.959    29.7317          4 0.0000e+00
    610.375      0.349    29.7342   5.852659     0.0441    35.0000     0.8518 7.3347e+02     2.5939    193.123    35.3084    22.0481    186.005      0.348    29.7341          4 0.0000e+00
    624.125     -0.025    29.7551   5.854755     0.0000   225.0000     5.2665 7.9245e+02     2.2072    189.203    35.3075    22.0402    147.961     -0.025    29.7551          2 0.0000e+00
    625.625     -0.086    29.7385   5.853418     5.0203 21000.0000     3.8187 8.4288e+02     2.1810    176.182    35.3105    22.0482    147.602     -0.085    29.7385          2 0.0000e+00
