cruises/P45_06/_audit/08_binavg_cnv/08d_binavg_1s_full/P45_06_CTD_04_1s.cnv
* Sea-Bird SBE19plus  Data File:
* FileName = C:\Users\OA_2023-03\Desktop\Bathymetry\ctd_casts\proble cast 2001.hex
* Software version 2.3.0 SB_Terminal.dll
* Temperature SN = 8460
* Conductivity SN = 8460
* System UpLoad Time = Apr 16 2026 17:48:13
* <ApplicationData>
* <SeatermAF>
# nquan = 17
# nvalues = 408                         
# units = specified
# name 0 = timeS: Time, Elapsed [seconds]
# name 1 = prdM: Pressure, Strain Gauge [db]
# name 2 = tv290C: Temperature [ITS-90, deg C]
# name 3 = c0S/m: Conductivity [S/m]
# name 4 = flECO-AFL: Fluorescence, WET Labs ECO-AFL/FL [mg/m^3]
# name 5 = flECO-AFL1: Fluorescence, WET Labs ECO-AFL/FL, 2 [mg/m^3]
# name 6 = CStarAt0: Beam Attenuation, WET Labs C-Star [1/m]
# name 7 = par/sat/log: PAR/Logarithmic, Satlantic [umol photons/m^2/sec]
# name 8 = sbeox0V: Oxygen raw, SBE 43 [V]
# name 9 = sbeox0Mm/L: Oxygen, SBE 43 [umol/l]
# name 10 = sal00: Salinity, Practical [PSU]
# name 11 = sigma-é00: Density [sigma-theta, kg/m^3]
# name 12 = sbox0Mm/Kg: Oxygen, SBE 43 [umol/kg], WS = 2
# name 13 = depSM: Depth [salt water, m], lat = 5.51
# name 14 = potemp090C: Potential Temperature [ITS-90, deg C]
# name 15 = nbin: number of scans per bin
# name 16 = flag: flag
# span 0 =    296.375,   1545.375       
# span 1 =      0.188,     92.762       
# span 2 =    18.2970,    29.5530       
# span 3 =   4.546000,   5.822294       
# span 4 =     0.0257,     1.5938       
# span 5 =  -102.5000,  3180.0000       
# span 6 =     0.0576,     8.6639       
# span 7 = 1.1804e-01, 4.7004e+02       
# span 8 =     1.3610,     2.5945       
# span 9 =     97.182,    202.998       
# span 10 =    32.9197,    35.8519      
# span 11 =    20.3504,    25.8134      
# span 12 =     93.435,    196.919      
# span 13 =      0.187,     92.227      
# span 14 =    18.2810,    29.5523      
# span 15 =          2,          4      
# span 16 = 0.0000e+00, 0.0000e+00      
# interval = seconds: 1                 
# start_time = Apr 16 2026 16:22:25 [Instrument's time stamp, header]
# bad_flag = -9.990e-29
*END*
    296.375      2.311    29.5433   5.820906     0.0331    10.0000     0.0775 1.8157e+02     2.5264    183.562    35.2313    22.0551    179.783      2.298    29.5427          4 0.0000e+00
    299.625      2.995    29.5530   5.822294     0.0331    35.0000     0.0779 1.0626e+02     2.5208    183.172    35.2334    22.0534    179.278      2.979    29.5523          2 0.0000e+00
    300.375      3.777    29.5430   5.821134     0.0294   -22.5000     0.0814 8.6349e+01     2.5237    183.722    35.2326    22.0564    179.897      3.756    29.5421          4 0.0000e+00
    301.375      4.547    29.5041   5.816375     0.0275     5.0000     0.0786 1.0331e+02     2.5310    184.022    35.2284    22.0664    180.340      4.521    29.5030          4 0.0000e+00
    302.375      4.983    29.4883   5.815384     0.0386    40.0000     0.0771 1.0143e+02     2.5240    183.933    35.2331    22.0753    179.261      4.955    29.4871          4 0.0000e+00
    303.375      5.614    29.4132   5.806921     0.0275    -7.5000     0.0797 8.5592e+01     2.5205    183.680    35.2301    22.0985    179.582      5.582    29.4118          4 0.0000e+00
    304.375      6.344    29.3320   5.798239     0.0496     0.0000     0.0797 9.3353e+01     2.5219    183.601    35.2301    22.1259    180.160      6.308    29.3304          4 0.0000e+00
    305.375      7.014    29.2853   5.793885     0.0312     5.0000     0.0814 8.3949e+01     2.5231    184.288    35.2344    22.1450    180.372      6.975    29.2836          4 0.0000e+00
    306.375      7.885    29.2199   5.786652     0.0404    12.5000     0.0824 7.7454e+01     2.5240    185.596    35.2326    22.1657    180.693      7.841    29.2179          4 0.0000e+00
    307.375      8.698    29.1783   5.782821     0.0587     0.0000     0.0865 8.6503e+01     2.5244    184.771    35.2366    22.1827    180.700      8.649    29.1762          4 0.0000e+00
    308.375      9.228    29.1666   5.781997     0.0386   -37.5000     0.0873 8.2419e+01     2.5231    184.001    35.2395    22.1889    180.821      9.177    29.1643          4 0.0000e+00
    309.375      9.662    29.1622   5.781795     0.0386    45.0000     0.0873 7.9899e+01     2.5264    184.559    35.2412    22.1916    181.320      9.608    29.1599          4 0.0000e+00
    310.375     10.413    29.1502   5.781054     0.0367    40.0000     0.0897 8.2362e+01     2.5310    184.891    35.2447    22.1983    181.742     10.355    29.1477          4 0.0000e+00
    311.375     11.264    29.1372   5.780404     0.0331    -7.5000     0.0901 7.8390e+01     2.5319    184.999    35.2496    22.2064    181.673     11.202    29.1344          4 0.0000e+00
    312.375     11.895    29.1241   5.779346     0.0404    12.5000     0.0892 7.4786e+01     2.5330    185.101    35.2518    22.2126    181.929     11.829    29.1212          4 0.0000e+00
    313.375     12.446    29.1060   5.777997     0.0404    47.5000     0.0893 7.3638e+01     2.5352    184.848    35.2557    22.2216    182.236     12.377    29.1029          4 0.0000e+00
    314.375     13.325    29.0710   5.775171     0.0441    40.0000     0.0908 7.2012e+01     2.5382    185.469    35.2618    22.2380    182.730     13.251    29.0677          4 0.0000e+00
    315.375     14.191    29.0407   5.772997     0.0349    55.0000     0.0919 7.0347e+01     2.5423    186.209    35.2689    22.2535    183.373     14.112    29.0373          4 0.0000e+00
    316.375     14.540    29.0190   5.771100     0.0367     0.0000     0.0923 6.9760e+01     2.5510    186.321    35.2718    22.2630    184.555     14.458    29.0155          4 0.0000e+00
    317.375     15.035    28.9843   5.768094     0.0422   -15.0000     0.0917 6.7462e+01     2.5609    186.307    35.2766    22.2782    185.478     14.951    28.9807          4 0.0000e+00
    318.375     15.844    28.9022   5.759988     0.0459    32.5000     0.0953 6.7594e+01     2.5703    186.838    35.2811    22.3091    186.851     15.755    28.8984          4 0.0000e+00
    319.375     16.543    28.7914   5.748876     0.0587    87.5000     0.0980 6.5776e+01     2.5839    187.513    35.2861    22.3500    188.491     16.450    28.7874          4 0.0000e+00
    320.375     17.017    28.7095   5.741226     0.0570    75.0000     0.1024 6.1399e+01     2.5945    188.321    35.2938    22.3829    189.118     16.922    28.7054          4 0.0000e+00
    321.375     17.673    28.5796   5.729025     0.0606   125.0000     0.1054 5.7747e+01     2.5931    189.607    35.3054    22.4348    188.488     17.574    28.5753          4 0.0000e+00
    322.375     18.633    28.3212   5.701837     0.0918    35.0000     0.1039 5.0560e+01     2.5818    191.670    35.3083    22.5225    187.941     18.529    28.3167          4 0.0000e+00
    323.375     19.145    28.1848   5.690887     0.0900    32.5000     0.1117 5.6588e+01     2.5715    193.086    35.3336    22.5864    187.720     19.039    28.1803          4 0.0000e+00
    324.375     19.408    28.1193   5.685530     0.0881    75.0000     0.1141 5.5226e+01     2.5663    194.911    35.3451    22.6166    187.655     19.300    28.1147          4 0.0000e+00
    325.375     20.062    27.9749   5.672366     0.0955    47.5000     0.1138 4.6649e+01     2.5619    196.270    35.3608    22.6758    188.134     19.950    27.9702          4 0.0000e+00
    326.375     21.014    27.7764   5.654527     0.0717    20.0000     0.1187 4.2060e+01     2.5675    196.177    35.3843    22.7583    189.953     20.896    27.7714          4 0.0000e+00
    327.375     21.576    27.6680   5.645632     0.1010    75.0000     0.1262 4.8443e+01     2.5767    194.600    35.4031    22.8077    191.318     21.456    27.6630          4 0.0000e+00
    328.375     22.041    27.5935   5.639129     0.0808    52.5000     0.1273 4.2637e+01     2.5865    193.497    35.4134    22.8396    191.841     21.917    27.5883          4 0.0000e+00
    329.375     22.871    27.3644   5.617117     0.0955   212.5000     0.1214 3.4625e+01     2.5817    193.809    35.4305    22.9267    191.618     22.743    27.3591          4 0.0000e+00
    330.375     23.770    26.9388   5.576519     0.1193    75.0000     0.1218 3.6466e+01     2.5807    194.901    35.4647    23.0891    193.250     23.637    26.9334          4 0.0000e+00
    331.125     24.156    26.6505   5.551227     0.1396   100.0000     0.1257 3.9291e+01     2.5818    196.453    35.5037    23.2104    194.185     24.020    26.6450          2 0.0000e+00
    332.375     24.332    26.4570   5.536386     0.1102   130.0000     0.1228 3.8176e+01     2.5777    199.552    35.5456    23.3032    194.090     24.196    26.4515          4 0.0000e+00
    333.375     24.923    26.0726   5.495842     0.1377    95.0000     0.1218 3.2392e+01     2.5726    201.540    35.5482    23.4260    194.889     24.784    26.0670          4 0.0000e+00
    334.375     25.575    25.8005   5.471966     0.1469   177.5000     0.1249 3.1946e+01     2.5682    201.722    35.5853    23.5389    195.188     25.432    25.7948          4 0.0000e+00
    335.375     26.345    25.6839   5.461995     0.1414   170.0000     0.1269 2.6594e+01     2.5602    201.515    35.6028    23.5885    194.573     26.197    25.6780          4 0.0000e+00
    336.375     27.203    25.5746   5.451273     0.1671   187.5000     0.1215 2.6180e+01     2.5508    202.333    35.6092    23.6271    194.001     27.051    25.5686          4 0.0000e+00
    337.375     27.765    25.4861   5.442621     0.1543   187.5000     0.1197 2.6939e+01     2.5418    202.192    35.6145    23.6585    193.628     27.609    25.4800          4 0.0000e+00
    338.375     28.364    25.3777   5.432349     0.1671   125.0000     0.1199 2.4331e+01     2.5365    201.759    35.6236    23.6988    193.581     28.204    25.3715          4 0.0000e+00
    339.375     28.957    25.1525   5.408080     0.1800   217.5000     0.1202 2.3824e+01     2.5285    201.990    35.6208    23.7658    193.467     28.795    25.1462          4 0.0000e+00
    340.375     29.550    24.9981   5.394184     0.1946   192.5000     0.1195 2.1737e+01     2.5220    201.691    35.6390    23.8268    193.693     29.384    24.9917          4 0.0000e+00
    341.375     30.197    24.8216   5.377259     0.1928   227.5000     0.1254 2.0804e+01     2.5211    201.036    35.6523    23.8905    194.464     30.028    24.8151          4 0.0000e+00
    342.375     30.503    24.6435   5.360269     0.2240   245.0000     0.1264 2.2151e+01     2.5167    200.781    35.6663    23.9551    193.263     30.332    24.6369          4 0.0000e+00
    343.375     31.179    24.4009   5.335611     0.2295   252.5000     0.1244 1.7215e+01     2.4916    201.131    35.6738    24.0338    190.055     31.004    24.3943          4 0.0000e+00
    344.375     32.140    24.1592   5.311475     0.2295   225.0000     0.1252 1.6078e+01     2.4600    201.460    35.6844    24.1142    187.844     31.959    24.1524          4 0.0000e+00
    345.625     32.452    24.0658   5.303974     0.2718   250.0000     0.1272 1.8747e+01     2.4279    201.009    35.7022    24.1556    185.595     32.270    24.0590          2 0.0000e+00
    346.375     32.756    23.9089   5.289330     0.2626   302.5000     0.1261 1.7526e+01     2.4129    201.742    35.7169    24.2132    185.053     32.572    23.9021          4 0.0000e+00
    347.375     33.350    23.4424   5.239867     0.2956   315.0000     0.1260 1.6340e+01     2.3967    202.998    35.7150    24.3492    184.662     33.162    23.4355          4 0.0000e+00
    348.375     33.878    23.1012   5.209692     0.2938   257.5000     0.1261 1.6003e+01     2.3685    200.346    35.7595    24.4824    179.127     33.688    23.0942          4 0.0000e+00
    349.375     34.648    22.7958   5.178676     0.2773   302.5000     0.1334 1.3301e+01     2.2856    196.421    35.7679    24.5771    166.632     34.453    22.7887          4 0.0000e+00
    350.375     35.444    22.6538   5.167314     0.2773   310.0000     0.1436 1.3074e+01     2.1845    194.612    35.7955    24.6389    158.760     35.245    22.6466          4 0.0000e+00
    351.375     35.992    22.5869   5.162206     0.3416   302.5000     0.1358 1.3023e+01     2.1254    193.209    35.8104    24.6693    157.704     35.789    22.5796          4 0.0000e+00
    352.375     36.752    22.2606   5.129111     0.5693   610.0000     0.1226 1.0615e+01     2.1070    192.849    35.8194    24.7690    161.763     36.545    22.2532          4 0.0000e+00
    353.375     37.639    21.7148   5.062765     0.9438  1052.5000     0.1199 1.0503e+01     2.1238    191.508    35.7469    24.8674    164.319     37.427    21.7073          4 0.0000e+00
    355.625     38.069    21.5411   5.052097     0.9548  1075.0000     0.1220 1.0395e+01     2.0351    160.743    35.8062    24.9609    150.051     37.855    21.5337          2 0.0000e+00
    356.375     38.719    21.4823   5.051699     0.9071  1135.0000     0.1407 7.9705e+00     1.9991    159.316    35.8519    25.0120    145.985     38.501    21.4748          4 0.0000e+00
    357.375     39.644    21.2493   5.024150     0.9126   940.0000     0.1574 7.7810e+00     1.9425    163.159    35.8261    25.0567    140.180     39.420    21.2416          4 0.0000e+00
    358.375     40.312    21.1119   5.010209     0.8226   912.5000     0.1521 8.4592e+00     1.8884    171.044    35.8291    25.0967    136.308     40.085    21.1041          4 0.0000e+00
    359.375     40.652    21.0374   5.001328     0.8208   885.0000     0.1507 8.5491e+00     1.8516    167.412    35.8200    25.1102    134.517     40.422    21.0296          4 0.0000e+00
    360.375     41.169    20.9230   4.987787     0.7345   885.0000     0.1499 7.3257e+00     1.8257    157.845    35.8068    25.1314    133.131     40.937    20.9151          4 0.0000e+00
    361.375     41.750    20.7431   4.967059     0.7015   692.5000     0.1416 7.0146e+00     1.8040    151.946    35.7904    25.1678    130.954     41.515    20.7352          4 0.0000e+00
    362.375     42.259    20.6099   4.954440     0.6280   725.0000     0.1351 6.7521e+00     1.7731    145.715    35.8003    25.2114    126.757     42.020    20.6019          4 0.0000e+00
    363.375     42.838    20.5152   4.945466     0.6409   670.0000     0.1334 6.0725e+00     1.7347    139.579    35.8071    25.2422    122.422     42.596    20.5071          4 0.0000e+00
    364.375     43.626    20.4487   4.939202     0.6592   607.5000     0.1305 5.1537e+00     1.6956    137.324    35.8121    25.2639    118.449     43.380    20.4405          4 0.0000e+00
    365.375     44.395    20.3283   4.926796     0.5582   612.5000     0.1240 5.3497e+00     1.6575    136.721    35.8127    25.2967    115.227     44.144    20.3199          4 0.0000e+00
    366.375     44.874    20.1395   4.905463     0.5472   412.5000     0.1206 5.6007e+00     1.6264    135.922    35.7982    25.3359    113.375     44.621    20.1311          4 0.0000e+00
    367.375     45.334    19.9824   4.890056     0.4297   402.5000     0.1198 5.2083e+00     1.6032    132.584    35.8052    25.3830    112.134     45.078    19.9740          4 0.0000e+00
    368.375     45.942    19.7585   4.865304     0.3838   322.5000     0.1169 4.6608e+00     1.5849    127.532    35.7921    25.4320    111.050     45.682    19.7500          4 0.0000e+00
    369.375     46.538    19.5950   4.849401     0.3691   297.5000     0.1113 4.4973e+00     1.5675    123.126    35.8001    25.4810    109.741     46.275    19.5865          4 0.0000e+00
    370.375     47.046    19.4896   4.838548     0.3361   302.5000     0.1069 4.3560e+00     1.5531    119.206    35.8002    25.5087    108.786     46.780    19.4810          4 0.0000e+00
    371.375     47.711    19.4259   4.832788     0.3287   315.0000     0.1039 3.6625e+00     1.5402    116.540    35.8068    25.5303    107.428     47.441    19.4172          4 0.0000e+00
    372.375     48.478    19.3133   4.820241     0.2534   240.0000     0.0974 3.5671e+00     1.5247    115.326    35.7988    25.5534    106.144     48.203    19.3045          4 0.0000e+00
    373.375     48.845    19.2498   4.814074     0.2700   282.5000     0.0964 3.9520e+00     1.5142    114.479    35.8019    25.5722    105.850     48.568    19.2410          4 0.0000e+00
    374.375     49.183    19.2108   4.810485     0.2589   260.0000     0.0941 3.6572e+00     1.5081    113.067    35.8054    25.5849    105.761     48.905    19.2020          4 0.0000e+00
    375.375     49.801    19.0934   4.797034     0.2332   227.5000     0.0917 3.2784e+00     1.5037    111.913    35.7938    25.6063    105.735     49.519    19.0845          4 0.0000e+00
    376.375     50.230    19.0245   4.790416     0.2057   217.5000     0.0881 3.4984e+00     1.5010    111.095    35.7976    25.6270    105.774     49.946    19.0155          4 0.0000e+00
    377.375     50.651    19.0144   4.790052     0.1983   212.5000     0.0878 3.2576e+00     1.4991    109.313    35.8032    25.6339    105.714     50.364    19.0053          4 0.0000e+00
    378.375     51.400    19.0060   4.789033     0.2001   245.0000     0.0857 2.5885e+00     1.4979    108.328    35.8016    25.6349    105.648     51.108    18.9968          4 0.0000e+00
    379.375     52.279    19.0027   4.788779     0.1983   240.0000     0.0812 2.5732e+00     1.4964    108.422    35.8020    25.6361    105.412     51.982    18.9934          4 0.0000e+00
    381.500     52.711    19.0074   4.789013     0.2057   233.3333     0.0761 2.7976e+00     1.4912    108.332    35.7998    25.6331    104.744     52.412    18.9980          3 0.0000e+00
    382.375     53.314    18.9947   4.787862     0.2057   202.5000     0.0750 2.2343e+00     1.4895    108.358    35.8008    25.6372    104.716     53.011    18.9852          4 0.0000e+00
    383.375     54.068    18.9487   4.783109     0.1873   237.5000     0.0728 2.3812e+00     1.4880    108.440    35.8004    25.6488    104.671     53.761    18.9390          4 0.0000e+00
    384.375     54.341    18.9227   4.780572     0.1983   210.0000     0.0723 2.5666e+00     1.4862    108.384    35.8015    25.6562    104.250     54.033    18.9130          4 0.0000e+00
