cruises/P45_06/_audit/08_binavg_cnv/08d_binavg_1s_full/P45_06_CTD_04_1s.cnv
* Sea-Bird SBE19plus  Data File:
* FileName = C:\Users\OA_2023-03\Desktop\Bathymetry\ctd_casts\proble cast 2001.hex
* Software version 2.3.0 SB_Terminal.dll
* Temperature SN = 8460
* Conductivity SN = 8460
* System UpLoad Time = Apr 16 2026 17:48:13
* <ApplicationData>
* <SeatermAF>
# nquan = 17
# nvalues = 408                         
# units = specified
# name 0 = timeS: Time, Elapsed [seconds]
# name 1 = prdM: Pressure, Strain Gauge [db]
# name 2 = tv290C: Temperature [ITS-90, deg C]
# name 3 = c0S/m: Conductivity [S/m]
# name 4 = flECO-AFL: Fluorescence, WET Labs ECO-AFL/FL [mg/m^3]
# name 5 = flECO-AFL1: Fluorescence, WET Labs ECO-AFL/FL, 2 [mg/m^3]
# name 6 = CStarAt0: Beam Attenuation, WET Labs C-Star [1/m]
# name 7 = par/sat/log: PAR/Logarithmic, Satlantic [umol photons/m^2/sec]
# name 8 = sbeox0V: Oxygen raw, SBE 43 [V]
# name 9 = sbeox0Mm/L: Oxygen, SBE 43 [umol/l]
# name 10 = sal00: Salinity, Practical [PSU]
# name 11 = sigma-é00: Density [sigma-theta, kg/m^3]
# name 12 = sbox0Mm/Kg: Oxygen, SBE 43 [umol/kg], WS = 2
# name 13 = depSM: Depth [salt water, m], lat = 5.51
# name 14 = potemp090C: Potential Temperature [ITS-90, deg C]
# name 15 = nbin: number of scans per bin
# name 16 = flag: flag
# span 0 =    296.375,   1545.375       
# span 1 =      0.188,     92.762       
# span 2 =    18.2970,    29.5530       
# span 3 =   4.546000,   5.822294       
# span 4 =     0.0257,     1.5938       
# span 5 =  -102.5000,  3180.0000       
# span 6 =     0.0576,     8.6639       
# span 7 = 1.1804e-01, 4.7004e+02       
# span 8 =     1.3610,     2.5945       
# span 9 =     97.182,    202.998       
# span 10 =    32.9197,    35.8519      
# span 11 =    20.3504,    25.8134      
# span 12 =     93.435,    196.919      
# span 13 =      0.187,     92.227      
# span 14 =    18.2810,    29.5523      
# span 15 =          2,          4      
# span 16 = 0.0000e+00, 0.0000e+00      
# interval = seconds: 1                 
# start_time = Apr 16 2026 16:22:25 [Instrument's time stamp, header]
# bad_flag = -9.990e-29
*END*
[from data line 171]
    598.125     87.047    18.2989   4.715630     0.0918   195.0000     0.0930 1.1973e-01     1.4181    101.272    35.7817    25.8002     98.868     86.547    18.2837          2 0.0000e+00
    600.375     86.848    18.3012   4.715878     0.1707   252.5000     0.0958 1.4252e-01     1.4186    101.319    35.7819    25.7999     99.142     86.349    18.2861          4 0.0000e+00
    601.375     86.358    18.3007   4.715782     0.1047   212.5000     0.0866 1.6147e-01     1.4192    101.402    35.7817    25.7998     99.118     85.861    18.2857          4 0.0000e+00
    602.250     85.963    18.3005   4.715712     0.1053   226.6667     0.0860 1.6611e-01     1.4194    101.636    35.7814    25.7996     99.043     85.469    18.2855          3 0.0000e+00
    604.375     85.506    18.3022   4.715890     0.1267   252.5000     0.0886 1.4634e-01     1.4196    101.366    35.7816    25.7993     99.203     85.014    18.2874          4 0.0000e+00
    605.375     84.727    18.3015   4.715760     0.0936   212.5000     0.0886 1.6669e-01     1.4202    101.602    35.7815    25.7994     99.227     84.240    18.2867          4 0.0000e+00
    606.375     84.336    18.3009   4.715696     0.1084   180.0000     0.0884 1.7970e-01     1.4205    101.735    35.7816    25.7996     99.122     83.852    18.2862          4 0.0000e+00
    607.375     84.187    18.3009   4.715682     0.0936   227.5000     0.0963 1.7322e-01     1.4195    101.655    35.7815    25.7995     98.974     83.703    18.2862          4 0.0000e+00
    608.375     83.709    18.3060   4.716264     0.1065   205.0000     0.0864 2.1311e-01     1.4193    101.514    35.7822    25.7987     99.046     83.228    18.2915          4 0.0000e+00
    609.375     83.131    18.3072   4.716280     0.0881   205.0000     0.0838 2.0872e-01     1.4197    101.641    35.7815    25.7979     99.061     82.653    18.2927          4 0.0000e+00
    612.375     82.751    18.3057   4.716085     0.1414   207.5000     0.0852 2.1243e-01     1.4185    101.540    35.7813    25.7981     98.994     82.276    18.2912          4 0.0000e+00
    613.375     82.573    18.3047   4.716020     0.0936   240.0000     0.0862 2.2325e-01     1.4195    101.467    35.7817    25.7987     99.191     82.099    18.2903          4 0.0000e+00
    614.375     82.412    18.3032   4.715836     0.0826   235.0000     0.0856 2.0940e-01     1.4202    101.640    35.7815    25.7988     99.160     81.939    18.2888          4 0.0000e+00
    615.375     82.103    18.3030   4.715853     0.1028   182.5000     0.0857 2.2236e-01     1.4202    101.533    35.7819    25.7992     99.125     81.632    18.2888          4 0.0000e+00
    616.375     81.804    18.3042   4.715914     0.0973   192.5000     0.0862 2.1947e-01     1.4202    101.430    35.7815    25.7985     99.120     81.335    18.2900          4 0.0000e+00
    617.375     81.216    18.3091   4.716441     0.0808   145.0000     0.0854 2.1943e-01     1.4202    101.420    35.7820    25.7977     99.072     80.751    18.2949          4 0.0000e+00
    618.375     80.698    18.3171   4.717202     0.1047   170.0000     0.0816 2.2764e-01     1.4199    101.625    35.7816    25.7954     99.026     80.235    18.3030          4 0.0000e+00
    619.375     80.532    18.3167   4.717077     0.1028   232.5000     0.0789 2.4779e-01     1.4200    101.773    35.7810    25.7950     99.056     80.070    18.3027          4 0.0000e+00
    620.375     80.302    18.3121   4.716551     0.0881   197.5000     0.0824 2.6760e-01     1.4199    101.664    35.7806    25.7959     99.086     79.841    18.2981          4 0.0000e+00
    621.375     79.768    18.3145   4.716837     0.1120   197.5000     0.0827 2.3654e-01     1.4205    101.630    35.7811    25.7956     99.254     79.311    18.3006          4 0.0000e+00
    622.125     79.368    18.3193   4.717367     0.1212   185.0000     0.0806 2.6813e-01     1.4213    101.658    35.7816    25.7948     99.260     78.912    18.3055          2 0.0000e+00
    624.625     79.248    18.3361   4.718946     0.0844   185.0000     0.0765 2.9107e-01     1.4209    101.518    35.7805    25.7897     99.207     78.793    18.3223          2 0.0000e+00
    625.375     78.791    18.3363   4.718910     0.0863   185.0000     0.0783 2.5627e-01     1.4217    101.549    35.7802    25.7894     99.182     78.340    18.3226          4 0.0000e+00
    626.125     78.438    18.3362   4.718856     0.1028   145.0000     0.0782 2.8462e-01     1.4214    101.562    35.7799    25.7893     99.026     77.989    18.3225          2 0.0000e+00
    628.375     78.085    18.3356   4.718827     0.1194   232.5000     0.0768 2.7849e-01     1.4212    101.649    35.7803    25.7896     99.152     77.637    18.3220          4 0.0000e+00
    629.375     77.453    18.3350   4.718731     0.0973   240.0000     0.0786 3.0564e-01     1.4211    101.550    35.7802    25.7897     99.149     77.009    18.3215          4 0.0000e+00
    631.500     77.196    18.3341   4.718628     0.0759   206.6667     0.0766 3.1103e-01     1.4215    101.607    35.7802    25.7899     99.243     76.754    18.3207          3 0.0000e+00
    632.375     76.804    18.3344   4.718662     0.1084   195.0000     0.0766 3.2840e-01     1.4227    101.518    35.7805    25.7900     99.345     76.364    18.3210          4 0.0000e+00
    633.250     76.357    18.3342   4.718596     0.1175   236.6667     0.0784 3.3974e-01     1.4223    101.685    35.7803    25.7899     99.177     75.919    18.3209          3 0.0000e+00
    635.500     76.059    18.3339   4.718596     0.0759   226.6667     0.0772 3.4256e-01     1.4234    101.791    35.7806    25.7903     99.342     75.624    18.3206          3 0.0000e+00
    636.375     75.403    18.3372   4.718894     0.0973   207.5000     0.0764 3.4799e-01     1.4227    101.698    35.7805    25.7893     99.221     74.972    18.3241          4 0.0000e+00
    637.125     75.055    18.3387   4.719027     0.1322   170.0000     0.0765 3.4656e-01     1.4231    101.819    35.7805    25.7889     99.275     74.626    18.3256          2 0.0000e+00
    639.375     74.827    18.3359   4.718675     0.0881   227.5000     0.0741 3.6138e-01     1.4230    101.755    35.7800    25.7892     99.383     74.399    18.3228          4 0.0000e+00
    640.375     74.389    18.3448   4.719631     0.1120   237.5000     0.0712 3.6596e-01     1.4238    101.935    35.7805    25.7874     99.404     73.963    18.3318          4 0.0000e+00
    643.500     73.980    18.3650   4.721489     0.1004   190.0000     0.0657 3.7441e-01     1.4236    101.694    35.7789    25.7810     99.284     73.557    18.3521          3 0.0000e+00
    644.375     73.343    18.3655   4.721503     0.1102   190.0000     0.0675 3.9830e-01     1.4229    101.789    35.7788    25.7808     99.149     72.923    18.3527          4 0.0000e+00
    647.375     72.466    18.3772   4.722677     0.1230   200.0000     0.0670 4.1586e-01     1.4262    101.638    35.7790    25.7779     99.538     72.052    18.3645          4 0.0000e+00
    648.250     71.912    18.3891   4.723890     0.1102   206.6667     0.0634 4.4088e-01     1.4263    101.752    35.7791    25.7750     99.526     71.501    18.3765          3 0.0000e+00
    650.500     71.762    18.3972   4.724503     0.1126   273.3333     0.0625 4.5844e-01     1.4254    101.738    35.7773    25.7716     99.495     71.352    18.3847          3 0.0000e+00
    651.375     71.368    18.4022   4.725060     0.1102   110.0000     0.0614 4.5076e-01     1.4269    102.199    35.7778    25.7707     99.634     70.960    18.3897          4 0.0000e+00
    652.375     70.827    18.3993   4.724640     0.1212   187.5000     0.0630 4.6891e-01     1.4268    102.275    35.7770    25.7708     99.518     70.423    18.3869          4 0.0000e+00
    654.625     70.629    18.4059   4.725339     0.0919   185.0000     0.0597 4.9762e-01     1.4266    102.027    35.7772    25.7693     99.395     70.225    18.3936          2 0.0000e+00
    655.375     70.163    18.4074   4.725433     0.1083   245.0000     0.0590 4.9226e-01     1.4261    101.872    35.7769    25.7687     99.414     69.762    18.3951          4 0.0000e+00
    656.125     69.737    18.4070   4.725354     0.1249   240.0000     0.0596 5.2736e-01     1.4264    102.152    35.7767    25.7685     99.475     69.340    18.3948          2 0.0000e+00
    658.375     69.321    18.4066   4.725283     0.0863   217.5000     0.0586 5.2462e-01     1.4264    102.007    35.7766    25.7687     99.563     68.925    18.3945          4 0.0000e+00
    659.375     68.749    18.4074   4.725304     0.1010   252.5000     0.0582 5.3613e-01     1.4276    102.106    35.7763    25.7682     99.489     68.357    18.3954          4 0.0000e+00
    661.625     68.462    18.4132   4.725822     0.1102   200.0000     0.0576 5.6856e-01     1.4250    102.033    35.7759    25.7664     99.545     68.072    18.4012          2 0.0000e+00
    662.375     68.064    18.4173   4.726181     0.1120   192.5000     0.0576 5.4951e-01     1.4268    101.983    35.7754    25.7649     99.777     67.676    18.4054          4 0.0000e+00
    663.375     67.532    18.4279   4.727355     0.1230   155.0000     0.0579 5.8599e-01     1.4285    101.957    35.7764    25.7630     99.835     67.147    18.4161          4 0.0000e+00
    666.375     67.120    18.4425   4.728796     0.1194   212.5000     0.0592 5.7830e-01     1.4298    101.421    35.7761    25.7591     99.696     66.737    18.4308          4 0.0000e+00
    667.375     66.557    18.4474   4.729287     0.1102   205.0000     0.0589 5.9642e-01     1.4301    102.114    35.7762    25.7579     99.754     66.177    18.4358          4 0.0000e+00
    668.375     66.234    18.4528   4.729840     0.0937   235.0000     0.0592 6.4316e-01     1.4298    102.453    35.7763    25.7566     99.682     65.856    18.4412          4 0.0000e+00
    670.375     66.073    18.4558   4.730072     0.1102   212.5000     0.0581 6.5510e-01     1.4307    102.568    35.7757    25.7554     99.861     65.696    18.4442          4 0.0000e+00
    671.375     65.659    18.4560   4.730066     0.0992   187.5000     0.0594 6.6790e-01     1.4312    102.253    35.7756    25.7552     99.936     65.285    18.4446          4 0.0000e+00
    672.375     65.271    18.4563   4.730098     0.1267   200.0000     0.0592 6.9920e-01     1.4317    102.246    35.7758    25.7553     99.968     64.899    18.4449          4 0.0000e+00
    674.500     65.048    18.4555   4.730034     0.1126   226.6667     0.0584 7.2428e-01     1.4319    102.267    35.7760    25.7557     99.907     64.678    18.4441          3 0.0000e+00
    675.375     64.555    18.4546   4.729886     0.1432   220.0000     0.0587 7.0340e-01     1.4322    102.429    35.7758    25.7557    100.018     64.188    18.4433          4 0.0000e+00
    676.250     64.196    18.4562   4.730056     0.1396   253.3333     0.0602 7.4864e-01     1.4329    102.464    35.7760    25.7554    100.152     63.831    18.4449          3 0.0000e+00
    678.625     64.100    18.4725   4.731774     0.1139   200.0000     0.0612 7.5236e-01     1.4337    102.541    35.7764    25.7516    100.232     63.735    18.4613          2 0.0000e+00
    679.375     63.671    18.4789   4.732373     0.1084   227.5000     0.0611 7.4604e-01     1.4349    102.457    35.7760    25.7498    100.400     63.309    18.4677          4 0.0000e+00
    680.375     63.058    18.4934   4.733988     0.1855   220.0000     0.0614 7.7740e-01     1.4366    102.412    35.7774    25.7471    100.526     62.699    18.4823          4 0.0000e+00
    681.375     62.874    18.5059   4.735196     0.1322   220.0000     0.0627 7.9197e-01     1.4374    102.581    35.7768    25.7436    100.486     62.516    18.4949          4 0.0000e+00
    682.375     62.690    18.5209   4.736812     0.1212   237.5000     0.0624 8.2835e-01     1.4379    102.639    35.7775    25.7403    100.505     62.333    18.5099          4 0.0000e+00
    683.375     62.301    18.5312   4.737811     0.1322   212.5000     0.0628 8.1666e-01     1.4385    102.549    35.7772    25.7374    100.539     61.947    18.5203          4 0.0000e+00
    684.375     61.936    18.5346   4.738039     0.1304   247.5000     0.0643 8.5616e-01     1.4392    102.740    35.7763    25.7358    100.587     61.584    18.5237          4 0.0000e+00
    686.625     61.765    18.5363   4.738217     0.1506   240.0000     0.0625 9.0461e-01     1.4390    103.109    35.7764    25.7355    100.545     61.413    18.5254          2 0.0000e+00
    687.375     61.481    18.5366   4.738208     0.1138   205.0000     0.0615 9.0024e-01     1.4392    103.055    35.7762    25.7352    100.495     61.132    18.5258          4 0.0000e+00
    688.375     61.081    18.5371   4.738250     0.1341   240.0000     0.0638 8.9391e-01     1.4384    103.111    35.7762    25.7352    100.228     60.733    18.5263          4 0.0000e+00
    689.375     60.778    18.5375   4.738278     0.1157   245.0000     0.0633 9.3367e-01     1.4371    103.172    35.7762    25.7350    100.223     60.432    18.5268          4 0.0000e+00
    690.375     60.416    18.5382   4.738327     0.1176   247.5000     0.0624 9.4625e-01     1.4376    103.123    35.7762    25.7348    100.456     60.073    18.5276          4 0.0000e+00
    691.375     59.935    18.5390   4.738372     0.1212   205.0000     0.0626 9.6999e-01     1.4388    102.990    35.7761    25.7344    100.551     59.594    18.5284          4 0.0000e+00
    692.375     59.735    18.5401   4.738527     0.1763   265.0000     0.0619 9.8805e-01     1.4388    103.093    35.7764    25.7345    100.541     59.395    18.5296          2 0.0000e+00
    693.375     59.641    18.5410   4.738538     0.1634   247.5000     0.0623 1.0323e+00     1.4400    102.964    35.7758    25.7337    100.658     59.302    18.5305          4 0.0000e+00
    694.375     59.256    18.5421   4.738653     0.1396   217.5000     0.0625 1.0076e+00     1.4404    102.638    35.7760    25.7336    100.651     58.919    18.5317          4 0.0000e+00
    695.375     58.900    18.5444   4.738888     0.1469   237.5000     0.0638 1.0794e+00     1.4403    102.812    35.7761    25.7331    100.616     58.565    18.5340          4 0.0000e+00
    696.375     58.719    18.5476   4.739262     0.1359   245.0000     0.0619 1.0808e+00     1.4408    103.140    35.7766    25.7326    100.615     58.385    18.5373          4 0.0000e+00
    697.375     58.429    18.5492   4.739363     0.1230   235.0000     0.0624 1.1081e+00     1.4403    103.123    35.7761    25.7318    100.564     58.096    18.5389          4 0.0000e+00
    698.375     58.030    18.5498   4.739404     0.1175   177.5000     0.0620 1.1141e+00     1.4406    103.225    35.7761    25.7317    100.747     57.701    18.5396          4 0.0000e+00
    699.375     57.753    18.5513   4.739528     0.1671   257.5000     0.0631 1.1689e+00     1.4423    103.255    35.7759    25.7312    101.016     57.425    18.5411          4 0.0000e+00
    702.375     57.434    18.5821   4.742789     0.1487   217.5000     0.0638 1.2059e+00     1.4471    103.088    35.7769    25.7241    101.348     57.108    18.5720          4 0.0000e+00
    703.375     57.034    18.6210   4.747136     0.1524   220.0000     0.0644 1.2266e+00     1.4467    103.049    35.7801    25.7167    101.009     56.711    18.6109          4 0.0000e+00
    704.375     56.900    18.6434   4.749276     0.1377   245.0000     0.0641 1.2319e+00     1.4462    103.344    35.7787    25.7100    101.114     56.578    18.6334          4 0.0000e+00
    705.375     56.586    18.6540   4.750208     0.1432   232.5000     0.0647 1.2474e+00     1.4477    103.538    35.7775    25.7064    101.363     56.265    18.6441          4 0.0000e+00
    706.375     56.080    18.6594   4.750474     0.1597   220.0000     0.0642 1.2741e+00     1.4489    103.711    35.7753    25.7033    101.542     55.761    18.6495          4 0.0000e+00
