cruises/P45_06/_audit/08_binavg_cnv/08d_binavg_1s_full/P45_06_CTD_10_1s.cnv
* Sea-Bird SBE19plus  Data File:
* FileName = C:\Users\OA_2023-03\Desktop\Bathymetry\ctd_casts\S2_18_04_26002.hex
* Software version 2.3.0 SB_Terminal.dll
* Temperature SN = 8460
* Conductivity SN = 8460
* System UpLoad Time = Apr 18 2026 16:40:21
* <ApplicationData>
* <SeatermAF>
** cast for s2
# nquan = 17
# nvalues = 216                         
# units = specified
# name 0 = timeS: Time, Elapsed [seconds]
# name 1 = prdM: Pressure, Strain Gauge [db]
# name 2 = tv290C: Temperature [ITS-90, deg C]
# name 3 = c0S/m: Conductivity [S/m]
# name 4 = flECO-AFL: Fluorescence, WET Labs ECO-AFL/FL [mg/m^3]
# name 5 = flECO-AFL1: Fluorescence, WET Labs ECO-AFL/FL, 2 [mg/m^3]
# name 6 = CStarAt0: Beam Attenuation, WET Labs C-Star [1/m]
# name 7 = par/sat/log: PAR/Logarithmic, Satlantic [umol photons/m^2/sec]
# name 8 = sbeox0V: Oxygen raw, SBE 43 [V]
# name 9 = sbeox0Mm/L: Oxygen, SBE 43 [umol/l]
# name 10 = sal00: Salinity, Practical [PSU]
# name 11 = sigma-é00: Density [sigma-theta, kg/m^3]
# name 12 = sbox0Mm/Kg: Oxygen, SBE 43 [umol/kg], WS = 2
# name 13 = depSM: Depth [salt water, m], lat = 5.51
# name 14 = potemp090C: Potential Temperature [ITS-90, deg C]
# name 15 = nbin: number of scans per bin
# name 16 = flag: flag
# span 0 =    209.625,    625.625       
# span 1 =     -0.086,     71.951       
# span 2 =    19.4913,    29.7551       
# span 3 =   4.839963,   5.854755       
# span 4 =     0.0000,     5.0203       
# span 5 =   -65.0000, 21000.0000       
# span 6 =     0.0793,     5.2665       
# span 7 = 2.9839e-01, 1.1938e+03       
# span 8 =     1.6111,     2.6884       
# span 9 =    119.827,    213.932       
# span 10 =    35.2936,    35.8343      
# span 11 =    22.0402,    25.5125      
# span 12 =    117.285,    212.118      
# span 13 =     -0.085,     71.539      
# span 14 =    19.4782,    29.7551      
# span 15 =          2,          4      
# span 16 = 0.0000e+00, 0.0000e+00      
# interval = seconds: 1                 
# start_time = Apr 18 2026 15:53:20 [Instrument's time stamp, header]
# bad_flag = -9.990e-29
*END*
    209.625      1.319    29.7349   5.852857     0.0367    50.0000     0.1083 3.1345e+02     2.5315    185.548    35.3090    22.0483    179.897      1.312    29.7345          2 0.0000e+00
    210.375      1.973    29.7359   5.852958     0.0404    82.5000     0.1111 2.5826e+02     2.5370    188.240    35.3087    22.0479    180.238      1.962    29.7355          4 0.0000e+00
    344.500      2.824    29.7109   5.850610     0.0392   153.3333     0.1023 2.3781e+02     2.6214    191.336    35.3109    22.0581    187.189      2.808    29.7102          3 0.0000e+00
    345.250      3.782    29.6884   5.847727     0.0392    53.3333     0.0997 1.2119e+02     2.6132    192.807    35.3074    22.0631    186.751      3.761    29.6875          3 0.0000e+00
    347.500      4.353    29.6967   5.849443     0.0367   106.6667     0.0959 1.3349e+02     2.6204    189.673    35.3128    22.0644    186.062      4.328    29.6957          3 0.0000e+00
    348.375      5.408    29.6636   5.845281     0.0459    42.5000     0.0970 9.4955e+01     2.5874    192.249    35.3085    22.0726    183.465      5.378    29.6622          4 0.0000e+00
    350.625      6.116    29.6262   5.844634     0.0441   -65.0000     0.1003 1.3260e+02     2.6033    190.529    35.3313    22.1024    187.007      6.082    29.6247          2 0.0000e+00
    351.375      6.980    29.4547   5.821832     0.0349    55.0000     0.0972 8.2523e+01     2.6104    192.239    35.3013    22.1380    188.331      6.941    29.4530          4 0.0000e+00
    352.375      7.985    29.3725   5.814875     0.0386   150.0000     0.0976 6.8660e+01     2.6190    193.232    35.3138    22.1752    188.516      7.941    29.3705          4 0.0000e+00
    354.375      8.647    29.3765   5.816258     0.0532   137.5000     0.1004 1.5682e+02     2.6139    188.696    35.3201    22.1786    188.166      8.599    29.3744          4 0.0000e+00
    355.375      9.450    29.3551   5.813968     0.0459   157.5000     0.0996 1.1125e+02     2.6153    191.926    35.3200    22.1858    188.518      9.397    29.3528          4 0.0000e+00
    356.375     10.428    29.3395   5.812460     0.0478    35.0000     0.1004 1.0659e+02     2.6180    192.904    35.3209    22.1919    188.625     10.370    29.3369          4 0.0000e+00
    357.375     11.310    29.3304   5.811872     0.0422    55.0000     0.0972 1.1254e+02     2.6153    193.785    35.3232    22.1968    188.391     11.247    29.3277          4 0.0000e+00
    358.375     11.832    29.3237   5.811200     0.0496   152.5000     0.0955 1.1444e+02     2.6170    192.463    35.3235    22.1992    188.762     11.766    29.3208          4 0.0000e+00
    359.375     12.498    29.3048   5.809249     0.0514    42.5000     0.0965 9.8107e+01     2.6177    192.448    35.3238    22.2059    188.713     12.428    29.3018          4 0.0000e+00
    360.375     13.436    29.2717   5.805671     0.0404   125.0000     0.0983 9.4315e+01     2.6158    192.890    35.3234    22.2168    188.750     13.360    29.2684          4 0.0000e+00
    361.375     14.146    29.2480   5.803296     0.0422   185.0000     0.0959 9.3794e+01     2.6187    193.382    35.3243    22.2256    189.296     14.067    29.2446          4 0.0000e+00
    362.375     14.639    29.2261   5.801130     0.0496    95.0000     0.0941 9.3763e+01     2.6204    193.014    35.3254    22.2339    189.458     14.557    29.2225          4 0.0000e+00
    363.375     15.421    29.1904   5.796918     0.0478   110.0000     0.0934 7.7518e+01     2.6227    193.241    35.3226    22.2438    189.701     15.335    29.1866          4 0.0000e+00
    364.375     16.279    29.1542   5.793188     0.0533     0.0000     0.0915 7.9367e+01     2.6211    193.649    35.3235    22.2566    189.644     16.189    29.1503          4 0.0000e+00
    365.375     16.860    29.1288   5.790506     0.0514   145.0000     0.0915 8.6532e+01     2.6232    193.392    35.3236    22.2653    190.343     16.766    29.1248          4 0.0000e+00
    366.375     17.442    29.1045   5.787962     0.0349    90.0000     0.0908 7.9683e+01     2.6312    193.835    35.3239    22.2737    191.233     17.344    29.1002          4 0.0000e+00
    367.375     18.301    29.0632   5.783395     0.0955   157.5000     0.0913 6.6078e+01     2.6341    194.325    35.3227    22.2867    191.170     18.198    29.0588          4 0.0000e+00
    368.375     18.804    29.0250   5.779214     0.0588   102.5000     0.0920 7.9317e+01     2.6337    194.619    35.3220    22.2991    191.828     18.699    29.0204          4 0.0000e+00
    369.375     19.123    28.9941   5.776037     0.0551   192.5000     0.0947 7.7252e+01     2.6460    194.479    35.3229    22.3101    192.796     19.016    28.9894          4 0.0000e+00
    370.375     19.796    28.9349   5.769794     0.0514   150.0000     0.0917 5.8465e+01     2.6432    194.792    35.3234    22.3303    192.676     19.685    28.9301          4 0.0000e+00
    371.375     20.885    28.7888   5.752953     0.0478    32.5000     0.0910 2.5625e+01     2.6517    196.385    35.3150    22.3728    194.733     20.768    28.7838          4 0.0000e+00
    372.125     21.579    28.6635   5.741020     0.0955    90.0000     0.0887 5.2883e+01     2.6639    197.368    35.3252    22.4221    196.354     21.459    28.6583          2 0.0000e+00
    373.625     21.763    28.6852   5.751190     0.0844    20.0000     0.0865 5.9987e+01     2.6749    196.932    35.3795    22.4559    196.178     21.642    28.6799          2 0.0000e+00
    374.375     22.548    28.2207   5.689165     0.0551   137.5000     0.0872 3.8842e+01     2.6725    199.311    35.2936    22.5447    197.329     22.422    28.2154          4 0.0000e+00
    375.375     23.616    27.6754   5.632995     0.0863   222.5000     0.0900 3.7056e+01     2.6671    201.021    35.3077    22.7337    198.201     23.484    27.6699          4 0.0000e+00
    376.375     24.134    27.5597   5.626855     0.1047   157.5000     0.0937 5.8571e+01     2.6546    202.587    35.3514    22.8041    197.406     23.999    27.5541          4 0.0000e+00
    377.375     24.408    27.5275   5.624320     0.0992   240.0000     0.0923 5.4064e+01     2.6498    205.067    35.3576    22.8193    197.944     24.272    27.5218          4 0.0000e+00
    378.375     25.083    27.4549   5.618960     0.0918   110.0000     0.0930 4.2777e+01     2.6580    205.832    35.3744    22.8554    199.824     24.942    27.4491          4 0.0000e+00
    379.375     26.061    27.3239   5.609042     0.1047   197.5000     0.0922 3.8078e+01     2.6697    205.266    35.4029    22.9192    201.218     25.915    27.3179          4 0.0000e+00
    380.375     26.669    27.1138   5.589882     0.1194   150.0000     0.0937 4.8866e+01     2.6772    204.845    35.4259    23.0041    202.194     26.520    27.1077          4 0.0000e+00
    381.375     27.007    26.9338   5.575374     0.1359   240.0000     0.0938 4.5001e+01     2.6787    203.806    35.4594    23.0870    202.512     26.855    26.9275          4 0.0000e+00
    382.375     27.930    26.6680   5.550965     0.1120   220.0000     0.0967 3.0680e+01     2.6774    204.185    35.4873    23.1927    203.409     27.773    26.6617          4 0.0000e+00
    383.125     28.512    26.5253   5.538875     0.1322   185.0000     0.0978 4.2906e+01     2.6790    205.785    35.5096    23.2548    204.316     28.352    26.5188          2 0.0000e+00
    384.500     28.715    26.4548   5.532953     0.1616   190.0000     0.1006 3.7565e+01     2.6856    209.314    35.5211    23.2857    204.662     28.554    26.4483          3 0.0000e+00
    385.375     29.426    26.3651   5.523582     0.1487   387.5000     0.1011 2.9240e+01     2.6778    209.889    35.5222    23.3149    202.778     29.261    26.3584          4 0.0000e+00
    386.375     30.188    26.2104   5.508902     0.2038   220.0000     0.1011 3.4371e+01     2.6510    210.057    35.5349    23.3732    200.182     30.019    26.2036          4 0.0000e+00
    387.375     30.741    26.0642   5.496434     0.1946   220.0000     0.1050 3.1415e+01     2.6319    210.040    35.5573    23.4359    200.001     30.568    26.0574          4 0.0000e+00
    388.375     31.333    25.9182   5.483930     0.1983   240.0000     0.1050 2.8849e+01     2.6265    210.981    35.5793    23.4982    200.594     31.157    25.9112          4 0.0000e+00
    389.375     32.137    25.5530   5.451312     0.2093   242.5000     0.1042 2.3490e+01     2.6207    212.619    35.6249    23.6459    201.077     31.956    25.5459          4 0.0000e+00
    390.375     33.063    24.8280   5.371391     0.2130   280.0000     0.1042 2.4223e+01     2.6116    213.932    35.6025    23.8511    202.537     32.877    24.8208          4 0.0000e+00
    391.375     33.673    24.5087   5.346620     0.2038   237.5000     0.1046 2.7234e+01     2.6022    211.215    35.6700    23.9987    203.037     33.484    24.5015          4 0.0000e+00
    392.375     33.983    24.3594   5.332870     0.2277   225.0000     0.1066 2.7480e+01     2.5992    209.342    35.6854    24.0552    203.402     33.792    24.3522          4 0.0000e+00
    393.375     34.609    24.1919   5.316878     0.2295   240.0000     0.1044 2.1856e+01     2.5919    210.630    35.6982    24.1151    202.985     34.414    24.1846          4 0.0000e+00
    394.375     35.529    24.0129   5.299493     0.2405   240.0000     0.1005 1.9353e+01     2.5848    211.502    35.7097    24.1772    202.945     35.329    24.0054          4 0.0000e+00
    395.375     36.087    23.9031   5.289169     0.2387   260.0000     0.0996 2.3212e+01     2.5766    210.872    35.7193    24.2171    202.476     35.883    23.8954          4 0.0000e+00
    396.375     36.331    23.8489   5.284593     0.2461   227.5000     0.1022 2.2120e+01     2.5696    209.895    35.7280    24.2397    202.128     36.126    23.8412          4 0.0000e+00
    397.375     37.016    23.7198   5.270901     0.2258   267.5000     0.1035 1.7800e+01     2.5634    210.351    35.7273    24.2773    201.876     36.807    23.7121          4 0.0000e+00
    398.375     37.733    23.6170   5.261655     0.2240   265.0000     0.1013 1.9066e+01     2.5547    210.245    35.7394    24.3168    201.322     37.521    23.6091          4 0.0000e+00
    399.375     38.263    23.5565   5.256330     0.2240   237.5000     0.0998 1.8091e+01     2.5478    209.465    35.7473    24.3406    201.095     38.048    23.5486          4 0.0000e+00
    400.375     38.862    23.4738   5.247468     0.2424   260.0000     0.1013 1.6681e+01     2.5430    208.959    35.7461    24.3640    201.110     38.643    23.4657          4 0.0000e+00
    401.375     39.524    23.4197   5.242579     0.2332   275.0000     0.0994 1.4797e+01     2.5390    208.427    35.7522    24.3845    200.570     39.302    23.4115          4 0.0000e+00
    402.375     40.404    23.3516   5.235258     0.2479   260.0000     0.0994 1.2890e+01     2.5283    208.230    35.7508    24.4034    198.818     40.176    23.3433          4 0.0000e+00
    403.375     40.976    23.3063   5.230994     0.2405   260.0000     0.0915 1.5177e+01     2.5080    207.441    35.7546    24.4196    196.295     40.745    23.2978          4 0.0000e+00
    404.375     41.383    23.2825   5.228773     0.2644   242.5000     0.0900 1.4250e+01     2.4868    206.781    35.7567    24.4281    194.503     41.150    23.2739          4 0.0000e+00
    405.375     41.956    23.2411   5.225057     0.2663   272.5000     0.0900 1.2996e+01     2.4684    206.670    35.7614    24.4438    192.574     41.719    23.2325          4 0.0000e+00
    406.375     42.804    23.0598   5.206407     0.2681   262.5000     0.0915 1.0154e+01     2.4445    206.904    35.7647    24.4990    190.719     42.562    23.0510          4 0.0000e+00
    407.375     43.689    22.7886   5.179176     0.3416   317.5000     0.0951 1.1284e+01     2.4253    206.397    35.7746    24.5848    190.308     43.443    22.7797          4 0.0000e+00
    408.375     43.967    22.6343   5.164203     0.4095   405.0000     0.0976 1.2623e+01     2.4107    204.085    35.7843    24.6364    189.007     43.719    22.6255          4 0.0000e+00
    409.375     44.467    22.4675   5.149429     0.4591   460.0000     0.0969 1.0331e+01     2.3841    201.581    35.8057    24.7003    185.011     44.216    22.4585          4 0.0000e+00
    410.375     45.398    22.2665   5.128497     0.5656   607.5000     0.1092 8.9819e+00     2.3428    200.795    35.8068    24.7584    179.859     45.142    22.2574          4 0.0000e+00
    412.375     45.991    22.1693   5.120874     0.6427   612.5000     0.1142 9.7404e+00     2.2387    196.408    35.8269    24.8011    168.954     45.732    22.1602          4 0.0000e+00
    413.375     46.909    21.9537   5.095620     0.8171   937.5000     0.1209 6.4911e+00     2.1795    196.106    35.8058    24.8458    162.425     46.643    21.9444          4 0.0000e+00
    414.375     47.763    21.7946   5.080768     0.8594  1022.5000     0.1330 8.1613e+00     2.1209    193.601    35.8199    24.9012    158.950     47.492    21.7852          4 0.0000e+00
    416.375     48.198    21.5318   5.053120     1.0026  1205.0000     0.1303 7.8958e+00     2.0648    180.733    35.8186    24.9735    156.442     47.925    21.5224          4 0.0000e+00
    417.375     48.979    21.2894   5.022784     0.9696  1127.5000     0.1331 5.9707e+00     2.0423    175.460    35.7782    25.0098    155.712     48.701    21.2799          4 0.0000e+00
    418.375     49.543    21.1997   5.016196     0.9622  1150.0000     0.1404 7.0697e+00     2.0312    169.698    35.8002    25.0512    155.870     49.262    21.1901          4 0.0000e+00
    419.375     49.954    21.1489   5.011406     0.9567  1177.5000     0.1404 6.1152e+00     2.0229    162.385    35.8042    25.0681    154.325     49.671    21.1393          4 0.0000e+00
    420.375     50.916    21.0428   4.999072     1.0026  1202.5000     0.1530 4.2611e+00     2.0006    161.662    35.7937    25.0892    150.696     50.628    21.0330          4 0.0000e+00
    421.375     51.612    21.0115   4.996612     1.0448  1140.0000     0.1448 5.7148e+00     1.9684    161.464    35.7999    25.1026    146.526     51.320    21.0016          4 0.0000e+00
    422.375     51.873    21.0040   4.996380     1.0393  1115.0000     0.1365 5.5465e+00     1.9317    159.508    35.8042    25.1079    140.567     51.579    20.9941          4 0.0000e+00
    423.375     52.604    20.9348   4.988828     0.9144  1105.0000     0.1366 3.8771e+00     1.8656    159.371    35.8012    25.1245    131.968     52.306    20.9247          4 0.0000e+00
    424.375     53.630    20.8301   4.979097     0.8263   917.5000     0.1354 3.4230e+00     1.8080    159.923    35.8103    25.1600    129.485     53.326    20.8199          4 0.0000e+00
    425.375     54.089    20.7397   4.969247     0.7639   740.0000     0.1282 4.5029e+00     1.7849    156.982    35.8066    25.1817    130.453     53.782    20.7295          4 0.0000e+00
    426.375     54.623    20.5247   4.950338     0.6996   732.5000     0.1283 3.4818e+00     1.7739    152.097    35.8343    25.2608    130.345     54.313    20.5145          4 0.0000e+00
    427.250     55.495    20.1348   4.900371     0.6611   973.3333     0.1202 2.9185e+00     1.7627    149.060    35.7566    25.3060    130.122     55.180    20.1244          3 0.0000e+00
    430.625     55.986    20.0544   4.897010     0.7161   920.0000     0.1183 1.5987e+00     1.7451    132.834    35.7972    25.3583    129.579     55.668    20.0440          2 0.0000e+00
    431.375     56.696    20.0501   4.897316     0.6666   807.5000     0.1154 5.5103e-01     1.7405    134.250    35.8030    25.3640    128.741     56.373    20.0396          4 0.0000e+00
    432.125     57.456    20.0535   4.898003     0.6500   755.0000     0.1187 2.1884e+00     1.7348    133.931    35.8055    25.3651    128.078     57.129    20.0429          2 0.0000e+00
    434.375     57.962    20.0529   4.897174     0.6794   705.0000     0.1179 2.1713e+00     1.7229    132.642    35.7991    25.3603    127.035     57.633    20.0421          4 0.0000e+00
