cruises/P45_06/_audit/08_binavg_cnv/08d_binavg_1s_full/P45_06_CTD_05_1s.cnv
* Sea-Bird SBE19plus  Data File:
* FileName = C:\Users\OA_2023-03\Desktop\Bathymetry\ctd_casts\proble cast 2002.hex
* Software version 2.3.0 SB_Terminal.dll
* Temperature SN = 8460
* Conductivity SN = 8460
* System UpLoad Time = Apr 16 2026 17:52:48
* <ApplicationData>
* <SeatermAF>
# nquan = 17
# nvalues = 261                         
# units = specified
# name 0 = timeS: Time, Elapsed [seconds]
# name 1 = prdM: Pressure, Strain Gauge [db]
# name 2 = tv290C: Temperature [ITS-90, deg C]
# name 3 = c0S/m: Conductivity [S/m]
# name 4 = flECO-AFL: Fluorescence, WET Labs ECO-AFL/FL [mg/m^3]
# name 5 = flECO-AFL1: Fluorescence, WET Labs ECO-AFL/FL, 2 [mg/m^3]
# name 6 = CStarAt0: Beam Attenuation, WET Labs C-Star [1/m]
# name 7 = par/sat/log: PAR/Logarithmic, Satlantic [umol photons/m^2/sec]
# name 8 = sbeox0V: Oxygen raw, SBE 43 [V]
# name 9 = sbeox0Mm/L: Oxygen, SBE 43 [umol/l]
# name 10 = sal00: Salinity, Practical [PSU]
# name 11 = sigma-é00: Density [sigma-theta, kg/m^3]
# name 12 = sbox0Mm/Kg: Oxygen, SBE 43 [umol/kg], WS = 2
# name 13 = depSM: Depth [salt water, m], lat = 5.51
# name 14 = potemp090C: Potential Temperature [ITS-90, deg C]
# name 15 = nbin: number of scans per bin
# name 16 = flag: flag
# span 0 =    362.375,   1334.375       
# span 1 =      0.061,     73.900       
# span 2 =    18.3374,    29.4472       
# span 3 =   4.718201,   5.806361       
# span 4 =     0.0184,     1.0044       
# span 5 =  -110.0000,  1112.5000       
# span 6 =     0.0554,     1.4724       
# span 7 = 1.1809e-01, 4.9486e+01       
# span 8 =     1.4321,     2.5914       
# span 9 =    102.574,    200.611       
# span 10 =    35.1534,    35.8369      
# span 11 =    22.0520,    25.7850      
# span 12 =    100.147,    198.935      
# span 13 =      0.061,     73.477      
# span 14 =    18.3246,    29.4462      
# span 15 =          2,          4      
# span 16 = 0.0000e+00, 0.0000e+00      
# interval = seconds: 1                 
# start_time = Apr 16 2026 17:14:45 [Instrument's time stamp, header]
# bad_flag = -9.990e-29
*END*
    362.375      3.333    29.3553   5.790624     0.0312    55.0000     0.0865 4.4772e+01     1.8216    118.069    35.1617    22.0665    117.517      3.314    29.3545          4 0.0000e+00
    378.625      3.833    29.3799   5.792063     0.0221   -20.0000     0.0757 4.9486e+01     1.8786    123.973    35.1534    22.0520    122.673      3.811    29.3790          2 0.0000e+00
    468.625      4.181    29.4472   5.806361     0.0330   -50.0000     0.0737 3.5586e+01     2.4314    172.459    35.2018    22.0656    171.822      4.157    29.4462          2 0.0000e+00
    469.375      4.799    29.4468   5.806268     0.0312   -37.5000     0.0750 3.8739e+01     2.4273    172.375    35.2013    22.0654    171.613      4.773    29.4456          4 0.0000e+00
    470.375      5.455    29.4412   5.805810     0.0331    32.5000     0.0759 3.7781e+01     2.4437    173.400    35.2020    22.0679    174.268      5.425    29.4399          4 0.0000e+00
    471.375      6.093    29.4331   5.804878     0.0239   117.5000     0.0730 3.3620e+01     2.4640    173.853    35.2014    22.0703    175.212      6.059    29.4316          4 0.0000e+00
    472.375      6.825    29.4249   5.804238     0.0404  -110.0000     0.0783 3.2291e+01     2.4614    174.117    35.2028    22.0741    174.151      6.787    29.4233          4 0.0000e+00
    473.375      7.435    29.4115   5.802683     0.0312   -27.5000     0.0733 3.4398e+01     2.4619    176.275    35.2019    22.0780    174.845      7.394    29.4097          4 0.0000e+00
    474.375      7.751    29.3985   5.801779     0.0312   -22.5000     0.0749 3.4225e+01     2.4690    175.693    35.2051    22.0849    175.587      7.708    29.3965          4 0.0000e+00
    475.375      8.571    29.3080   5.791722     0.0422    12.5000     0.0746 2.7868e+01     2.4745    177.272    35.2024    22.1134    176.283      8.523    29.3059          4 0.0000e+00
    476.375      9.535    29.2019   5.780920     0.0386   -90.0000     0.0762 3.1241e+01     2.4774    180.722    35.2060    22.1518    176.643      9.482    29.1996          4 0.0000e+00
    477.375     10.011    29.1678   5.778725     0.0404    12.5000     0.0800 3.1737e+01     2.4788    179.721    35.2159    22.1708    176.918      9.955    29.1653          4 0.0000e+00
    478.375     10.515    29.1448   5.776751     0.0386     0.0000     0.0839 2.9540e+01     2.4809    178.950    35.2191    22.1810    177.233     10.456    29.1422          4 0.0000e+00
    479.375     11.226    29.1219   5.774985     0.0257    20.0000     0.0914 2.7966e+01     2.4847    180.301    35.2235    22.1920    177.844     11.164    29.1192          4 0.0000e+00
    480.375     11.982    29.1080   5.774421     0.0514   -65.0000     0.0937 2.6861e+01     2.4916    180.941    35.2297    22.2014    178.714     11.915    29.1051          4 0.0000e+00
    481.375     12.694    29.0926   5.773642     0.0238   -15.0000     0.0862 2.7300e+01     2.4984    181.170    35.2355    22.2110    179.205     12.623    29.0895          4 0.0000e+00
    482.375     13.294    29.0729   5.772265     0.1800   -50.0000     0.0881 2.6825e+01     2.5036    181.114    35.2404    22.2213    179.801     13.220    29.0696          4 0.0000e+00
    483.375     14.062    29.0244   5.768066     0.0478   -47.5000     0.0867 2.4113e+01     2.5100    181.481    35.2470    22.2426    180.629     13.983    29.0210          4 0.0000e+00
    484.375     14.823    28.9636   5.762360     0.0367    97.5000     0.0892 2.4592e+01     2.5180    182.076    35.2524    22.2670    181.549     14.740    28.9600          4 0.0000e+00
    485.375     15.405    28.9058   5.757201     0.0533   -42.5000     0.0916 2.4456e+01     2.5246    183.113    35.2593    22.2915    182.537     15.318    28.9021          4 0.0000e+00
    486.375     16.087    28.8110   5.748425     0.0514    20.0000     0.0921 2.2632e+01     2.5375    184.177    35.2686    22.3302    184.415     15.997    28.8071          4 0.0000e+00
    487.375     16.751    28.6901   5.736707     0.0569    40.0000     0.0969 2.2345e+01     2.5537    184.880    35.2768    22.3766    186.099     16.657    28.6861          4 0.0000e+00
    488.375     17.270    28.5802   5.726366     0.0698    40.0000     0.0983 2.1562e+01     2.5616    185.888    35.2866    22.4204    186.050     17.173    28.5761          4 0.0000e+00
    489.375     18.019    28.3874   5.707025     0.0514    80.0000     0.1026 1.9552e+01     2.5509    187.250    35.2953    22.4908    185.267     17.919    28.3831          4 0.0000e+00
    490.375     18.568    28.2172   5.691949     0.0698   185.0000     0.1073 2.0886e+01     2.5508    188.489    35.3169    22.5632    186.600     18.464    28.2128          4 0.0000e+00
    491.375     18.886    28.0768   5.680117     0.0643   142.5000     0.1088 2.0465e+01     2.5539    190.372    35.3391    22.6260    186.862     18.781    28.0724          4 0.0000e+00
    492.375     19.878    27.7229   5.644504     0.0955    67.5000     0.1082 1.2663e+01     2.5476    193.248    35.3543    22.7531    187.212     19.767    27.7182          4 0.0000e+00
    493.250     20.753    27.5098   5.626648     0.0808   196.6667     0.1179 1.4342e+01     2.5442    194.905    35.3887    22.8481    187.932     20.637    27.5050          3 0.0000e+00
    495.375     21.247    27.4558   5.623210     0.0753    35.0000     0.1223 1.5651e+01     2.5500    192.291    35.4050    22.8779    188.497     21.128    27.4508          4 0.0000e+00
    496.375     22.180    27.0681   5.587637     0.1120   157.5000     0.1225 1.1843e+01     2.5466    194.354    35.4460    23.0335    189.524     22.056    27.0631          4 0.0000e+00
    497.375     22.965    26.5209   5.536214     0.1267    67.5000     0.1250 1.4632e+01     2.5481    194.965    35.4955    23.2450    191.598     22.837    26.5157          4 0.0000e+00
    498.375     23.227    26.1271   5.500307     0.1249   180.0000     0.1223 1.4812e+01     2.5480    196.029    35.5391    23.4020    192.446     23.096    26.1219          4 0.0000e+00
    499.375     23.790    25.7580   5.466131     0.1286   190.0000     0.1220 1.2351e+01     2.5419    198.187    35.5761    23.5450    192.648     23.657    25.7527          4 0.0000e+00
    500.375     24.619    25.5372   5.445154     0.1359   180.0000     0.1210 1.1795e+01     2.5317    199.728    35.5942    23.6272    191.851     24.481    25.5318          4 0.0000e+00
    501.375     25.054    25.4699   5.439132     0.1212   172.5000     0.1187 1.2554e+01     2.5169    199.123    35.6024    23.6542    191.070     24.914    25.4644          4 0.0000e+00
    502.375     25.469    25.3998   5.432776     0.1322   105.0000     0.1196 1.1483e+01     2.5137    199.613    35.6103    23.6818    191.600     25.327    25.3942          4 0.0000e+00
    503.375     26.224    25.1363   5.404613     0.1799   122.5000     0.1168 9.2416e+00     2.5104    200.433    35.6087    23.7614    192.003     26.078    25.1305          4 0.0000e+00
    504.375     27.183    24.8476   5.375870     0.2130   232.5000     0.1206 8.3888e+00     2.5042    200.518    35.6223    23.8597    192.147     27.031    24.8417          4 0.0000e+00
    505.375     27.714    24.6159   5.354739     0.2369   265.0000     0.1218 1.0082e+01     2.4975    199.904    35.6476    23.9491    192.542     27.559    24.6099          4 0.0000e+00
    506.375     27.826    24.5229   5.346267     0.2828   245.0000     0.1218 9.9720e+00     2.4947    198.344    35.6579    23.9849    191.760     27.669    24.5169          4 0.0000e+00
    507.375     28.359    24.3840   5.333577     0.1965   215.0000     0.1235 8.1118e+00     2.4731    198.770    35.6729    24.0380    188.530     28.200    24.3780          4 0.0000e+00
    508.375     29.276    24.1339   5.307148     0.2222   227.5000     0.1246 6.9469e+00     2.4431    200.015    35.6728    24.1129    186.325     29.112    24.1277          4 0.0000e+00
    509.125     29.735    23.9898   5.294222     0.2240   195.0000     0.1214 8.4878e+00     2.4242    200.003    35.6902    24.1689    185.365     29.568    23.9834          2 0.0000e+00
    510.375     29.945    23.8342   5.280485     0.2405   240.0000     0.1250 7.9951e+00     2.3990    199.387    35.7106    24.2304    184.031     29.777    23.8280          4 0.0000e+00
    511.375     30.779    23.3663   5.231866     0.2809   272.5000     0.1244 5.5214e+00     2.3852    200.611    35.7161    24.3721    184.953     30.606    23.3599          4 0.0000e+00
    512.375     31.680    23.0173   5.199386     0.2442   257.5000     0.1192 6.3142e+00     2.3791    199.042    35.7488    24.4985    185.813     31.502    23.0108          4 0.0000e+00
    513.375     32.207    22.8185   5.180902     0.2589   252.5000     0.1172 6.5772e+00     2.3710    195.038    35.7675    24.5701    185.436     32.026    22.8120          4 0.0000e+00
    514.375     32.671    22.7049   5.170001     0.2773   257.5000     0.1167 6.1715e+00     2.3625    192.937    35.7756    24.6089    184.610     32.487    22.6982          4 0.0000e+00
    515.375     33.138    22.6653   5.166596     0.2552   232.5000     0.1348 5.8857e+00     2.3471    191.755    35.7813    24.6246    181.531     32.952    22.6586          4 0.0000e+00
    516.375     33.749    22.6359   5.163740     0.2938   260.0000     0.1121 5.1616e+00     2.3104    191.057    35.7829    24.6342    175.166     33.559    22.6291          4 0.0000e+00
    517.375     34.451    22.5997   5.160266     0.3195   280.0000     0.1110 5.0053e+00     2.2504    191.396    35.7852    24.6464    167.795     34.257    22.5927          4 0.0000e+00
    518.375     34.820    22.5547   5.155620     0.3250   302.5000     0.1098 5.2768e+00     2.1904    191.087    35.7858    24.6598    162.316     34.624    22.5477          4 0.0000e+00
    519.375     35.442    22.3404   5.133895     0.3930   420.0000     0.1091 4.3133e+00     2.1368    190.432    35.7917    24.7253    158.487     35.242    22.3333          4 0.0000e+00
    520.375     36.341    22.0226   5.099526     0.7639   952.5000     0.1155 3.9932e+00     2.0950    189.548    35.7832    24.8087    157.557     36.137    22.0154          4 0.0000e+00
    521.375     36.986    21.8098   5.075729     0.8851   945.0000     0.1429 4.1472e+00     2.0826    184.860    35.7711    24.8593    160.698     36.778    21.8025          4 0.0000e+00
    522.375     37.573    21.6932   5.063998     0.8465  1065.0000     0.1505 3.7730e+00     2.0990    175.977    35.7746    24.8945    163.812     37.361    21.6858          4 0.0000e+00
    523.375     38.211    21.5584   5.050135     0.9016  1007.5000     0.1503 3.3910e+00     2.0998    168.465    35.7762    24.9332    160.355     37.996    21.5509          4 0.0000e+00
    524.375     39.023    21.4508   5.040526     0.8942  1040.0000     0.2282 2.9550e+00     2.0612    163.673    35.7889    24.9728    154.036     38.803    21.4432          4 0.0000e+00
    525.250     39.525    21.4109   5.040161     0.9034   973.3333     0.1592 3.1887e+00     2.0258    160.672    35.8191    25.0068    151.357     39.303    21.4032          3 0.0000e+00
    526.500     39.692    21.3869   5.039892     0.8961  1036.6667     0.1589 3.1708e+00     1.9938    162.407    35.8369    25.0270    149.378     39.468    21.3792          3 0.0000e+00
    527.375     40.352    21.1764   5.014048     0.8061  1002.5000     0.1570 2.4275e+00     1.9735    168.121    35.8057    25.0612    147.926     40.124    21.1687          4 0.0000e+00
    528.375     41.047    21.0604   5.002132     0.7896   960.0000     0.1460 2.6646e+00     1.9510    169.946    35.8070    25.0941    146.084     40.815    21.0525          4 0.0000e+00
    529.375     41.346    21.0423   5.000538     0.8373   877.5000     0.1419 2.6182e+00     1.9299    161.777    35.8093    25.1008    143.057     41.113    21.0344          4 0.0000e+00
    530.375     42.025    21.0066   4.995719     0.7327   897.5000     0.1430 2.1100e+00     1.8928    154.910    35.8002    25.1036    137.467     41.788    20.9986          4 0.0000e+00
    531.375     42.763    20.9640   4.990463     0.6959   822.5000     0.1348 2.1611e+00     1.8488    153.475    35.7934    25.1101    134.003     42.521    20.9558          4 0.0000e+00
    532.375     43.151    20.9425   4.987817     0.8079   907.5000     0.1305 2.2333e+00     1.8243    152.180    35.7899    25.1133    133.705     42.907    20.9343          4 0.0000e+00
    533.375     43.735    20.8599   4.979592     0.6849   657.5000     0.1318 1.8349e+00     1.8120    150.006    35.7927    25.1380    133.778     43.488    20.8516          4 0.0000e+00
    534.375     44.636    20.6592   4.954655     0.7859   697.5000     0.1230 1.5597e+00     1.8059    148.494    35.7595    25.1672    134.320     44.383    20.6508          4 0.0000e+00
    535.375     45.207    20.6104   4.951628     0.7015   707.5000     0.1190 1.8254e+00     1.8032    143.844    35.7760    25.1929    134.533     44.952    20.6018          4 0.0000e+00
    536.375     45.432    20.6021   4.950974     0.8245   692.5000     0.1231 1.7682e+00     1.8034    137.208    35.7775    25.1963    134.689     45.175    20.5935          4 0.0000e+00
    537.375     46.011    20.5876   4.949657     0.6353   685.0000     0.1240 1.4518e+00     1.8008    135.653    35.7788    25.2013    133.443     45.751    20.5789          4 0.0000e+00
    538.375     46.833    20.5655   4.947610     0.6427   565.0000     0.1189 1.3054e+00     1.7868    136.716    35.7807    25.2086    130.775     46.569    20.5566          4 0.0000e+00
    539.125     47.339    20.5483   4.946233     0.6170   710.0000     0.1189 1.3590e+00     1.7717    137.197    35.7837    25.2157    129.144     47.072    20.5395          2 0.0000e+00
    541.375     47.996    20.4635   4.937413     0.6059   652.5000     0.1167 1.0248e+00     1.7225    138.269    35.7834    25.2383    121.265     47.725    20.4544          4 0.0000e+00
    542.375     48.870    20.3577   4.926402     0.6005   615.0000     0.1147 1.1120e+00     1.6750    138.397    35.7829    25.2662    115.588     48.593    20.3485          4 0.0000e+00
    544.375     49.451    20.2192   4.913569     0.5050   485.0000     0.1159 1.0476e+00     1.6009    132.737    35.7952    25.3126    110.722     49.171    20.2100          4 0.0000e+00
    545.375     50.174    19.8852   4.874840     0.4352   360.0000     0.1130 9.5865e-01     1.5794    131.707    35.7610    25.3751    110.167     49.890    19.8759          4 0.0000e+00
    546.375     50.809    19.6471   4.851641     0.3526   295.0000     0.1093 9.4227e-01     1.5633    128.535    35.7725    25.4465    109.511     50.522    19.6378          4 0.0000e+00
    547.375     51.416    19.4927   4.836299     0.3177   280.0000     0.1066 8.8884e-01     1.5504    121.096    35.7772    25.4905    108.828     51.125    19.4834          4 0.0000e+00
    548.375     51.868    19.4139   4.828684     0.3287   282.5000     0.1080 9.0934e-01     1.5396    115.613    35.7814    25.5142    108.176     51.574    19.4045          4 0.0000e+00
    549.375     52.463    19.3523   4.822228     0.2846   287.5000     0.1029 7.9156e-01     1.5318    113.580    35.7803    25.5294    107.297     52.166    19.3428          4 0.0000e+00
    550.375     53.077    19.2835   4.814780     0.2699   252.5000     0.0998 7.8544e-01     1.5185    113.023    35.7771    25.5448    105.530     52.776    19.2739          4 0.0000e+00
    551.375     53.448    19.2462   4.811004     0.2846   330.0000     0.0931 8.1150e-01     1.5053    112.485    35.7776    25.5547    104.816     53.145    19.2366          4 0.0000e+00
    552.375     53.904    19.2057   4.807152     0.2461   280.0000     0.0886 7.4391e-01     1.4996    111.775    35.7801    25.5673    105.013     53.599    19.1960          4 0.0000e+00
    553.375     54.561    19.0994   4.795061     0.2112   225.0000     0.0832 6.4978e-01     1.4963    111.168    35.7703    25.5871    105.301     54.252    19.0896          4 0.0000e+00
