cruises/P45_06/_audit/08_binavg_cnv/08d_binavg_1s_full/P45_06_CTD_04_1s.cnv
* Sea-Bird SBE19plus  Data File:
* FileName = C:\Users\OA_2023-03\Desktop\Bathymetry\ctd_casts\proble cast 2001.hex
* Software version 2.3.0 SB_Terminal.dll
* Temperature SN = 8460
* Conductivity SN = 8460
* System UpLoad Time = Apr 16 2026 17:48:13
* <ApplicationData>
* <SeatermAF>
# nquan = 17
# nvalues = 408                         
# units = specified
# name 0 = timeS: Time, Elapsed [seconds]
# name 1 = prdM: Pressure, Strain Gauge [db]
# name 2 = tv290C: Temperature [ITS-90, deg C]
# name 3 = c0S/m: Conductivity [S/m]
# name 4 = flECO-AFL: Fluorescence, WET Labs ECO-AFL/FL [mg/m^3]
# name 5 = flECO-AFL1: Fluorescence, WET Labs ECO-AFL/FL, 2 [mg/m^3]
# name 6 = CStarAt0: Beam Attenuation, WET Labs C-Star [1/m]
# name 7 = par/sat/log: PAR/Logarithmic, Satlantic [umol photons/m^2/sec]
# name 8 = sbeox0V: Oxygen raw, SBE 43 [V]
# name 9 = sbeox0Mm/L: Oxygen, SBE 43 [umol/l]
# name 10 = sal00: Salinity, Practical [PSU]
# name 11 = sigma-é00: Density [sigma-theta, kg/m^3]
# name 12 = sbox0Mm/Kg: Oxygen, SBE 43 [umol/kg], WS = 2
# name 13 = depSM: Depth [salt water, m], lat = 5.51
# name 14 = potemp090C: Potential Temperature [ITS-90, deg C]
# name 15 = nbin: number of scans per bin
# name 16 = flag: flag
# span 0 =    296.375,   1545.375       
# span 1 =      0.188,     92.762       
# span 2 =    18.2970,    29.5530       
# span 3 =   4.546000,   5.822294       
# span 4 =     0.0257,     1.5938       
# span 5 =  -102.5000,  3180.0000       
# span 6 =     0.0576,     8.6639       
# span 7 = 1.1804e-01, 4.7004e+02       
# span 8 =     1.3610,     2.5945       
# span 9 =     97.182,    202.998       
# span 10 =    32.9197,    35.8519      
# span 11 =    20.3504,    25.8134      
# span 12 =     93.435,    196.919      
# span 13 =      0.187,     92.227      
# span 14 =    18.2810,    29.5523      
# span 15 =          2,          4      
# span 16 = 0.0000e+00, 0.0000e+00      
# interval = seconds: 1                 
# start_time = Apr 16 2026 16:22:25 [Instrument's time stamp, header]
# bad_flag = -9.990e-29
*END*
[from data line 86]
    386.375     55.535    18.8236   4.769572     0.1598   207.5000     0.0718 2.1325e+00     1.4729    107.911    35.7943    25.6761    102.575     55.219    18.8137          4 0.0000e+00
    387.375     55.812    18.8020   4.767895     0.1561   197.5000     0.0734 2.2743e+00     1.4683    107.691    35.7987    25.6850    102.595     55.496    18.7921          4 0.0000e+00
    388.375     56.337    18.7594   4.763238     0.1487   190.0000     0.0711 1.9119e+00     1.4662    107.713    35.7962    25.6939    102.623     56.017    18.7495          4 0.0000e+00
    389.375     57.062    18.6908   4.755571     0.1194   217.5000     0.0693 1.8731e+00     1.4637    107.686    35.7908    25.7072    102.406     56.737    18.6807          4 0.0000e+00
    391.375     57.420    18.6755   4.754890     0.1396   137.5000     0.0650 1.9500e+00     1.4588    105.438    35.7982    25.7168    102.050     57.095    18.6654          4 0.0000e+00
    392.375     58.085    18.6397   4.751276     0.1138   190.0000     0.0661 1.5628e+00     1.4575    105.049    35.7985    25.7261    102.095     57.755    18.6294          4 0.0000e+00
    393.375     58.855    18.5729   4.743588     0.0974   135.0000     0.0653 1.6421e+00     1.4566    105.467    35.7911    25.7374    102.192     58.520    18.5625          4 0.0000e+00
    394.375     59.188    18.5602   4.742961     0.1469   157.5000     0.0655 1.8068e+00     1.4562    105.406    35.7968    25.7449    102.200     58.851    18.5498          4 0.0000e+00
    395.375     59.652    18.5567   4.742710     0.1047   160.0000     0.0656 1.5672e+00     1.4554    105.042    35.7975    25.7464    102.113     59.313    18.5462          4 0.0000e+00
    396.375     60.289    18.5507   4.742017     0.1212   122.5000     0.0639 1.4858e+00     1.4550    104.832    35.7967    25.7473    102.114     59.946    18.5400          4 0.0000e+00
    397.375     60.773    18.5518   4.742197     0.1047    97.5000     0.0652 1.5381e+00     1.4546    104.824    35.7970    25.7473    102.109     60.427    18.5411          4 0.0000e+00
    398.375     61.379    18.5500   4.741945     0.1010   152.5000     0.0643 1.3725e+00     1.4543    104.846    35.7963    25.7472    101.954     61.029    18.5391          4 0.0000e+00
    399.375     61.730    18.5506   4.742016     0.1396   145.0000     0.0638 1.4989e+00     1.4526    104.849    35.7961    25.7469    101.696     61.379    18.5398          4 0.0000e+00
    400.375     62.186    18.5493   4.741852     0.1194   135.0000     0.0638 1.3201e+00     1.4509    104.810    35.7957    25.7470    101.406     61.832    18.5384          4 0.0000e+00
    401.375     62.885    18.5405   4.740900     0.1194    75.0000     0.0639 1.1943e+00     1.4484    104.763    35.7951    25.7488    101.191     62.527    18.5294          4 0.0000e+00
    402.375     63.261    18.5317   4.739907     0.1285   197.5000     0.0629 1.3076e+00     1.4469    104.769    35.7942    25.7503    101.199     62.901    18.5206          4 0.0000e+00
    403.375     63.760    18.5080   4.737319     0.0863   182.5000     0.0654 1.1620e+00     1.4460    104.816    35.7927    25.7552    101.228     63.397    18.4968          4 0.0000e+00
    404.375     64.389    18.4854   4.735097     0.0973   122.5000     0.0634 1.1214e+00     1.4455    104.541    35.7932    25.7613    101.176     64.022    18.4741          4 0.0000e+00
    405.375     64.683    18.4749   4.734041     0.1139   130.0000     0.0630 1.2244e+00     1.4439    104.303    35.7933    25.7640    100.980     64.315    18.4636          4 0.0000e+00
    406.375     64.879    18.4716   4.733753     0.0992   170.0000     0.0626 1.1727e+00     1.4435    103.925    35.7936    25.7651    101.174     64.509    18.4602          4 0.0000e+00
    407.375     65.519    18.4613   4.732638     0.0992   157.5000     0.0607 9.3862e-01     1.4442    103.812    35.7929    25.7671    101.320     65.146    18.4499          4 0.0000e+00
    408.375     66.382    18.4511   4.731602     0.0992   125.0000     0.0609 8.8336e-01     1.4443    103.906    35.7927    25.7696    101.259     66.004    18.4395          4 0.0000e+00
    409.250     66.966    18.4494   4.731566     0.1077   216.6667     0.0609 9.8310e-01     1.4439    103.943    35.7936    25.7708    101.237     66.584    18.4377          3 0.0000e+00
    410.625     67.200    18.4502   4.731649     0.1322   140.0000     0.0607 9.9981e-01     1.4441    103.607    35.7936    25.7706    101.253     66.816    18.4384          2 0.0000e+00
    411.375     67.772    18.4483   4.731495     0.0771   130.0000     0.0598 8.0883e-01     1.4438    103.629    35.7937    25.7712    101.225     67.385    18.4364          4 0.0000e+00
    412.250     68.390    18.4489   4.731692     0.0881   126.6667     0.0600 8.8327e-01     1.4439    103.932    35.7946    25.7717    101.227     68.000    18.4369          3 0.0000e+00
    414.375     68.820    18.4512   4.731883     0.1102    90.0000     0.0598 8.3485e-01     1.4429    103.853    35.7940    25.7707    101.166     68.427    18.4392          4 0.0000e+00
    415.375     69.414    18.4475   4.731524     0.0991   110.0000     0.0600 7.7153e-01     1.4431    103.903    35.7940    25.7717    101.122     69.017    18.4353          4 0.0000e+00
    416.375     69.877    18.4386   4.730638     0.0973   197.5000     0.0607 8.0363e-01     1.4419    103.888    35.7941    25.7739    100.919     69.478    18.4264          4 0.0000e+00
    417.375     70.377    18.4285   4.729561     0.0918   145.0000     0.0603 7.4898e-01     1.4411    103.915    35.7935    25.7761    100.848     69.976    18.4162          4 0.0000e+00
    418.375     70.873    18.4221   4.728993     0.1046   192.5000     0.0593 7.5929e-01     1.4396    103.829    35.7941    25.7782    100.711     70.469    18.4096          4 0.0000e+00
    419.375     71.173    18.4202   4.728953     0.0973   177.5000     0.0595 7.8169e-01     1.4393    103.781    35.7953    25.7796    100.861     70.767    18.4078          4 0.0000e+00
    420.375     71.955    18.4062   4.727327     0.1138   117.5000     0.0596 5.4577e-01     1.4394    103.914    35.7933    25.7817    100.860     71.544    18.3936          4 0.0000e+00
    421.375     72.843    18.3921   4.726066     0.0918   205.0000     0.0605 6.1293e-01     1.4388    103.742    35.7946    25.7862    100.741     72.427    18.3794          4 0.0000e+00
    423.625     73.268    18.3794   4.724873     0.0808   115.0000     0.0595 6.6463e-01     1.4373    103.316    35.7954    25.7900    100.673     72.850    18.3666          2 0.0000e+00
    424.375     73.672    18.3774   4.724757     0.0863   172.5000     0.0597 5.8053e-01     1.4371    103.398    35.7960    25.7910    100.652     73.251    18.3645          4 0.0000e+00
    425.375     74.293    18.3716   4.724236     0.0771   227.5000     0.0631 5.5060e-01     1.4366    103.610    35.7964    25.7928    100.606     73.868    18.3586          4 0.0000e+00
    426.375     74.732    18.3620   4.723201     0.1010   170.0000     0.0599 6.0218e-01     1.4362    103.508    35.7958    25.7947    100.661     74.305    18.3489          4 0.0000e+00
    427.375     75.091    18.3540   4.722476     0.1046   122.5000     0.0606 5.6955e-01     1.4365    103.317    35.7965    25.7972    100.754     74.661    18.3409          4 0.0000e+00
    428.375     75.679    18.3484   4.721941     0.1084   207.5000     0.0631 4.9688e-01     1.4365    103.368    35.7965    25.7987    100.719     75.246    18.3352          4 0.0000e+00
    429.375     76.255    18.3439   4.721570     0.0698   137.5000     0.0643 5.0975e-01     1.4363    103.349    35.7972    25.8004    100.633     75.818    18.3306          4 0.0000e+00
    430.375     76.585    18.3402   4.721197     0.0882   115.0000     0.0668 5.3399e-01     1.4355    103.302    35.7971    25.8013    100.601     76.146    18.3268          4 0.0000e+00
    431.375     76.955    18.3393   4.721182     0.0679   135.0000     0.0697 5.0944e-01     1.4356    103.265    35.7975    25.8019    100.703     76.514    18.3259          4 0.0000e+00
    432.375     77.802    18.3271   4.719881     0.0771   135.0000     0.0738 3.8391e-01     1.4356    103.372    35.7968    25.8044    100.673     77.356    18.3135          4 0.0000e+00
    433.125     78.404    18.3181   4.719057     0.0661   130.0000     0.0752 4.5791e-01     1.4352    103.473    35.7974    25.8072    100.650     77.955    18.3044          2 0.0000e+00
    435.375     78.916    18.3167   4.719029     0.0808   167.5000     0.0733 3.9010e-01     1.4344    103.227    35.7982    25.8081    100.537     78.464    18.3029          4 0.0000e+00
    436.375     79.683    18.3130   4.718631     0.0716   150.0000     0.0749 3.7576e-01     1.4345    103.296    35.7978    25.8088    100.654     79.227    18.2991          4 0.0000e+00
    437.125     80.073    18.3124   4.718608     0.0992   -10.0000     0.0772 4.1746e-01     1.4345    103.435    35.7979    25.8090    100.668     79.614    18.2985          2 0.0000e+00
    439.375     80.474    18.3081   4.718229     0.0716   205.0000     0.0780 3.3884e-01     1.4347    103.337    35.7983    25.8104    100.663     80.012    18.2941          4 0.0000e+00
    440.375     81.292    18.3043   4.717831     0.0900   135.0000     0.0791 3.3206e-01     1.4347    103.187    35.7980    25.8112    100.651     80.826    18.2901          4 0.0000e+00
    441.375     81.894    18.3046   4.717932     0.0588   200.0000     0.0800 3.4346e-01     1.4341    103.202    35.7983    25.8113    100.621     81.424    18.2904          4 0.0000e+00
    442.375     82.323    18.3059   4.718096     0.0937   137.5000     0.0799 3.3144e-01     1.4343    103.301    35.7984    25.8111    100.639     81.850    18.2916          4 0.0000e+00
    443.375     82.969    18.3070   4.718207     0.0624   142.5000     0.0787 2.7334e-01     1.4340    103.311    35.7981    25.8107    100.631     82.492    18.2926          4 0.0000e+00
    444.375     83.825    18.3062   4.718122     0.0826   125.0000     0.0799 2.5536e-01     1.4343    103.329    35.7978    25.8106    100.685     83.344    18.2916          4 0.0000e+00
    447.375     84.577    18.3072   4.718243     0.0844    82.5000     0.0798 2.3608e-01     1.4338    103.258    35.7977    25.8104    100.586     84.091    18.2924          4 0.0000e+00
    448.375     85.154    18.3072   4.718284     0.0588   177.5000     0.0791 2.9024e-01     1.4334    103.237    35.7978    25.8105    100.531     84.665    18.2923          4 0.0000e+00
    449.375     85.624    18.3070   4.718260     0.0624   160.0000     0.0794 2.5976e-01     1.4331    103.300    35.7976    25.8104    100.554     85.131    18.2920          4 0.0000e+00
    450.375     86.145    18.3066   4.718246     0.0643   170.0000     0.0789 2.4563e-01     1.4332    103.293    35.7976    25.8105    100.626     85.650    18.2916          4 0.0000e+00
    451.375     86.803    18.3055   4.718169     0.0624   220.0000     0.0784 2.2929e-01     1.4337    103.271    35.7977    25.8109    100.637     86.304    18.2904          4 0.0000e+00
    452.375     87.474    18.3029   4.717944     0.0900   192.5000     0.0815 2.1690e-01     1.4328    103.248    35.7978    25.8116    100.480     86.971    18.2877          4 0.0000e+00
    453.375     87.827    18.3006   4.717742     0.0826   215.0000     0.0815 2.2644e-01     1.4328    103.187    35.7979    25.8123    100.521     87.321    18.2854          4 0.0000e+00
    454.375     88.200    18.3004   4.717750     0.0698   165.0000     0.0813 2.0308e-01     1.4322    103.144    35.7980    25.8124    100.456     87.692    18.2850          4 0.0000e+00
    455.375     88.870    18.2990   4.717619     0.0716   172.5000     0.0837 1.3779e-01     1.4320    103.222    35.7979    25.8127    100.466     88.359    18.2835          4 0.0000e+00
    456.375     89.470    18.2985   4.717610     0.0588   112.5000     0.0874 1.6806e-01     1.4318    103.338    35.7980    25.8130    100.490     88.956    18.2829          4 0.0000e+00
    457.375     89.721    18.2990   4.717697     0.0936   185.0000     0.0870 1.7650e-01     1.4319    103.178    35.7982    25.8130    100.501     89.204    18.2834          4 0.0000e+00
    458.375     90.407    18.2976   4.717547     0.0588   122.5000     0.0881 1.4648e-01     1.4319    103.121    35.7979    25.8132    100.557     89.886    18.2819          4 0.0000e+00
    459.250     90.988    18.2975   4.717589     0.0783   246.6667     0.0897 1.7132e-01     1.4323    103.116    35.7981    25.8134    100.555     90.464    18.2816          3 0.0000e+00
    461.375     91.507    18.2980   4.717643     0.0900   160.0000     0.0919 1.3239e-01     1.4192    103.064    35.7980    25.8132     96.413     90.980    18.2820          4 0.0000e+00
    462.375     92.239    18.2970   4.717573     0.0735   210.0000     0.0933 1.2881e-01     1.4008    103.131    35.7979    25.8134     95.438     91.708    18.2810          4 0.0000e+00
    463.375     92.605    18.2979   4.717681     0.0790   172.5000     0.0919 1.3054e-01     1.3982    103.145    35.7980    25.8133     96.867     92.071    18.2817          4 0.0000e+00
    464.375     92.762    18.3004   4.697866     0.0955   145.0000     0.0913 1.1808e-01     1.4004    103.325    35.6270    25.6817     97.517     92.227    18.2843          4 0.0000e+00
    580.250     92.738    18.3935   4.546000     0.2056   300.0000     0.1120 1.1813e-01     1.3610     99.215    34.2630    24.6147     93.435     92.203    18.3774          3 0.0000e+00
    584.250     92.325    18.3052   4.681647     1.5938  3180.0000     8.6639 1.1804e-01     1.4083     97.182    35.4851    25.5718     98.888     91.792    18.2891          3 0.0000e+00
    586.500     91.996    18.3003   4.715330     0.5999  1766.6667     5.9604 1.1810e-01     1.4130     98.015    35.7761    25.7958     98.536     91.466    18.2843          3 0.0000e+00
    587.375     91.325    18.2998   4.715578     0.3232  1100.0000     1.1924 1.1806e-01     1.4130    101.426    35.7789    25.7981     98.540     90.799    18.2839          4 0.0000e+00
    588.375     90.835    18.2989   4.715685     0.2369   455.0000     0.1361 1.1807e-01     1.4140    101.924    35.7807    25.7998     98.710     90.312    18.2831          4 0.0000e+00
    589.375     90.582    18.2986   4.715701     0.1451   365.0000     0.2616 1.1809e-01     1.4151    101.790    35.7813    25.8002     98.892     90.060    18.2828          4 0.0000e+00
    590.375     90.172    18.2991   4.715764     0.1744   532.5000     0.1313 1.1810e-01     1.4166    101.558    35.7815    25.8002     98.971     89.653    18.2834          4 0.0000e+00
    591.375     89.670    18.2995   4.715777     0.1763   360.0000     0.0979 1.1809e-01     1.4169    101.247    35.7815    25.8001     98.867     89.154    18.2839          4 0.0000e+00
    592.375     89.346    18.2996   4.715723     0.1524   235.0000     0.0960 1.1810e-01     1.4167    101.064    35.7810    25.7997     98.785     88.831    18.2840          4 0.0000e+00
    593.375     89.022    18.2995   4.715738     0.1139   255.0000     0.0931 1.1813e-01     1.4165    101.162    35.7814    25.7999     98.803     88.510    18.2840          4 0.0000e+00
    594.375     88.406    18.2987   4.715670     0.1047   237.5000     0.0925 1.1804e-01     1.4167    101.355    35.7817    25.8004     98.821     87.897    18.2833          4 0.0000e+00
    595.375     87.982    18.2982   4.715619     0.1267   237.5000     0.0969 1.2610e-01     1.4165    101.576    35.7819    25.8007     98.815     87.475    18.2829          4 0.0000e+00
    596.375     87.817    18.2983   4.715611     0.1084   252.5000     0.1072 1.3040e-01     1.4171    101.536    35.7818    25.8006     98.989     87.311    18.2830          4 0.0000e+00
