cruises/P45_06/_audit/08_binavg_cnv/08d_binavg_1s_full/P45_06_CTD_03_1s.cnv
* Sea-Bird SBE19plus  Data File:
* FileName = C:\Users\OA_2023-03\Desktop\Bathymetry\ctd_casts\P1_16_04_25001.hex
* Software version 2.3.0 SB_Terminal.dll
* Temperature SN = 8460
* Conductivity SN = 8460
* System UpLoad Time = Apr 16 2026 12:24:13
* <ApplicationData>
* <SeatermAF>
** cast
# nquan = 17
# nvalues = 135                         
# units = specified
# name 0 = timeS: Time, Elapsed [seconds]
# name 1 = prdM: Pressure, Strain Gauge [db]
# name 2 = tv290C: Temperature [ITS-90, deg C]
# name 3 = c0S/m: Conductivity [S/m]
# name 4 = flECO-AFL: Fluorescence, WET Labs ECO-AFL/FL [mg/m^3]
# name 5 = flECO-AFL1: Fluorescence, WET Labs ECO-AFL/FL, 2 [mg/m^3]
# name 6 = CStarAt0: Beam Attenuation, WET Labs C-Star [1/m]
# name 7 = par/sat/log: PAR/Logarithmic, Satlantic [umol photons/m^2/sec]
# name 8 = sbeox0V: Oxygen raw, SBE 43 [V]
# name 9 = sbeox0Mm/L: Oxygen, SBE 43 [umol/l]
# name 10 = sal00: Salinity, Practical [PSU]
# name 11 = sigma-é00: Density [sigma-theta, kg/m^3]
# name 12 = sbox0Mm/Kg: Oxygen, SBE 43 [umol/kg], WS = 2
# name 13 = depSM: Depth [salt water, m], lat = 5.51
# name 14 = potemp090C: Potential Temperature [ITS-90, deg C]
# name 15 = nbin: number of scans per bin
# name 16 = flag: flag
# span 0 =    312.500,    588.125       
# span 1 =      0.011,     39.103       
# span 2 =    21.6214,    29.5063       
# span 3 =   5.053715,   5.832201       
# span 4 =    -0.4738,     1.0540       
# span 5 =  -526.6667, 12495.0000       
# span 6 =     0.0797,     1.6959       
# span 7 = 3.7392e+01, 2.0449e+03       
# span 8 =     1.8467,     2.4928       
# span 9 =    139.185,    189.867       
# span 10 =    35.3242,    35.7579      
# span 11 =    22.1462,    24.8973      
# span 12 =    136.159,    190.390      
# span 13 =      0.011,     38.882      
# span 14 =    21.6137,    29.5063      
# span 15 =          2,          4      
# span 16 = 0.0000e+00, 0.0000e+00      
# interval = seconds: 1                 
# start_time = Apr 16 2026 11:16:12 [Instrument's time stamp, header]
# bad_flag = -9.990e-29
*END*
[from data line 86]
    476.375     27.574    24.8270   5.368286     0.7235   990.0000     0.2469 1.6088e+02     2.4288    184.909    35.5818    23.8355    185.911     27.419    24.8211          4 0.0000e+00
    477.375     26.640    24.9350   5.379573     0.6298   795.0000     0.2215 1.7154e+02     2.4306    184.974    35.5810    23.8019    186.310     26.490    24.9293          4 0.0000e+00
    478.375     26.038    25.1560   5.404093     0.5545   585.0000     0.2030 1.9427e+02     2.4449    185.327    35.5894    23.7408    187.572     25.892    25.1503          4 0.0000e+00
    479.375     25.807    25.2821   5.412812     0.4407   415.0000     0.2115 1.9155e+02     2.4599    187.748    35.5550    23.6762    189.081     25.662    25.2764          4 0.0000e+00
    480.375     25.088    25.5408   5.437908     0.4774   592.5000     0.2132 2.1566e+02     2.4839    189.867    35.5379    23.5835    190.390     24.948    25.5353          4 0.0000e+00
    481.375     24.001    25.9933   5.484353     0.4315   682.5000     0.2041 2.3311e+02     2.4928    188.339    35.5262    23.4341    187.822     23.866    25.9880          4 0.0000e+00
    482.375     23.577    26.4512   5.529637     0.4021   400.0000     0.1829 2.4375e+02     2.4829    185.561    35.5014    23.2716    185.082     23.445    26.4459          4 0.0000e+00
    483.375     23.347    26.6217   5.540296     0.3452   310.0000     0.1746 2.3329e+02     2.4824    186.709    35.4474    23.1769    184.876     23.216    26.6164          4 0.0000e+00
    484.375     22.510    27.0614   5.587779     0.3158   325.0000     0.1659 2.7980e+02     2.4786    187.710    35.4520    23.0402    182.880     22.384    27.0563          4 0.0000e+00
    485.375     21.999    27.5637   5.636829     0.3048   280.0000     0.1631 2.5315e+02     2.4744    188.619    35.4196    22.8540    181.081     21.876    27.5586          4 0.0000e+00
    486.375     21.788    27.7351   5.650368     0.2754   267.5000     0.1626 2.8641e+02     2.4728    188.391    35.3859    22.7730    180.416     21.667    27.7300          4 0.0000e+00
    487.375     21.108    27.8685   5.664207     0.2662   277.5000     0.1599 3.0711e+02     2.4684    185.298    35.3832    22.7275    179.508     20.989    27.8635          4 0.0000e+00
    488.375     20.514    27.9783   5.674827     0.2258   275.0000     0.1508 2.9144e+02     2.4657    184.541    35.3754    22.6857    179.147     20.400    27.9735          4 0.0000e+00
    489.375     20.026    28.0521   5.681752     0.2020   280.0000     0.1498 3.2556e+02     2.4655    184.220    35.3687    22.6565    178.853     19.913    28.0474          4 0.0000e+00
    490.375     19.448    28.1386   5.691033     0.1891   237.5000     0.1452 3.1323e+02     2.4625    183.340    35.3691    22.6283    178.272     19.340    28.1340          4 0.0000e+00
    491.375     19.095    28.2169   5.699201     0.1561   252.5000     0.1440 3.5724e+02     2.4621    183.041    35.3677    22.6015    178.317     18.988    28.2124          4 0.0000e+00
    492.375     18.743    28.2353   5.699845     0.1616   172.5000     0.1417 3.1548e+02     2.4658    182.477    35.3586    22.5886    178.645     18.639    28.2309          4 0.0000e+00
    493.375     18.036    28.2665   5.703799     0.1763   170.0000     0.1379 4.0599e+02     2.4666    182.064    35.3631    22.5817    178.409     17.936    28.2622          4 0.0000e+00
    494.375     17.666    28.3006   5.707343     0.1396   220.0000     0.1354 3.7705e+02     2.4667    182.151    35.3625    22.5700    178.340     17.567    28.2964          4 0.0000e+00
    495.375     17.300    28.3301   5.709923     0.1175   107.5000     0.1331 4.0578e+02     2.4674    181.735    35.3586    22.5572    178.374     17.204    28.3259          4 0.0000e+00
    496.375     16.461    28.4028   5.718256     0.0863   137.5000     0.1313 4.8912e+02     2.4691    181.459    35.3626    22.5362    178.201     16.369    28.3988          4 0.0000e+00
    497.375     15.951    28.4603   5.723850     0.0991   102.5000     0.1292 4.2206e+02     2.4679    181.916    35.3588    22.5143    177.890     15.862    28.4565          4 0.0000e+00
    498.375     15.640    28.4830   5.725545     0.0771   157.5000     0.1233 5.1601e+02     2.4697    181.924    35.3538    22.5030    178.188     15.553    28.4792          4 0.0000e+00
    499.375     14.957    28.5104   5.728612     0.0624   165.0000     0.1224 4.7358e+02     2.4728    181.646    35.3549    22.4947    178.160     14.873    28.5069          4 0.0000e+00
    500.375     14.449    28.5438   5.732184     0.0606    97.5000     0.1186 4.7871e+02     2.4689    181.637    35.3550    22.4838    177.301     14.369    28.5403          4 0.0000e+00
    501.375     14.317    28.5672   5.734285     0.0606   107.5000     0.1207 5.6217e+02     2.4649    181.762    35.3522    22.4738    177.318     14.237    28.5638          4 0.0000e+00
    502.375     13.548    28.5870   5.736350     0.0588    60.0000     0.1167 4.9834e+02     2.4693    181.500    35.3520    22.4671    177.867     13.472    28.5837          4 0.0000e+00
    503.250     12.512    28.6200   5.739949     0.0735   143.3333     0.1141 5.7025e+02     2.4718    181.447    35.3528    22.4566    177.767     12.442    28.6169          3 0.0000e+00
    506.375     11.228    28.7037   5.748101     0.0404    97.5000     0.1116 6.3829e+02     2.4716    180.381    35.3474    22.4247    177.696     11.166    28.7011          4 0.0000e+00
    507.125     10.265    28.7277   5.750838     0.0551    20.0000     0.1058 6.0451e+02     2.4751    180.964    35.3488    22.4177    177.672     10.208    28.7253          2 0.0000e+00
    509.500      9.823    28.8043   5.757801     0.0416    33.3333     0.1188 7.2443e+02     2.4744    180.819    35.3403    22.3858    177.476      9.768    28.8019          3 0.0000e+00
    510.375      8.497    28.8217   5.759736     0.0404    15.0000     0.1010 8.2686e+02     2.4749    180.488    35.3412    22.3805    177.134      8.449    28.8196          4 0.0000e+00
    513.500      7.211    28.8969   5.766822     0.0220     6.6667     0.0990 8.0771e+02     2.4720    180.577    35.3348    22.3504    176.790      7.171    28.8952          3 0.0000e+00
    514.375      6.162    28.9369   5.771357     0.0367    40.0000     0.0940 9.4751e+02     2.4701    180.778    35.3367    22.3386    176.228      6.128    28.9354          4 0.0000e+00
    516.375      5.675    29.0319   5.780940     0.0183  -100.0000     0.0978 1.0550e+03     2.4737    179.995    35.3327    22.3036    176.855      5.643    29.0305          4 0.0000e+00
    517.375      4.582    29.0676   5.784918     0.0183  -195.0000     0.0944 9.9574e+02     2.4763    179.629    35.3340    22.2927    176.696      4.557    29.0665          4 0.0000e+00
    518.375      3.911    29.1052   5.788604     0.0074   -42.5000     0.0930 1.2822e+03     2.4764    180.118    35.3318    22.2783    176.336      3.890    29.1042          4 0.0000e+00
    519.375      3.693    29.1404   5.792504     0.0183  1142.5000     0.0949 1.0192e+03     2.4733    179.806    35.3326    22.2671    175.889      3.673    29.1395          4 0.0000e+00
    520.375      3.125    29.1646   5.795209     0.0092   -47.5000     0.0882 1.2747e+03     2.4716    179.164    35.3335    22.2596    175.882      3.108    29.1639          4 0.0000e+00
    521.125      2.865    29.1951   5.798371     0.0183  -255.0000     0.0824 1.2606e+03     2.4737    179.839    35.3329    22.2488    176.178      2.849    29.1944          2 0.0000e+00
    525.250      2.441    29.2546   5.805687     0.0196     6.6667     0.0806 1.1425e+03     2.4795    179.292    35.3393    22.2336    176.467      2.427    29.2540          3 0.0000e+00
    532.375      2.191    29.3434   5.814546    -0.0055    87.5000     0.0817 1.4812e+03     2.4768    179.820    35.3346    22.2002    175.733      2.179    29.3429          4 0.0000e+00
    538.125      1.925    29.3753   5.818252     0.0110   140.0000     0.0806 1.6678e+03     2.4752    179.418    35.3366    22.1910    175.708      1.914    29.3747          2 0.0000e+00
    570.500      1.430    29.4795   5.829770     0.0049    60.0000     0.0804 1.2278e+03     2.3988    179.610    35.3389    22.1573    160.555      1.422    29.4792          3 0.0000e+00
    571.375      1.078    29.4866   5.830439     0.0037    42.5000     0.0805 2.0449e+03     2.2949    179.460    35.3384    22.1546    154.411      1.072    29.4863          4 0.0000e+00
    572.375      0.811    29.4898   5.830655     0.0184  -162.5000     0.0809 1.6436e+03     2.3052    179.434    35.3375    22.1528    163.561      0.806    29.4896          4 0.0000e+00
    573.375      0.513    29.5004   5.832008     0.0312  -135.0000     0.4892 1.8826e+03     2.3707    179.011    35.3391    22.1504    168.539      0.510    29.5003          4 0.0000e+00
    574.250      0.201    29.5025   5.832056     0.1444  -526.6667     1.6959 1.9401e+03     2.3818    178.736    35.3380    22.1488    167.782      0.200    29.5025          3 0.0000e+00
    588.125      0.011    29.5063   5.832201    -0.4738 12495.0000     0.9182 2.0062e+03     2.0702    154.762    35.3363    22.1462    137.116      0.011    29.5063          2 0.0000e+00
