cruises/P45_06/_audit/08_binavg_cnv/08d_binavg_1s_full/P45_06_CTD_04_1s.cnv
* Sea-Bird SBE19plus  Data File:
* FileName = C:\Users\OA_2023-03\Desktop\Bathymetry\ctd_casts\proble cast 2001.hex
* Software version 2.3.0 SB_Terminal.dll
* Temperature SN = 8460
* Conductivity SN = 8460
* System UpLoad Time = Apr 16 2026 17:48:13
* <ApplicationData>
* <SeatermAF>
# nquan = 17
# nvalues = 408                         
# units = specified
# name 0 = timeS: Time, Elapsed [seconds]
# name 1 = prdM: Pressure, Strain Gauge [db]
# name 2 = tv290C: Temperature [ITS-90, deg C]
# name 3 = c0S/m: Conductivity [S/m]
# name 4 = flECO-AFL: Fluorescence, WET Labs ECO-AFL/FL [mg/m^3]
# name 5 = flECO-AFL1: Fluorescence, WET Labs ECO-AFL/FL, 2 [mg/m^3]
# name 6 = CStarAt0: Beam Attenuation, WET Labs C-Star [1/m]
# name 7 = par/sat/log: PAR/Logarithmic, Satlantic [umol photons/m^2/sec]
# name 8 = sbeox0V: Oxygen raw, SBE 43 [V]
# name 9 = sbeox0Mm/L: Oxygen, SBE 43 [umol/l]
# name 10 = sal00: Salinity, Practical [PSU]
# name 11 = sigma-é00: Density [sigma-theta, kg/m^3]
# name 12 = sbox0Mm/Kg: Oxygen, SBE 43 [umol/kg], WS = 2
# name 13 = depSM: Depth [salt water, m], lat = 5.51
# name 14 = potemp090C: Potential Temperature [ITS-90, deg C]
# name 15 = nbin: number of scans per bin
# name 16 = flag: flag
# span 0 =    296.375,   1545.375       
# span 1 =      0.188,     92.762       
# span 2 =    18.2970,    29.5530       
# span 3 =   4.546000,   5.822294       
# span 4 =     0.0257,     1.5938       
# span 5 =  -102.5000,  3180.0000       
# span 6 =     0.0576,     8.6639       
# span 7 = 1.1804e-01, 4.7004e+02       
# span 8 =     1.3610,     2.5945       
# span 9 =     97.182,    202.998       
# span 10 =    32.9197,    35.8519      
# span 11 =    20.3504,    25.8134      
# span 12 =     93.435,    196.919      
# span 13 =      0.187,     92.227      
# span 14 =    18.2810,    29.5523      
# span 15 =          2,          4      
# span 16 = 0.0000e+00, 0.0000e+00      
# interval = seconds: 1                 
# start_time = Apr 16 2026 16:22:25 [Instrument's time stamp, header]
# bad_flag = -9.990e-29
*END*
[from data line 256]
    708.375     55.751    18.6680   4.751054     0.1396   252.5000     0.0625 1.3289e+00     1.4565    103.720    35.7729    25.6992    102.814     55.434    18.6582          4 0.0000e+00
    709.375     55.313    18.6841   4.752692     0.1634   190.0000     0.0626 1.3649e+00     1.4610    103.426    35.7729    25.6952    102.997     54.999    18.6743          4 0.0000e+00
    710.375     54.944    18.7168   4.756332     0.1671   232.5000     0.0617 1.4030e+00     1.4628    103.736    35.7754    25.6888    102.967     54.632    18.7071          4 0.0000e+00
    711.375     54.852    18.7465   4.759300     0.1837   270.0000     0.0612 1.4301e+00     1.4650    103.916    35.7747    25.6806    103.195     54.541    18.7369          2 0.0000e+00
    712.375     54.677    18.7715   4.761822     0.1800   225.0000     0.0620 1.4812e+00     1.4674    104.239    35.7744    25.6740    103.267     54.367    18.7618          4 0.0000e+00
    713.375     54.285    18.7959   4.764470     0.1744   220.0000     0.0631 1.4979e+00     1.4677    105.071    35.7757    25.6688    103.011     53.977    18.7863          4 0.0000e+00
    714.375     54.069    18.8095   4.765762     0.1818   270.0000     0.0639 1.5157e+00     1.4671    105.650    35.7749    25.6648    102.916     53.762    18.7999          4 0.0000e+00
    715.375     53.833    18.8281   4.767800     0.1855   260.0000     0.0694 1.5646e+00     1.4678    105.552    35.7761    25.6610    103.248     53.527    18.8185          4 0.0000e+00
    716.375     53.455    18.8611   4.771589     0.1873   267.5000     0.0742 1.5901e+00     1.4705    105.576    35.7796    25.6551    103.631     53.151    18.8516          4 0.0000e+00
    717.375     53.066    18.8807   4.773432     0.2020   240.0000     0.0761 1.6503e+00     1.4736    105.826    35.7783    25.6491    103.957     52.765    18.8713          4 0.0000e+00
    718.375     52.776    18.8967   4.775062     0.1910   260.0000     0.0749 1.6721e+00     1.4763    105.688    35.7782    25.6450    104.066     52.477    18.8873          4 0.0000e+00
    719.375     52.583    18.9290   4.778400     0.2130   245.0000     0.0696 1.7039e+00     1.4782    105.320    35.7784    25.6369    104.055     52.285    18.9196          4 0.0000e+00
    720.375     52.355    18.9744   4.783245     0.2130   252.5000     0.0722 1.7251e+00     1.4781    105.311    35.7799    25.6264    103.704     52.058    18.9651          4 0.0000e+00
    721.375     52.002    18.9940   4.784880     0.2405   297.5000     0.0728 1.7566e+00     1.4773    105.841    35.7769    25.6190    103.647     51.707    18.9847          4 0.0000e+00
    722.375     51.704    18.9984   4.785155     0.2350   260.0000     0.0727 1.8118e+00     1.4783    106.336    35.7755    25.6168    103.872     51.411    18.9892          4 0.0000e+00
    723.375     51.511    18.9997   4.785268     0.2203   292.5000     0.0738 1.8344e+00     1.4793    106.662    35.7754    25.6164    104.257     51.219    18.9905          4 0.0000e+00
    724.375     51.265    19.0003   4.785324     0.2277   290.0000     0.0734 1.8750e+00     1.4828    106.712    35.7755    25.6163    104.827     50.974    18.9911          4 0.0000e+00
    725.375     50.860    19.0012   4.785423     0.2387   237.5000     0.0733 1.9318e+00     1.4880    106.540    35.7757    25.6163    105.916     50.572    18.9920          4 0.0000e+00
    726.375     50.604    19.0030   4.785543     0.2277   260.0000     0.0752 1.9581e+00     1.4975    106.202    35.7752    25.6154    107.353     50.317    18.9939          4 0.0000e+00
    727.375     50.386    19.0212   4.787527     0.2332   310.0000     0.0750 2.0204e+00     1.5083    106.361    35.7762    25.6115    108.369     50.100    19.0122          4 0.0000e+00
    728.375     50.076    19.0745   4.793314     0.2699   280.0000     0.0773 2.0477e+00     1.5164    106.509    35.7789    25.5998    108.717     49.793    19.0655          4 0.0000e+00
    729.375     49.713    19.1468   4.800900     0.2809   310.0000     0.0831 2.0873e+00     1.5222    107.042    35.7801    25.5822    109.003     49.431    19.1379          4 0.0000e+00
    730.375     49.287    19.2293   4.809842     0.2828   387.5000     0.0853 2.1480e+00     1.5274    107.630    35.7840    25.5638    109.212     49.008    19.2204          4 0.0000e+00
    731.375     48.942    19.2756   4.814053     0.3268   395.0000     0.0864 2.2389e+00     1.5309    109.113    35.7794    25.5484    109.209     48.665    19.2668          4 0.0000e+00
    732.375     48.745    19.3118   4.817823     0.3232   317.5000     0.0877 2.3381e+00     1.5328    110.617    35.7798    25.5393    109.346     48.468    19.3030          4 0.0000e+00
    733.375     48.666    19.3326   4.819809     0.3214   322.5000     0.0901 2.3353e+00     1.5362    111.353    35.7786    25.5329    109.786     48.391    19.3238          4 0.0000e+00
    734.375     48.440    19.3434   4.820822     0.3489   337.5000     0.0868 2.4198e+00     1.5390    111.544    35.7778    25.5296    109.991     48.166    19.3346          4 0.0000e+00
    735.333     48.297    19.3537   4.821868     0.3452   290.0000     0.0871 2.3879e+00     1.5422    111.899    35.7776    25.5267    110.377     48.024    19.3450          3 0.0000e+00
    736.375     48.139    19.3669   4.823289     0.3562   360.0000     0.0860 2.4460e+00     1.5457    112.088    35.7782    25.5238    110.734     47.867    19.3582          4 0.0000e+00
    737.375     47.591    19.3824   4.824863     0.3544   352.5000     0.0889 2.5037e+00     1.5491    111.977    35.7783    25.5197    111.065     47.321    19.3738          4 0.0000e+00
    738.125     47.296    19.4027   4.827092     0.3599   280.0000     0.0950 2.5958e+00     1.5518    112.146    35.7794    25.5153    111.374     47.029    19.3942          2 0.0000e+00
    740.375     47.038    19.4330   4.830058     0.3654   482.5000     0.0897 2.6684e+00     1.5653    112.947    35.7783    25.5066    113.487     46.772    19.4244          4 0.0000e+00
    741.375     46.558    19.4573   4.832709     0.3819   357.5000     0.0939 2.7475e+00     1.5762    113.365    35.7796    25.5012    114.993     46.294    19.4489          4 0.0000e+00
    742.375     46.287    19.4984   4.837224     0.3856   400.0000     0.1004 2.8422e+00     1.5880    113.650    35.7820    25.4924    116.134     46.025    19.4900          4 0.0000e+00
    743.375     46.040    19.5526   4.842904     0.3948   530.0000     0.0945 2.9376e+00     1.5998    113.945    35.7827    25.4788    117.421     45.779    19.5442          4 0.0000e+00
    744.375     45.668    19.6175   4.849514     0.4554   427.5000     0.0981 2.9783e+00     1.6128    114.529    35.7821    25.4614    118.898     45.410    19.6091          4 0.0000e+00
    745.375     45.280    19.6988   4.858425     0.4995   422.5000     0.1018 3.1105e+00     1.6285    115.451    35.7865    25.4433    120.944     45.024    19.6905          4 0.0000e+00
    746.125     45.151    19.7578   4.864231     0.4995   545.0000     0.1063 3.2005e+00     1.6431    116.393    35.7841    25.4261    122.928     44.897    19.7495          2 0.0000e+00
    747.625     45.085    19.8379   4.872096     0.5288   435.0000     0.1129 3.2995e+00     1.6819    118.652    35.7806    25.4024    127.231     44.831    19.8296          2 0.0000e+00
    748.375     44.829    19.8923   4.877831     0.5197   635.0000     0.1141 3.3383e+00     1.6988    119.520    35.7816    25.3887    128.578     44.576    19.8840          4 0.0000e+00
    749.375     44.603    20.0207   4.892233     0.5637   625.0000     0.1163 3.3905e+00     1.7203    120.829    35.7908    25.3618    129.981     44.351    20.0124          4 0.0000e+00
    750.375     44.443    20.1549   4.906496     0.5913   682.5000     0.1148 3.5328e+00     1.7357    122.436    35.7938    25.3285    130.533     44.191    20.1465          4 0.0000e+00
    751.375     44.107    20.2403   4.914677     0.6133   737.5000     0.1159 3.5597e+00     1.7472    124.994    35.7883    25.3015    131.062     43.858    20.2321          4 0.0000e+00
    752.375     43.684    20.3157   4.922473     0.6280   717.5000     0.1142 3.6661e+00     1.7555    128.319    35.7882    25.2814    131.382     43.437    20.3075          4 0.0000e+00
    753.375     43.316    20.3773   4.928767     0.6298   712.5000     0.1143 3.8363e+00     1.7621    130.980    35.7876    25.2643    131.926     43.072    20.3692          4 0.0000e+00
    754.375     43.157    20.4084   4.931537     0.6463   770.0000     0.1152 3.8922e+00     1.7699    132.819    35.7839    25.2532    132.591     42.913    20.4003          4 0.0000e+00
    755.375     42.698    20.4324   4.933899     0.6445   810.0000     0.1153 4.0414e+00     1.7757    133.857    35.7830    25.2460    133.130     42.457    20.4244          4 0.0000e+00
    756.375     42.286    20.4543   4.936289     0.6757   670.0000     0.1164 4.1951e+00     1.7836    134.294    35.7841    25.2409    134.206     42.047    20.4464          4 0.0000e+00
    757.375     42.042    20.4733   4.938211     0.6959   792.5000     0.1188 4.4059e+00     1.7934    134.672    35.7838    25.2357    135.209     41.804    20.4654          4 0.0000e+00
    758.375     41.855    20.4991   4.940828     0.6831   897.5000     0.1185 4.4333e+00     1.8012    134.937    35.7834    25.2283    135.635     41.619    20.4912          4 0.0000e+00
    759.375     41.754    20.5397   4.944947     0.7419   857.5000     0.1209 4.5652e+00     1.8073    135.700    35.7826    25.2168    136.311     41.518    20.5318          4 0.0000e+00
    760.375     41.517    20.5879   4.949803     0.7602   897.5000     0.1222 4.7506e+00     1.8170    136.119    35.7815    25.2030    137.823     41.282    20.5800          4 0.0000e+00
    761.375     41.323    20.6352   4.954636     0.7565   842.5000     0.1252 4.7481e+00     1.8325    136.837    35.7809    25.1898    140.576     41.091    20.6274          4 0.0000e+00
    762.375     41.197    20.6611   4.956882     0.7621  1050.0000     0.1262 4.7830e+00     1.8600    138.112    35.7772    25.1799    144.597     40.965    20.6533          4 0.0000e+00
    763.375     40.671    20.6837   4.958909     0.7602   995.0000     0.1240 4.9237e+00     1.8942    138.924    35.7748    25.1720    149.350     40.442    20.6760          4 0.0000e+00
    764.250     40.186    20.7534   4.966633     0.7957  1010.0000     0.1242 5.2205e+00     1.9336    139.042    35.7788    25.1562    153.678     39.960    20.7458          3 0.0000e+00
    766.500     39.935    20.9498   4.988529     0.8055  1036.6667     0.1301 5.4442e+00     2.0125    142.433    35.7907    25.1117    159.683     39.710    20.9422          3 0.0000e+00
    767.375     39.332    21.0447   5.000883     0.8410  1050.0000     0.1347 5.6832e+00     2.0427    145.960    35.8107    25.1012    163.497     39.110    21.0371          4 0.0000e+00
    768.125     39.090    21.1056   5.008080     0.9035   985.0000     0.1381 5.8915e+00     2.0748    149.219    35.8177    25.0898    167.049     38.871    21.0981          2 0.0000e+00
    770.375     38.809    21.2083   5.019232     0.9604  1082.5000     0.1445 6.3299e+00     2.1438    160.764    35.8213    25.0643    170.460     38.590    21.2007          4 0.0000e+00
    771.375     38.296    21.3277   5.034588     0.9456  1105.0000     0.1467 6.6142e+00     2.1536    162.860    35.8445    25.0491    169.033     38.081    21.3204          4 0.0000e+00
    774.500     38.012    21.4936   5.050746     0.9597  1166.6667     0.1510 6.9850e+00     2.0697    175.040    35.8351    24.9961    156.191     37.798    21.4862          3 0.0000e+00
    775.375     37.813    21.5125   5.051404     0.9475  1112.5000     0.1548 7.0161e+00     2.0453    175.499    35.8247    24.9828    154.731     37.599    21.5051          4 0.0000e+00
    776.375     37.706    21.5027   5.046218     0.9604  1150.0000     0.1586 7.2390e+00     2.0359    174.790    35.7915    24.9603    158.891     37.494    21.4953          4 0.0000e+00
    777.375     37.407    21.4943   5.044278     1.0320  1132.5000     0.1626 7.4691e+00     2.0858    171.506    35.7831    24.9562    170.068     37.197    21.4870          4 0.0000e+00
    778.375     37.010    21.4903   5.042407     1.0430  1280.0000     0.1686 7.7160e+00     2.1633    164.415    35.7717    24.9486    178.155     36.802    21.4831          4 0.0000e+00
    779.375     36.495    21.5160   5.043653     1.0357  1227.5000     0.1709 8.1068e+00     2.2189    159.777    35.7604    24.9329    180.833     36.289    21.5088          4 0.0000e+00
    780.375     36.078    21.6677   5.060884     1.0595  1182.5000     0.1710 8.6175e+00     2.2514    157.193    35.7715    24.8991    181.222     35.875    21.6606          4 0.0000e+00
    781.375     35.851    21.9711   5.098063     0.9071   980.0000     0.1500 8.9702e+00     2.2696    156.590    35.8145    24.8470    180.879     35.649    21.9640          4 0.0000e+00
    783.375     35.667    22.1645   5.115484     0.6372   810.0000     0.1389 9.3977e+00     2.2973    180.009    35.7921    24.7754    183.107     35.466    22.1574          4 0.0000e+00
    784.375     35.266    22.1985   5.118994     0.5803   685.0000     0.1240 9.6876e+00     2.3152    185.762    35.7917    24.7655    184.695     35.067    22.1915          4 0.0000e+00
    787.375     34.822    22.4757   5.147242     0.3856   400.0000     0.1125 1.0221e+01     2.3392    185.240    35.7851    24.6818    185.320     34.626    22.4688          4 0.0000e+00
    788.375     34.297    22.5597   5.155157     0.3599   310.0000     0.1103 1.0592e+01     2.3482    186.053    35.7783    24.6526    186.266     34.104    22.5528          4 0.0000e+00
    789.250     34.084    22.5906   5.157734     0.3305   306.6667     0.1082 1.0670e+01     2.3577    187.778    35.7730    24.6398    187.408     33.892    22.5837          3 0.0000e+00
    791.375     33.686    22.6360   5.161978     0.3085   317.5000     0.1087 1.1284e+01     2.3938    188.613    35.7691    24.6238    191.302     33.496    22.6292          4 0.0000e+00
    792.375     33.122    22.7089   5.169274     0.2975   287.5000     0.1117 1.1716e+01     2.4103    188.967    35.7664    24.6008    193.364     32.937    22.7022          4 0.0000e+00
    793.375     32.883    22.8300   5.181315     0.3250   332.5000     0.1149 1.1929e+01     2.4375    189.739    35.7611    24.5620    195.965     32.698    22.8233          4 0.0000e+00
    794.375     32.609    23.0198   5.200879     0.2864   317.5000     0.1246 1.2410e+01     2.4580    190.614    35.7580    24.5048    196.289     32.426    23.0131          4 0.0000e+00
    795.375     31.926    23.2499   5.222889     0.3434   352.5000     0.1288 1.2715e+01     2.4691    191.959    35.7410    24.4251    195.735     31.746    23.2433          4 0.0000e+00
    796.375     31.515    23.5433   5.251529     0.3544   310.0000     0.1252 1.3442e+01     2.4740    193.357    35.7235    24.3260    194.636     31.339    23.5367          4 0.0000e+00
    798.375     31.310    24.0502   5.299275     0.2552   310.0000     0.1283 1.4358e+01     2.4791    196.179    35.6795    24.1430    193.477     31.134    24.0436          4 0.0000e+00
    799.375     31.035    24.1254   5.305889     0.2663   287.5000     0.1242 1.4397e+01     2.4820    198.182    35.6695    24.1130    193.484     30.861    24.1188          4 0.0000e+00
    800.375     30.816    24.1873   5.312333     0.2424   257.5000     0.1233 1.5050e+01     2.4853    198.076    35.6688    24.0940    193.782     30.643    24.1808          4 0.0000e+00
    801.375     30.677    24.2112   5.314053     0.2424   295.0000     0.1233 1.5046e+01     2.4912    197.600    35.6628    24.0823    194.482     30.505    24.2047          4 0.0000e+00
