cruises/P45_06/_audit/08_binavg_cnv/08d_binavg_1s_full/P45_06_CTD_05_1s.cnv
* Sea-Bird SBE19plus  Data File:
* FileName = C:\Users\OA_2023-03\Desktop\Bathymetry\ctd_casts\proble cast 2002.hex
* Software version 2.3.0 SB_Terminal.dll
* Temperature SN = 8460
* Conductivity SN = 8460
* System UpLoad Time = Apr 16 2026 17:52:48
* <ApplicationData>
* <SeatermAF>
# nquan = 17
# nvalues = 261                         
# units = specified
# name 0 = timeS: Time, Elapsed [seconds]
# name 1 = prdM: Pressure, Strain Gauge [db]
# name 2 = tv290C: Temperature [ITS-90, deg C]
# name 3 = c0S/m: Conductivity [S/m]
# name 4 = flECO-AFL: Fluorescence, WET Labs ECO-AFL/FL [mg/m^3]
# name 5 = flECO-AFL1: Fluorescence, WET Labs ECO-AFL/FL, 2 [mg/m^3]
# name 6 = CStarAt0: Beam Attenuation, WET Labs C-Star [1/m]
# name 7 = par/sat/log: PAR/Logarithmic, Satlantic [umol photons/m^2/sec]
# name 8 = sbeox0V: Oxygen raw, SBE 43 [V]
# name 9 = sbeox0Mm/L: Oxygen, SBE 43 [umol/l]
# name 10 = sal00: Salinity, Practical [PSU]
# name 11 = sigma-é00: Density [sigma-theta, kg/m^3]
# name 12 = sbox0Mm/Kg: Oxygen, SBE 43 [umol/kg], WS = 2
# name 13 = depSM: Depth [salt water, m], lat = 5.51
# name 14 = potemp090C: Potential Temperature [ITS-90, deg C]
# name 15 = nbin: number of scans per bin
# name 16 = flag: flag
# span 0 =    362.375,   1334.375       
# span 1 =      0.061,     73.900       
# span 2 =    18.3374,    29.4472       
# span 3 =   4.718201,   5.806361       
# span 4 =     0.0184,     1.0044       
# span 5 =  -110.0000,  1112.5000       
# span 6 =     0.0554,     1.4724       
# span 7 = 1.1809e-01, 4.9486e+01       
# span 8 =     1.4321,     2.5914       
# span 9 =    102.574,    200.611       
# span 10 =    35.1534,    35.8369      
# span 11 =    22.0520,    25.7850      
# span 12 =    100.147,    198.935      
# span 13 =      0.061,     73.477      
# span 14 =    18.3246,    29.4462      
# span 15 =          2,          4      
# span 16 = 0.0000e+00, 0.0000e+00      
# interval = seconds: 1                 
# start_time = Apr 16 2026 17:14:45 [Instrument's time stamp, header]
# bad_flag = -9.990e-29
*END*
[from data line 171]
   1181.375     43.278    20.6789   4.956887     0.7326   762.5000     0.1198 1.0346e+00     1.8942    138.452    35.7616    25.1633    147.732     43.034    20.6707          4 0.0000e+00
   1182.375     42.661    20.7933   4.969965     0.7290   845.0000     0.1197 1.1050e+00     1.9220    138.648    35.7713    25.1397    150.215     42.421    20.7852          4 0.0000e+00
   1183.375     42.098    20.8679   4.977887     0.7602   902.5000     0.1210 1.1679e+00     1.9473    140.441    35.7729    25.1206    152.326     41.860    20.8599          4 0.0000e+00
   1184.375     41.701    20.9160   4.982998     0.7878   865.0000     0.1243 1.2199e+00     1.9710    144.104    35.7738    25.1082    154.762     41.466    20.9080          4 0.0000e+00
   1185.375     40.942    20.9779   4.990805     0.7822   872.5000     0.1289 1.3073e+00     1.9989    147.472    35.7851    25.0999    158.903     40.711    20.9701          4 0.0000e+00
   1186.375     40.429    21.0221   4.996144     0.8263   967.5000     0.1331 1.3260e+00     2.0441    150.233    35.7912    25.0924    164.886     40.200    21.0143          4 0.0000e+00
   1187.375     40.281    21.0458   4.998857     0.8520   922.5000     0.1352 1.4133e+00     2.0899    153.269    35.7931    25.0874    167.319     40.054    21.0381          4 0.0000e+00
   1188.375     39.730    21.0802   5.002827     0.8814  1045.0000     0.1376 1.5402e+00     2.1025    155.788    35.7964    25.0805    164.463     39.506    21.0726          4 0.0000e+00
   1189.375     39.158    21.1842   5.016713     0.9053   985.0000     0.1420 1.6186e+00     2.0899    157.751    35.8210    25.0707    160.795     38.938    21.1767          4 0.0000e+00
   1190.375     38.704    21.3258   5.032332     0.9090  1050.0000     0.1443 1.7460e+00     2.0707    160.394    35.8279    25.0370    157.970     38.486    21.3183          4 0.0000e+00
   1191.375     38.313    21.4124   5.039296     0.9163  1080.0000     0.1498 1.7920e+00     2.0507    166.276    35.8114    25.0005    156.151     38.097    21.4050          4 0.0000e+00
   1192.375     37.945    21.4324   5.038261     0.9475  1085.0000     0.1531 1.8955e+00     2.0403    172.448    35.7865    24.9759    158.199     37.731    21.4251          4 0.0000e+00
   1193.375     37.504    21.4425   5.037885     1.0044  1052.5000     0.1584 1.9752e+00     2.0720    171.498    35.7753    24.9646    167.641     37.293    21.4352          4 0.0000e+00
   1194.375     37.224    21.4591   5.038359     0.9787  1112.5000     0.1621 2.0280e+00     2.1504    166.067    35.7653    24.9524    177.870     37.014    21.4519          4 0.0000e+00
   1195.375     37.067    21.4746   5.039118     0.9658  1065.0000     0.1666 2.0529e+00     2.2180    161.970    35.7585    24.9430    182.538     36.858    21.4674          4 0.0000e+00
   1196.375     36.620    21.5390   5.044567     0.9788  1100.0000     0.1686 2.1961e+00     2.2640    159.356    35.7485    24.9174    184.709     36.414    21.5318          4 0.0000e+00
   1197.375     35.790    21.8628   5.084404     0.9144  1017.5000     0.1620 2.3466e+00     2.2955    158.012    35.7963    24.8635    185.403     35.588    21.8557          4 0.0000e+00
   1198.375     35.385    22.0735   5.104638     0.7896   827.5000     0.1435 2.3694e+00     2.3200    163.659    35.7818    24.7933    186.477     35.185    22.0665          4 0.0000e+00
   1199.375     34.924    22.2162   5.120375     0.4848   447.5000     0.1238 2.5885e+00     2.3388    177.441    35.7881    24.7577    187.014     34.727    22.2093          4 0.0000e+00
   1200.375     34.246    22.3563   5.133781     0.4058   380.0000     0.1135 2.6858e+00     2.3498    186.102    35.7781    24.7104    186.980     34.053    22.3495          4 0.0000e+00
   1201.375     34.032    22.4781   5.145707     0.3746   337.5000     0.1129 2.6696e+00     2.3583    188.196    35.7715    24.6708    187.088     33.841    22.4713          4 0.0000e+00
   1202.375     33.724    22.5703   5.154799     0.3305   317.5000     0.1117 2.9395e+00     2.3626    188.827    35.7669    24.6410    186.888     33.534    22.5635          4 0.0000e+00
   1203.375     33.275    22.6048   5.157536     0.3305   267.5000     0.1114 2.9742e+00     2.3662    189.894    35.7602    24.6260    187.267     33.088    22.5981          4 0.0000e+00
   1204.375     33.019    22.6186   5.158633     0.2956   257.5000     0.1112 2.9928e+00     2.3727    191.078    35.7575    24.6199    188.290     32.833    22.6119          4 0.0000e+00
   1205.375     32.591    22.6294   5.159754     0.3287   310.0000     0.1143 3.1744e+00     2.3829    191.288    35.7576    24.6168    189.596     32.407    22.6228          4 0.0000e+00
   1206.375     31.970    22.6397   5.160825     0.3103   317.5000     0.1105 3.2932e+00     2.3953    191.467    35.7576    24.6139    191.020     31.790    22.6333          4 0.0000e+00
   1207.375     31.676    22.6529   5.161978     0.2993   317.5000     0.1074 3.3241e+00     2.4087    191.511    35.7560    24.6089    192.653     31.499    22.6465          4 0.0000e+00
   1208.375     31.131    22.7168   5.168507     0.2846   287.5000     0.1112 3.6433e+00     2.4275    191.419    35.7547    24.5896    195.063     30.957    22.7105          4 0.0000e+00
   1209.375     30.336    22.8329   5.180198     0.2773   272.5000     0.1306 3.8670e+00     2.4529    191.831    35.7510    24.5533    197.506     30.165    22.8267          4 0.0000e+00
   1210.375     30.022    22.9597   5.192214     0.2993   280.0000     0.1513 3.8571e+00     2.4767    192.899    35.7408    24.5090    198.822     29.854    22.9536          4 0.0000e+00
   1211.375     29.609    23.1740   5.213613     0.3287   267.5000     0.1261 4.1623e+00     2.4913    193.872    35.7319    24.4401    198.497     29.442    23.1679          4 0.0000e+00
   1212.375     28.892    23.4844   5.244346     0.2957   295.0000     0.1256 4.3679e+00     2.4998    194.475    35.7169    24.3381    197.996     28.730    23.4784          4 0.0000e+00
   1213.375     28.605    23.8007   5.274315     0.2736   265.0000     0.1247 4.3861e+00     2.5086    195.529    35.6910    24.2254    197.693     28.444    23.7947          4 0.0000e+00
   1214.375     28.298    24.0254   5.296181     0.2222   295.0000     0.1235 4.7455e+00     2.5153    197.890    35.6769    24.1482    197.161     28.139    24.0194          4 0.0000e+00
   1215.375     27.720    24.1594   5.308274     0.2405   260.0000     0.1207 4.9324e+00     2.5166    200.006    35.6615    24.0965    196.642     27.564    24.1535          4 0.0000e+00
   1216.375     27.235    24.2832   5.319885     0.2185   252.5000     0.1218 5.1055e+00     2.5219    200.450    35.6504    24.0512    197.480     27.082    24.2774          4 0.0000e+00
   1217.375     26.696    24.5214   5.344304     0.2332   252.5000     0.1285 5.4086e+00     2.5340    199.638    35.6448    23.9754    197.925     26.547    24.5156          4 0.0000e+00
   1218.375     26.041    24.7306   5.363960     0.2185   245.0000     0.1271 5.7103e+00     2.5425    199.429    35.6263    23.8982    197.570     25.895    24.7249          4 0.0000e+00
   1219.375     25.528    24.8276   5.371907     0.2093   310.0000     0.1255 6.0173e+00     2.5469    199.548    35.6090    23.8557    197.405     25.385    24.8221          4 0.0000e+00
   1220.375     25.120    24.9532   5.383763     0.1983   267.5000     0.1214 6.2028e+00     2.5497    198.926    35.5984    23.8095    197.399     24.979    24.9477          4 0.0000e+00
   1221.375     24.613    25.1431   5.403869     0.1745   262.5000     0.1152 6.5916e+00     2.5562    198.635    35.5984    23.7515    197.206     24.476    25.1377          4 0.0000e+00
   1222.375     24.185    25.3096   5.420762     0.1818   202.5000     0.1158 6.7535e+00     2.5574    199.902    35.5927    23.6961    196.748     24.049    25.3043          4 0.0000e+00
   1223.375     23.976    25.4093   5.429642     0.1230   200.0000     0.1148 6.7710e+00     2.5643    200.398    35.5802    23.6560    197.854     23.842    25.4040          4 0.0000e+00
   1224.375     23.608    25.4800   5.436411     0.1543   252.5000     0.1146 7.1036e+00     2.5789    200.123    35.5749    23.6302    198.935     23.475    25.4749          4 0.0000e+00
   1225.375     22.788    25.5547   5.444211     0.1120   207.5000     0.1154 7.5208e+00     2.5865    199.840    35.5742    23.6065    198.878     22.661    25.5497          4 0.0000e+00
   1226.375     22.198    25.6142   5.449636     0.1469   227.5000     0.1194 7.8634e+00     2.5882    200.408    35.5677    23.5832    197.737     22.074    25.6093          4 0.0000e+00
   1227.375     21.765    25.8115   5.468855     0.1414   192.5000     0.1220 8.3774e+00     2.5763    199.962    35.5550    23.5124    195.448     21.643    25.8066          4 0.0000e+00
   1228.375     21.395    26.2783   5.517212     0.1304   177.5000     0.1218 8.4782e+00     2.5679    199.255    35.5455    23.3592    193.362     21.276    26.2735          4 0.0000e+00
   1229.375     20.967    26.6673   5.548933     0.1102   235.0000     0.1214 8.8037e+00     2.5602    199.994    35.4753    23.1833    191.887     20.849    26.6626          4 0.0000e+00
   1230.375     20.060    27.1055   5.590833     0.1120   212.5000     0.1195 9.3436e+00     2.5629    199.123    35.4410    23.0177    191.573     19.948    27.1009          4 0.0000e+00
   1231.375     19.491    27.3371   5.610095     0.1047   115.0000     0.1217 9.4458e+00     2.5737    197.765    35.4024    22.9141    192.136     19.382    27.3325          4 0.0000e+00
   1232.375     19.197    27.5009   5.623947     0.0735   162.5000     0.1186 9.8878e+00     2.5825    195.046    35.3767    22.8419    192.271     19.090    27.4964          4 0.0000e+00
   1233.375     18.644    27.6367   5.637069     0.0936   145.0000     0.1196 1.0307e+01     2.5914    193.262    35.3671    22.7906    192.329     18.540    27.6324          4 0.0000e+00
   1234.375     18.240    27.6948   5.641038     0.0661   165.0000     0.1214 1.0480e+01     2.5903    192.536    35.3515    22.7599    191.033     18.138    27.6906          4 0.0000e+00
   1235.375     17.826    27.7806   5.648788     0.0753   150.0000     0.1219 1.1197e+01     2.5792    192.978    35.3417    22.7247    189.468     17.727    27.7764          4 0.0000e+00
   1236.375     17.560    27.8718   5.656840     0.0863   165.0000     0.1198 1.0968e+01     2.5696    194.540    35.3299    22.6859    188.000     17.462    27.8677          4 0.0000e+00
   1237.375     17.078    28.0468   5.673808     0.0588   122.5000     0.1154 1.1668e+01     2.5524    195.229    35.3179    22.6197    185.975     16.983    28.0428          4 0.0000e+00
   1238.375     16.118    28.2997   5.699104     0.0661   130.0000     0.1127 1.2267e+01     2.5456    195.083    35.3060    22.5276    185.185     16.028    28.2959          4 0.0000e+00
   1239.375     15.480    28.4661   5.713847     0.0588   115.0000     0.1137 1.2669e+01     2.5431    193.921    35.2850    22.4569    184.637     15.394    28.4624          4 0.0000e+00
   1240.250     15.179    28.6075   5.727176     0.0539   173.3333     0.1027 1.3116e+01     2.5409    191.720    35.2725    22.4007    183.836     15.094    28.6039          3 0.0000e+00
   1242.375     14.855    28.7851   5.744239     0.0478    52.5000     0.1042 1.3739e+01     2.5260    187.725    35.2592    22.3316    181.913     14.772    28.7815          4 0.0000e+00
   1243.375     14.148    28.8304   5.748681     0.0404   142.5000     0.0984 1.4139e+01     2.5238    187.049    35.2566    22.3145    181.626     14.069    28.8270          4 0.0000e+00
   1244.375     13.570    28.8836   5.753443     0.0478   162.5000     0.0941 1.4603e+01     2.5189    187.289    35.2503    22.2920    180.988     13.494    28.8803          4 0.0000e+00
   1245.375     13.143    28.9462   5.759472     0.0404    85.0000     0.0906 1.4987e+01     2.5164    187.013    35.2458    22.2677    180.699     13.070    28.9430          4 0.0000e+00
   1246.375     12.644    29.0013   5.764769     0.0441     5.0000     0.0907 1.5467e+01     2.5141    185.975    35.2418    22.2463    180.269     12.573    28.9982          4 0.0000e+00
   1247.375     12.137    29.0282   5.766680     0.0643   167.5000     0.0897 1.6085e+01     2.5115    184.922    35.2353    22.2323    180.072     12.070    29.0252          4 0.0000e+00
   1248.375     11.669    29.0435   5.767640     0.0367    52.5000     0.0887 1.6296e+01     2.5118    184.911    35.2308    22.2237    180.121     11.604    29.0406          4 0.0000e+00
   1249.375     11.360    29.0600   5.769009     0.0294    52.5000     0.0874 1.6552e+01     2.5107    184.466    35.2280    22.2162    179.877     11.296    29.0572          4 0.0000e+00
   1250.375     11.003    29.0693   5.769551     0.0349   -15.0000     0.0904 1.7430e+01     2.5096    184.182    35.2251    22.2108    179.726     10.942    29.0666          4 0.0000e+00
   1251.375     10.527    29.0822   5.770637     0.0239    55.0000     0.0902 1.7660e+01     2.5078    184.049    35.2231    22.2049    179.704     10.469    29.0797          4 0.0000e+00
   1252.375      9.832    29.1012   5.772634     0.0294   125.0000     0.0852 1.8201e+01     2.5114    183.707    35.2231    22.1985    180.137      9.778    29.0988          4 0.0000e+00
   1253.375      9.152    29.1200   5.773993     0.0312    50.0000     0.0864 1.8676e+01     2.5128    183.784    35.2188    22.1889    179.726      9.102    29.1178          4 0.0000e+00
   1254.375      8.758    29.1449   5.775733     0.0478    52.5000     0.0826 1.9012e+01     2.5061    183.680    35.2126    22.1759    178.865      8.710    29.1427          4 0.0000e+00
   1255.375      8.456    29.1712   5.777947     0.0349   -72.5000     0.0824 1.9586e+01     2.5032    183.406    35.2084    22.1639    178.943      8.409    29.1691          4 0.0000e+00
   1256.375      7.703    29.2273   5.783841     0.0349    70.0000     0.0793 2.0890e+01     2.5062    183.077    35.2079    22.1446    179.134      7.660    29.2254          4 0.0000e+00
   1257.375      6.905    29.3084   5.792587     0.0275     5.0000     0.0765 2.0899e+01     2.5063    183.339    35.2085    22.1177    178.594      6.867    29.3067          4 0.0000e+00
   1258.625      6.726    29.3556   5.797381     0.0441   105.0000     0.0750 2.0640e+01     2.5005    183.282    35.2068    22.1005    177.922      6.688    29.3540          2 0.0000e+00
   1259.375      6.321    29.3597   5.796676     0.0275    87.5000     0.0777 2.2878e+01     2.5018    182.301    35.1990    22.0932    178.272      6.286    29.3582          4 0.0000e+00
   1260.375      5.287    29.3761   5.798937     0.0220    67.5000     0.0768 2.4048e+01     2.5043    181.776    35.2028    22.0905    178.583      5.257    29.3748          4 0.0000e+00
   1261.375      4.719    29.3788   5.799049     0.0184   107.5000     0.0781 2.3567e+01     2.5078    182.451    35.2018    22.0888    178.703      4.693    29.3776          4 0.0000e+00
   1262.375      4.543    29.3769   5.798675     0.0312    95.0000     0.0780 2.4313e+01     2.5060    182.560    35.2006    22.0885    178.347      4.518    29.3758          4 0.0000e+00
   1263.375      3.822    29.3851   5.799683     0.0459     5.0000     0.0772 2.7919e+01     2.5060    181.883    35.2018    22.0865    178.578      3.801    29.3841          4 0.0000e+00
   1264.375      2.809    29.4091   5.802381     0.0349    90.0000     0.0755 2.9809e+01     2.5084    181.707    35.2028    22.0792    178.481      2.793    29.4084          4 0.0000e+00
   1267.375      2.223    29.4215   5.803284     0.0294    55.0000     0.0772 3.0121e+01     2.5048    182.286    35.2001    22.0729    178.271      2.210    29.4210          4 0.0000e+00
