cruises/P45_06/_audit/08_binavg_cnv/08d_binavg_1s_full/P45_06_CTD_05_1s.cnv
* Sea-Bird SBE19plus  Data File:
* FileName = C:\Users\OA_2023-03\Desktop\Bathymetry\ctd_casts\proble cast 2002.hex
* Software version 2.3.0 SB_Terminal.dll
* Temperature SN = 8460
* Conductivity SN = 8460
* System UpLoad Time = Apr 16 2026 17:52:48
* <ApplicationData>
* <SeatermAF>
# nquan = 17
# nvalues = 261                         
# units = specified
# name 0 = timeS: Time, Elapsed [seconds]
# name 1 = prdM: Pressure, Strain Gauge [db]
# name 2 = tv290C: Temperature [ITS-90, deg C]
# name 3 = c0S/m: Conductivity [S/m]
# name 4 = flECO-AFL: Fluorescence, WET Labs ECO-AFL/FL [mg/m^3]
# name 5 = flECO-AFL1: Fluorescence, WET Labs ECO-AFL/FL, 2 [mg/m^3]
# name 6 = CStarAt0: Beam Attenuation, WET Labs C-Star [1/m]
# name 7 = par/sat/log: PAR/Logarithmic, Satlantic [umol photons/m^2/sec]
# name 8 = sbeox0V: Oxygen raw, SBE 43 [V]
# name 9 = sbeox0Mm/L: Oxygen, SBE 43 [umol/l]
# name 10 = sal00: Salinity, Practical [PSU]
# name 11 = sigma-é00: Density [sigma-theta, kg/m^3]
# name 12 = sbox0Mm/Kg: Oxygen, SBE 43 [umol/kg], WS = 2
# name 13 = depSM: Depth [salt water, m], lat = 5.51
# name 14 = potemp090C: Potential Temperature [ITS-90, deg C]
# name 15 = nbin: number of scans per bin
# name 16 = flag: flag
# span 0 =    362.375,   1334.375       
# span 1 =      0.061,     73.900       
# span 2 =    18.3374,    29.4472       
# span 3 =   4.718201,   5.806361       
# span 4 =     0.0184,     1.0044       
# span 5 =  -110.0000,  1112.5000       
# span 6 =     0.0554,     1.4724       
# span 7 = 1.1809e-01, 4.9486e+01       
# span 8 =     1.4321,     2.5914       
# span 9 =    102.574,    200.611       
# span 10 =    35.1534,    35.8369      
# span 11 =    22.0520,    25.7850      
# span 12 =    100.147,    198.935      
# span 13 =      0.061,     73.477      
# span 14 =    18.3246,    29.4462      
# span 15 =          2,          4      
# span 16 = 0.0000e+00, 0.0000e+00      
# interval = seconds: 1                 
# start_time = Apr 16 2026 17:14:45 [Instrument's time stamp, header]
# bad_flag = -9.990e-29
*END*
[from data line 86]
    555.375     55.661    19.0141   4.787427     0.2314   212.5000     0.0761 6.9259e-01     1.4972    109.285    35.7795    25.6161    105.852     55.346    19.0042          4 0.0000e+00
    556.375     55.983    19.0135   4.787332     0.1983   210.0000     0.0761 6.3624e-01     1.4965    107.321    35.7791    25.6159    105.431     55.665    19.0035          4 0.0000e+00
    557.375     56.612    19.0089   4.786865     0.2020   202.5000     0.0768 5.5055e-01     1.4932    107.368    35.7790    25.6171    104.715     56.291    18.9988          4 0.0000e+00
    559.500     57.060    19.0089   4.786725     0.2130   253.3333     0.0754 5.9846e-01     1.4821    108.282    35.7776    25.6160    103.523     56.736    18.9987          3 0.0000e+00
    560.375     57.722    18.9895   4.784826     0.2075   180.0000     0.0726 4.6864e-01     1.4783    108.683    35.7782    25.6214    103.583     57.394    18.9792          4 0.0000e+00
    561.375     58.550    18.9402   4.779580     0.1763   202.5000     0.0672 5.0108e-01     1.4786    108.637    35.7765    25.6328    103.930     58.218    18.9297          4 0.0000e+00
    562.375     58.972    18.9112   4.776723     0.1873   205.0000     0.0681 5.2951e-01     1.4781    107.998    35.7773    25.6409    104.155     58.637    18.9007          4 0.0000e+00
    563.375     59.308    18.9029   4.776172     0.1836   227.5000     0.0721 4.9734e-01     1.4793    107.000    35.7797    25.6449    103.915     58.971    18.8924          4 0.0000e+00
    564.375     60.002    18.8487   4.770425     0.1616   190.0000     0.0757 4.1473e-01     1.4767    106.411    35.7781    25.6574    103.557     59.661    18.8380          4 0.0000e+00
    565.375     60.538    18.7930   4.764333     0.1616   190.0000     0.0758 4.5983e-01     1.4731    106.192    35.7747    25.6691    103.127     60.193    18.7823          4 0.0000e+00
    566.375     60.729    18.7809   4.763310     0.1726   157.5000     0.0780 4.5966e-01     1.4693    106.719    35.7766    25.6736    102.723     60.383    18.7701          4 0.0000e+00
    567.375     61.400    18.7674   4.761738     0.1469   222.5000     0.0688 3.4959e-01     1.4652    106.911    35.7748    25.6757    102.317     61.051    18.7565          4 0.0000e+00
    568.375     62.054    18.7398   4.758635     0.1414   200.0000     0.0599 3.9009e-01     1.4620    107.337    35.7723    25.6808    102.176     61.701    18.7288          4 0.0000e+00
    569.375     62.308    18.7221   4.756720     0.1543   165.0000     0.0571 4.1497e-01     1.4592    106.687    35.7713    25.6846    101.941     61.954    18.7112          4 0.0000e+00
    570.375     62.985    18.7017   4.754711     0.1414   207.5000     0.0582 3.3043e-01     1.4565    106.134    35.7718    25.6902    101.752     62.627    18.6906          4 0.0000e+00
    571.125     63.483    18.6809   4.752667     0.0992   170.0000     0.0606 3.3571e-01     1.4553    105.713    35.7724    25.6960    101.781     63.122    18.6697          2 0.0000e+00
    573.375     64.033    18.6564   4.750633     0.1231   207.5000     0.0605 3.0050e-01     1.4543    104.824    35.7762    25.7051    102.079     63.669    18.6451          4 0.0000e+00
   1097.625     64.683    18.5635   4.740765     0.0918   120.0000     0.0659 1.9767e-01     1.4465    104.455    35.7732    25.7263    101.173     64.314    18.5521          2 0.0000e+00
   1098.375     65.087    18.5500   4.739337     0.0863    82.5000     0.0622 2.1734e-01     1.4458    104.543    35.7727    25.7293    101.069     64.716    18.5386          4 0.0000e+00
   1099.375     65.505    18.5279   4.736961     0.0790   165.0000     0.0595 2.0200e-01     1.4442    104.562    35.7716    25.7341    100.840     65.131    18.5164          4 0.0000e+00
   1100.375     65.966    18.4913   4.733207     0.0771   225.0000     0.0592 1.9773e-01     1.4423    104.359    35.7715    25.7433    100.823     65.590    18.4797          4 0.0000e+00
   1101.375     66.232    18.4666   4.730726     0.1047   145.0000     0.0572 2.1108e-01     1.4418    103.962    35.7717    25.7497    100.850     65.854    18.4550          4 0.0000e+00
   1102.375     66.769    18.4461   4.728969     0.0845   137.5000     0.0558 1.4501e-01     1.4405    103.715    35.7745    25.7570    100.685     66.389    18.4344          4 0.0000e+00
   1103.375     67.530    18.4196   4.726335     0.0992   220.0000     0.0557 1.5807e-01     1.4390    103.953    35.7749    25.7640    100.533     67.145    18.4078          4 0.0000e+00
   1105.375     68.097    18.4057   4.725005     0.0900   212.5000     0.0571 1.4255e-01     1.4369    103.501    35.7755    25.7680    100.603     67.709    18.3938          4 0.0000e+00
   1106.375     68.875    18.3951   4.723860     0.0863   172.5000     0.0580 1.1833e-01     1.4374    103.585    35.7748    25.7701    100.719     68.481    18.3830          4 0.0000e+00
   1107.375     69.561    18.3891   4.723323     0.0900   117.5000     0.0564 1.2057e-01     1.4372    103.493    35.7751    25.7719    100.632     69.164    18.3770          4 0.0000e+00
   1108.375     69.987    18.3872   4.723119     0.0918   197.5000     0.0558 1.2080e-01     1.4369    103.266    35.7749    25.7722    100.465     69.587    18.3750          4 0.0000e+00
   1109.375     70.455    18.3871   4.723128     0.0771    90.0000     0.0554 1.1813e-01     1.4347    103.039    35.7748    25.7722    100.147     70.052    18.3749          4 0.0000e+00
   1110.375     70.913    18.3861   4.722997     0.0716   157.5000     0.0570 1.1813e-01     1.4338    103.095    35.7745    25.7722    100.235     70.508    18.3737          4 0.0000e+00
   1111.375     71.424    18.3858   4.723026     0.0808   165.0000     0.0558 1.1813e-01     1.4333    103.332    35.7748    25.7725    100.190     71.016    18.3733          4 0.0000e+00
   1112.375     72.126    18.3762   4.722000     0.0716   122.5000     0.0567 1.1812e-01     1.4329    103.357    35.7742    25.7745    100.288     71.713    18.3636          4 0.0000e+00
   1114.375     72.603    18.3680   4.721263     0.0716   185.0000     0.0558 1.1814e-01     1.4334    102.874    35.7749    25.7771    100.307     72.188    18.3553          4 0.0000e+00
   1119.375     72.832    18.3557   4.719881     0.0882   225.0000     0.0558 1.1819e-01     1.4331    103.000    35.7738    25.7794    100.443     72.415    18.3430          2 0.0000e+00
   1127.625     73.044    18.3550   4.719816     0.0588   100.0000     0.0577 1.1813e-01     1.4324    103.084    35.7737    25.7795    100.281     72.626    18.3423          2 0.0000e+00
   1128.375     73.550    18.3456   4.718970     0.0772   150.0000     0.0571 1.1819e-01     1.4322    102.980    35.7746    25.7825    100.263     73.130    18.3328          4 0.0000e+00
   1129.375     73.900    18.3379   4.718240     0.0808   115.0000     0.0573 1.1813e-01     1.4321    102.885    35.7749    25.7847    100.278     73.477    18.3250          4 0.0000e+00
   1130.250     73.582    18.3374   4.718201     0.0735   173.3333     0.0554 1.1810e-01     1.4324    102.574    35.7751    25.7850    100.328     73.161    18.3246          3 0.0000e+00
   1134.375     73.259    18.3435   4.718759     0.0735   197.5000     0.0562 1.1814e-01     1.4340    102.840    35.7747    25.7831    100.442     72.840    18.3307          4 0.0000e+00
   1135.375     72.788    18.3516   4.719514     0.0936   162.5000     0.0567 1.1815e-01     1.4340    102.851    35.7742    25.7807    100.442     72.372    18.3389          4 0.0000e+00
   1136.375     72.094    18.3684   4.721147     0.0863   225.0000     0.0564 1.1820e-01     1.4341    102.851    35.7738    25.7761    100.503     71.682    18.3558          4 0.0000e+00
   1137.375     70.890    18.3812   4.722360     0.1028   177.5000     0.0579 1.1809e-01     1.4353    102.862    35.7734    25.7726    100.708     70.485    18.3688          4 0.0000e+00
   1138.375     70.084    18.3844   4.722499     0.1065   220.0000     0.0570 1.1839e-01     1.4367    103.074    35.7721    25.7708    100.880     69.684    18.3721          4 0.0000e+00
   1139.375     69.513    18.3867   4.722747     0.0753   180.0000     0.0568 1.1895e-01     1.4383    103.011    35.7724    25.7704    101.112     69.117    18.3746          4 0.0000e+00
   1140.375     68.760    18.3868   4.722684     0.1065   205.0000     0.0565 1.2373e-01     1.4407    102.886    35.7720    25.7700    101.418     68.368    18.3748          4 0.0000e+00
   1141.375     68.032    18.3911   4.723073     0.1010   210.0000     0.0578 1.1956e-01     1.4428    102.912    35.7718    25.7688    101.611     67.644    18.3792          4 0.0000e+00
   1142.375     67.256    18.4031   4.724311     0.1047   192.5000     0.0581 1.3370e-01     1.4450    103.102    35.7722    25.7660    101.908     66.873    18.3913          4 0.0000e+00
   1143.375     66.581    18.4259   4.726546     0.1010   180.0000     0.0578 1.3079e-01     1.4482    103.334    35.7716    25.7599    102.117     66.201    18.4142          4 0.0000e+00
   1144.375     65.835    18.4576   4.729584     0.0845   122.5000     0.0566 1.6094e-01     1.4494    103.491    35.7701    25.7507    101.945     65.459    18.4461          4 0.0000e+00
   1145.375     65.171    18.4962   4.733543     0.1010   172.5000     0.0579 1.4830e-01     1.4497    103.737    35.7703    25.7411    101.953     64.799    18.4848          4 0.0000e+00
   1146.375     64.468    18.5317   4.737071     0.0992   240.0000     0.0624 1.9468e-01     1.4516    103.957    35.7696    25.7316    102.200     64.100    18.5204          4 0.0000e+00
   1147.375     63.616    18.5546   4.739461     0.1010   197.5000     0.0614 1.8402e-01     1.4531    104.109    35.7703    25.7263    102.235     63.254    18.5434          4 0.0000e+00
   1148.375     63.136    18.5636   4.740297     0.1249   200.0000     0.0609 1.8679e-01     1.4547    104.510    35.7697    25.7235    102.616     62.776    18.5525          4 0.0000e+00
   1149.375     62.595    18.5786   4.741648     0.1084   227.5000     0.0622 2.1858e-01     1.4584    104.538    35.7683    25.7187    103.215     62.239    18.5676          4 0.0000e+00
   1150.375     61.544    18.6264   4.747164     0.1267   225.0000     0.0640 2.3516e-01     1.4635    104.249    35.7739    25.7108    103.766     61.194    18.6155          4 0.0000e+00
   1151.375     60.918    18.6650   4.750570     0.1432   232.5000     0.0646 2.2001e-01     1.4682    104.421    35.7694    25.6976    104.146     60.572    18.6543          4 0.0000e+00
   1152.375     60.516    18.6911   4.752967     0.1432   220.0000     0.0628 2.5151e-01     1.4725    104.634    35.7672    25.6892    104.266     60.172    18.6804          4 0.0000e+00
   1153.375     59.797    18.7171   4.755478     0.1616   217.5000     0.0595 2.6748e-01     1.4739    104.698    35.7661    25.6818    104.379     59.457    18.7065          4 0.0000e+00
   1154.375     58.973    18.7620   4.760442     0.1708   182.5000     0.0608 2.4785e-01     1.4786    105.247    35.7694    25.6728    105.135     58.638    18.7516          4 0.0000e+00
   1155.375     57.880    18.8150   4.765780     0.1891   170.0000     0.0679 2.9096e-01     1.4840    105.938    35.7689    25.6589    105.592     57.552    18.8047          4 0.0000e+00
   1156.375     57.004    18.8658   4.771170     0.2002   207.5000     0.0761 3.2150e-01     1.4885    106.432    35.7706    25.6473    105.805     56.681    18.8557          4 0.0000e+00
   1157.375     56.505    18.9082   4.775144     0.1873   245.0000     0.0771 3.2153e-01     1.4922    106.771    35.7675    25.6340    105.918     56.184    18.8982          4 0.0000e+00
   1158.375     55.893    18.9853   4.783958     0.2057   220.0000     0.0719 3.5219e-01     1.4940    106.493    35.7752    25.6202    105.909     55.575    18.9753          4 0.0000e+00
   1159.375     55.221    19.0209   4.786787     0.2130   257.5000     0.0691 3.6855e-01     1.4977    106.909    35.7685    25.6059    106.660     54.908    19.0110          4 0.0000e+00
   1160.375     54.787    19.0391   4.788493     0.2259   252.5000     0.0669 3.6841e-01     1.5044    107.811    35.7673    25.6003    107.738     54.476    19.0293          4 0.0000e+00
   1161.375     54.218    19.0514   4.789611     0.2350   245.0000     0.0677 4.1831e-01     1.5138    108.269    35.7662    25.5963    109.165     53.910    19.0417          4 0.0000e+00
   1162.375     53.716    19.0650   4.790695     0.2534   280.0000     0.0661 4.2014e-01     1.5262    108.479    35.7638    25.5909    110.799     53.411    19.0554          4 0.0000e+00
   1163.375     53.182    19.1252   4.797361     0.2718   290.0000     0.0702 4.2021e-01     1.5392    108.397    35.7679    25.5786    111.716     52.880    19.1156          4 0.0000e+00
   1164.375     52.639    19.2041   4.805787     0.2700   247.5000     0.0797 4.5618e-01     1.5482    108.584    35.7705    25.5602    112.262     52.340    19.1947          4 0.0000e+00
   1165.375     51.871    19.2760   4.812988     0.3066   267.5000     0.0840 4.8078e-01     1.5578    109.606    35.7692    25.5406    113.412     51.578    19.2666          4 0.0000e+00
   1166.375     50.789    19.3592   4.822285     0.3415   360.0000     0.0881 5.1697e-01     1.5700    110.854    35.7756    25.5239    114.959     50.502    19.3500          4 0.0000e+00
   1167.375     50.297    19.4120   4.827162     0.3471   302.5000     0.0914 5.1252e-01     1.5863    112.504    35.7709    25.5066    117.757     50.012    19.4029          4 0.0000e+00
   1168.375     50.074    19.4641   4.832638     0.3691   332.5000     0.0924 5.4900e-01     1.6152    114.166    35.7719    25.4938    123.052     49.791    19.4550          4 0.0000e+00
   1169.375     49.286    19.5281   4.839350     0.3691   402.5000     0.0939 5.6581e-01     1.6612    114.655    35.7731    25.4780    128.817     49.007    19.5191          4 0.0000e+00
   1170.375     48.555    19.6221   4.849348     0.4150   387.5000     0.0990 6.0289e-01     1.7036    115.278    35.7758    25.4555    131.841     48.280    19.6132          4 0.0000e+00
   1171.375     48.246    19.7625   4.863206     0.4462   470.0000     0.1071 6.3214e-01     1.7340    116.635    35.7704    25.4145    133.196     47.972    19.7536          4 0.0000e+00
   1172.375     47.530    20.0656   4.896963     0.5142   505.0000     0.1112 6.9763e-01     1.7550    118.250    35.7903    25.3497    133.319     47.261    20.0568          4 0.0000e+00
   1173.250     46.867    20.2655   4.916735     0.5680   566.6667     0.1163 7.3993e-01     1.7666    121.110    35.7828    25.2907    133.307     46.602    20.2567          3 0.0000e+00
   1174.625     46.706    20.3782   4.926049     0.6170   600.0000     0.1179 7.5160e-01     1.7801    130.529    35.7634    25.2459    134.197     46.441    20.3694          2 0.0000e+00
   1175.375     46.282    20.4185   4.931324     0.6170   697.5000     0.1158 7.8727e-01     1.7870    134.226    35.7725    25.2419    134.771     46.020    20.4098          4 0.0000e+00
   1176.375     45.648    20.4598   4.935519     0.6666   697.5000     0.1174 8.2376e-01     1.7958    136.164    35.7720    25.2304    135.338     45.390    20.4512          4 0.0000e+00
   1177.375     45.361    20.4889   4.938113     0.6776   717.5000     0.1189 8.5244e-01     1.8024    136.851    35.7686    25.2201    136.403     45.105    20.4803          4 0.0000e+00
   1178.375     44.848    20.5358   4.943081     0.6537   755.0000     0.1192 8.9723e-01     1.8175    136.860    35.7696    25.2081    139.065     44.594    20.5273          4 0.0000e+00
   1179.375     44.079    20.5844   4.947730     0.6996   867.5000     0.1212 9.3346e-01     1.8417    136.971    35.7666    25.1928    142.253     43.830    20.5761          4 0.0000e+00
