cruises/P45_06/_audit/08_binavg_cnv/08d_binavg_1s_full/P45_06_CTD_01_1s.cnv
* Sea-Bird SBE19plus  Data File:
* FileName = C:\Users\OA_2023-03\Desktop\Bathymetry\ctd_casts\J1_15_04_25001.hex
* Software version 2.3.0 SB_Terminal.dll
* Temperature SN = 8460
* Conductivity SN = 8460
* System UpLoad Time = Apr 15 2026 12:50:42
* <ApplicationData>
* <SeatermAF>
** FIRST MAURIE_CAST
# nquan = 17
# nvalues = 137                         
# units = specified
# name 0 = timeS: Time, Elapsed [seconds]
# name 1 = prdM: Pressure, Strain Gauge [db]
# name 2 = tv290C: Temperature [ITS-90, deg C]
# name 3 = c0S/m: Conductivity [S/m]
# name 4 = flECO-AFL: Fluorescence, WET Labs ECO-AFL/FL [mg/m^3]
# name 5 = flECO-AFL1: Fluorescence, WET Labs ECO-AFL/FL, 2 [mg/m^3]
# name 6 = CStarAt0: Beam Attenuation, WET Labs C-Star [1/m]
# name 7 = par/sat/log: PAR/Logarithmic, Satlantic [umol photons/m^2/sec]
# name 8 = sbeox0V: Oxygen raw, SBE 43 [V]
# name 9 = sbeox0Mm/L: Oxygen, SBE 43 [umol/l]
# name 10 = sal00: Salinity, Practical [PSU]
# name 11 = sigma-é00: Density [sigma-theta, kg/m^3]
# name 12 = sbox0Mm/Kg: Oxygen, SBE 43 [umol/kg], WS = 2
# name 13 = depSM: Depth [salt water, m], lat = 5.51
# name 14 = potemp090C: Potential Temperature [ITS-90, deg C]
# name 15 = nbin: number of scans per bin
# name 16 = flag: flag
# span 0 =    472.625,    692.125       
# span 1 =     -0.024,     41.057       
# span 2 =    22.3147,    29.5777       
# span 3 =   5.122654,   5.825915       
# span 4 =    -0.2626,     1.1568       
# span 5 =-35915.0000,  1225.0000       
# span 6 =     0.1298,    14.4358       
# span 7 = 1.1788e-01, 1.1812e-01       
# span 8 =     2.0064,     2.5249       
# span 9 =    154.987,    194.219       
# span 10 =    35.2137,    35.7286      
# span 11 =    22.0502,    24.6836      
# span 12 =    137.502,    191.480      
# span 13 =     -0.024,     40.826      
# span 14 =    22.3065,    29.5771      
# span 15 =          2,          4      
# span 16 = 0.0000e+00, 0.0000e+00      
# interval = seconds: 1                 
# start_time = Apr 15 2026 11:42:49 [Instrument's time stamp, header]
# bad_flag = -9.990e-29
*END*
    472.625      1.521    29.5316   5.820068     0.0221   -50.0000     0.1313 1.1804e-01     2.4247    174.231    35.2343    22.0613    170.230      1.512    29.5313          2 0.0000e+00
    473.375      1.948    29.4695   5.811803     0.0220  -100.0000     0.1320 1.1795e-01     2.4213    174.783    35.2233    22.0740    170.249      1.937    29.4690          4 0.0000e+00
    500.375      2.391    29.5777   5.825915     0.0294   112.5000     0.1298 1.1793e-01     2.4177    174.234    35.2402    22.0502    169.874      2.378    29.5771          4 0.0000e+00
    501.375      2.642    29.4490   5.809173     0.0220    12.5000     0.1309 1.1795e-01     2.4197    174.458    35.2201    22.0787    170.547      2.627    29.4483          4 0.0000e+00
    502.375      3.141    29.3152   5.793905     0.0202    95.0000     0.1317 1.1803e-01     2.4197    174.512    35.2137    22.1190    170.792      3.123    29.3144          4 0.0000e+00
    503.375      3.931    29.2087   5.782764     0.0294    32.5000     0.1366 1.1802e-01     2.4183    174.586    35.2153    22.1561    171.012      3.910    29.2077          4 0.0000e+00
    504.375      4.502    29.1317   5.775342     0.0239    95.0000     0.1354 1.1798e-01     2.4185    174.958    35.2207    22.1861    171.223      4.478    29.1307          4 0.0000e+00
    505.375      5.057    29.1148   5.774370     0.0294    35.0000     0.1389 1.1794e-01     2.4172    175.046    35.2264    22.1961    171.247      5.029    29.1135          4 0.0000e+00
    506.375      5.742    29.1029   5.773260     0.0110    -7.5000     0.1424 1.1799e-01     2.4181    175.319    35.2274    22.2008    171.324      5.710    29.1015          4 0.0000e+00
    507.375      6.444    29.0932   5.772347     0.0220    90.0000     0.1392 1.1796e-01     2.4159    175.468    35.2280    22.2046    171.117      6.409    29.0917          4 0.0000e+00
    508.375      6.933    29.0877   5.771761     0.0404   130.0000     0.1383 1.1796e-01     2.4167    175.192    35.2279    22.2064    171.550      6.895    29.0860          4 0.0000e+00
    509.375      7.489    29.0809   5.771152     0.0275    67.5000     0.1398 1.1796e-01     2.4218    175.265    35.2285    22.2092    172.025      7.448    29.0791          4 0.0000e+00
    510.375      8.417    29.0727   5.770561     0.0275    95.0000     0.1471 1.1795e-01     2.4209    175.149    35.2302    22.2133    171.531      8.370    29.0707          4 0.0000e+00
    511.375      9.198    29.0663   5.770024     0.0275    47.5000     0.1469 1.1802e-01     2.4171    175.351    35.2310    22.2161    171.293      9.147    29.0641          4 0.0000e+00
    512.375      9.565    29.0650   5.769971     0.0294    50.0000     0.1418 1.1796e-01     2.4169    175.117    35.2315    22.2169    171.480      9.512    29.0627          4 0.0000e+00
    513.375     10.196    29.0604   5.769673     0.0294   177.5000     0.1404 1.1798e-01     2.4185    175.155    35.2326    22.2194    171.831     10.139    29.0579          4 0.0000e+00
    514.375     11.207    29.0534   5.769324     0.0257    32.5000     0.1417 1.1794e-01     2.4213    176.015    35.2351    22.2237    171.987     11.145    29.0507          4 0.0000e+00
    515.375     11.860    29.0489   5.768889     0.0257    62.5000     0.1417 1.1793e-01     2.4207    175.945    35.2353    22.2254    171.754     11.794    29.0460          4 0.0000e+00
    516.375     12.104    29.0469   5.768740     0.0275    75.0000     0.1421 1.1798e-01     2.4185    175.138    35.2356    22.2263    171.636     12.037    29.0440          4 0.0000e+00
    517.375     12.846    29.0407   5.768059     0.0312    77.5000     0.1403 1.1798e-01     2.4190    175.224    35.2353    22.2282    171.707     12.775    29.0376          4 0.0000e+00
    518.375     13.828    29.0368   5.767875     0.0386    92.5000     0.1439 1.1796e-01     2.4171    175.598    35.2366    22.2305    171.531     13.751    29.0335          4 0.0000e+00
    519.375     14.392    29.0359   5.767821     0.0331    52.5000     0.1440 1.1800e-01     2.4165    176.072    35.2368    22.2311    171.707     14.312    29.0324          4 0.0000e+00
    520.375     14.907    29.0337   5.767716     0.0221   110.0000     0.1442 1.1804e-01     2.4203    175.881    35.2375    22.2323    172.140     14.823    29.0301          4 0.0000e+00
    521.375     15.662    29.0296   5.767607     0.0386    67.5000     0.1425 1.1798e-01     2.4201    175.501    35.2396    22.2353    171.792     15.575    29.0258          4 0.0000e+00
    522.375     16.421    29.0239   5.767226     0.0294   150.0000     0.1406 1.1797e-01     2.4179    175.649    35.2409    22.2383    171.952     16.330    29.0200          4 0.0000e+00
    523.375     17.085    29.0186   5.767054     0.0331   150.0000     0.1441 1.1794e-01     2.4241    175.492    35.2434    22.2421    172.812     16.989    29.0144          4 0.0000e+00
    524.375     17.655    29.0153   5.767245     0.0386    95.0000     0.1450 1.1794e-01     2.4282    175.417    35.2470    22.2459    173.052     17.556    29.0111          4 0.0000e+00
    525.375     18.264    28.9908   5.765638     0.0496   110.0000     0.1407 1.1804e-01     2.4322    176.041    35.2539    22.2592    173.656     18.162    28.9864          4 0.0000e+00
    526.375     18.963    28.9290   5.760849     0.0312   115.0000     0.1412 1.1796e-01     2.4399    176.248    35.2664    22.2893    174.690     18.857    28.9244          4 0.0000e+00
    527.375     19.719    28.8376   5.753502     0.0441   205.0000     0.1429 1.1802e-01     2.4465    175.919    35.2830    22.3324    175.444     19.608    28.8328          4 0.0000e+00
    528.375     20.588    28.7068   5.741991     0.0404   177.5000     0.1414 1.1798e-01     2.4535    177.198    35.3000    22.3888    176.513     20.472    28.7019          4 0.0000e+00
    529.375     21.316    28.6182   5.734626     0.0533   107.5000     0.1499 1.1796e-01     2.4584    178.230    35.3145    22.4292    177.047     21.197    28.6131          4 0.0000e+00
    530.375     21.710    28.5868   5.733132     0.0459   220.0000     0.1514 1.1798e-01     2.4630    178.580    35.3274    22.4493    177.697     21.588    28.5816          4 0.0000e+00
    531.375     22.383    28.5142   5.725904     0.0533   155.0000     0.1457 1.1805e-01     2.4707    179.650    35.3310    22.4761    178.975     22.258    28.5088          4 0.0000e+00
    532.375     23.409    28.3969   5.711487     0.0570   192.5000     0.1450 1.1798e-01     2.4837    180.780    35.3178    22.5050    181.116     23.279    28.3913          4 0.0000e+00
    533.375     24.072    28.3125   5.702586     0.0992   177.5000     0.1502 1.1792e-01     2.5041    181.663    35.3184    22.5334    183.288     23.937    28.3068          4 0.0000e+00
    534.375     24.426    28.1695   5.688817     0.0973   217.5000     0.1535 1.1801e-01     2.5168    182.454    35.3290    22.5884    183.870     24.289    28.1637          4 0.0000e+00
    535.375     25.183    27.6803   5.638420     0.1634   267.5000     0.1561 1.1793e-01     2.5129    183.813    35.3418    22.7578    183.880     25.042    27.6744          4 0.0000e+00
    536.375     26.018    27.1339   5.588470     0.1928   245.0000     0.1642 1.1799e-01     2.5003    186.565    35.4007    22.9786    184.539     25.873    27.1279          4 0.0000e+00
    537.375     26.308    26.9052   5.571866     0.1708   230.0000     0.1745 1.1795e-01     2.4984    189.320    35.4563    23.0937    185.198     26.161    26.8992          4 0.0000e+00
    538.375     26.738    26.7857   5.562451     0.2002   280.0000     0.1739 1.1804e-01     2.4866    192.298    35.4800    23.1497    183.268     26.588    26.7796          4 0.0000e+00
    539.375     27.873    26.5522   5.538820     0.2112   280.0000     0.1811 1.1797e-01     2.4627    194.219    35.4887    23.2305    180.899     27.717    26.5459          4 0.0000e+00
    540.125     28.587    26.2899   5.516711     0.2130   265.0000     0.1925 1.1796e-01     2.4403    194.137    35.5306    23.3449    178.731     28.427    26.2835          2 0.0000e+00
    542.375     29.192    25.9837   5.484260     0.2130   260.0000     0.1891 1.1803e-01     2.3413    191.706    35.5313    23.4412    170.097     29.028    25.9771          4 0.0000e+00
    543.375     30.172    25.5075   5.434609     0.2700   372.5000     0.1846 1.1806e-01     2.3112    192.556    35.5381    23.5943    169.865     30.003    25.5008          4 0.0000e+00
    544.375     30.808    25.3526   5.421114     0.4205   510.0000     0.1846 1.1795e-01     2.2923    189.726    35.5594    23.6582    169.462     30.635    25.3458          4 0.0000e+00
    545.375     31.224    25.2497   5.410620     0.6041   822.5000     0.1846 1.1798e-01     2.2804    185.824    35.5624    23.6921    167.564     31.049    25.2429          4 0.0000e+00
    546.375     32.054    25.0535   5.389815     0.6096   682.5000     0.1989 1.1801e-01     2.2411    180.872    35.5622    23.7520    162.344     31.874    25.0465          4 0.0000e+00
    547.375     32.691    24.7868   5.363013     0.7143   925.0000     0.2335 1.1791e-01     2.1951    176.611    35.5726    23.8409    159.056     32.507    24.7797          4 0.0000e+00
    548.375     33.195    24.5115   5.338380     0.6372   815.0000     0.2385 1.1795e-01     2.1611    175.152    35.6060    23.9494    157.214     33.009    24.5044          4 0.0000e+00
    549.375     33.872    24.1164   5.298875     0.7859  1077.5000     0.2321 1.1791e-01     2.1302    175.647    35.6226    24.0802    155.665     33.682    24.1093          4 0.0000e+00
    550.375     34.585    23.6290   5.249179     0.8979  1147.5000     0.2237 1.1796e-01     2.1067    177.048    35.6354    24.2342    155.754     34.391    23.6218          4 0.0000e+00
    551.375     34.928    23.3550   5.224237     0.9126  1167.5000     0.2327 1.1797e-01     2.0939    172.932    35.6652    24.3371    155.834     34.731    23.3478          4 0.0000e+00
    552.375     35.334    23.2000   5.210275     0.8428  1070.0000     0.2317 1.1800e-01     2.0839    166.462    35.6832    24.3959    155.885     35.136    23.1927          4 0.0000e+00
    553.375     36.196    23.0416   5.194662     0.7969  1085.0000     0.2367 1.1807e-01     2.0808    163.986    35.6910    24.4479    156.193     35.992    23.0341          4 0.0000e+00
    554.375     36.974    22.8420   5.174576     0.7804  1127.5000     0.2320 1.1799e-01     2.0740    162.193    35.6976    24.5105    155.402     36.765    22.8345          4 0.0000e+00
    555.375     37.437    22.6903   5.160728     0.7620   940.0000     0.2240 1.1788e-01     2.0607    160.780    35.7137    24.5664    154.015     37.226    22.6827          4 0.0000e+00
    556.375     37.942    22.6002   5.152641     0.7896  1122.5000     0.2262 1.1791e-01     2.0454    161.009    35.7242    24.6002    152.587     37.728    22.5925          4 0.0000e+00
    557.375     38.544    22.5512   5.148021     0.8300  1120.0000     0.2196 1.1796e-01     2.0311    160.853    35.7280    24.6172    151.622     38.326    22.5434          4 0.0000e+00
    558.375     39.424    22.5000   5.142293     0.8520  1112.5000     0.2143 1.1791e-01     2.0208    161.367    35.7250    24.6294    151.128     39.202    22.4920          4 0.0000e+00
    559.375     40.057    22.4221   5.133744     0.9016  1077.5000     0.2018 1.1794e-01     2.0137    161.053    35.7218    24.6492    151.149     39.831    22.4141          4 0.0000e+00
    560.375     40.234    22.3700   5.128712     0.8998  1150.0000     0.2013 1.1800e-01     2.0114    159.179    35.7250    24.6666    151.431     40.008    22.3620          4 0.0000e+00
    561.375     40.656    22.3407   5.125912     0.8392  1112.5000     0.2102 1.1798e-01     2.0102    157.201    35.7271    24.6765    151.426     40.427    22.3325          4 0.0000e+00
    562.250     40.978    22.3220   5.124165     0.8153  1076.6667     0.2081 1.1798e-01     2.0096    155.771    35.7286    24.6829    151.490     40.747    22.3138          3 0.0000e+00
    567.375     41.057    22.3147   5.123151     0.8814  1082.5000     0.1976 1.1800e-01     2.0066    155.174    35.7267    24.6836    151.173     40.826    22.3065          4 0.0000e+00
    568.375     40.414    22.3164   5.123100     0.9126  1107.5000     0.1971 1.1796e-01     2.0064    155.223    35.7251    24.6819    151.349     40.186    22.3083          4 0.0000e+00
    579.625     39.769    22.3170   5.122654     0.9181  1100.0000     0.2033 1.1801e-01     2.0335    154.987    35.7213    24.6788    155.108     39.544    22.3090          2 0.0000e+00
    580.250     39.390    22.3319   5.124077     0.9279  1160.0000     0.2005 1.1794e-01     2.0389    155.065    35.7204    24.6738    155.782     39.168    22.3240          3 0.0000e+00
    582.375     39.019    22.4373   5.135122     0.9090  1097.5000     0.1981 1.1791e-01     2.0624    155.819    35.7205    24.6439    157.689     38.799    22.4294          4 0.0000e+00
    583.375     38.093    22.4921   5.140948     0.8998  1135.0000     0.2004 1.1794e-01     2.0721    157.015    35.7213    24.6289    158.336     37.878    22.4845          4 0.0000e+00
    584.375     37.560    22.5410   5.146134     0.9365  1140.0000     0.2009 1.1799e-01     2.0774    157.981    35.7220    24.6155    158.291     37.348    22.5334          4 0.0000e+00
    585.375     37.283    22.5814   5.149902     0.8593  1065.0000     0.1981 1.1799e-01     2.0818    158.844    35.7184    24.6012    159.505     37.073    22.5738          4 0.0000e+00
    586.375     36.498    22.6701   5.158243     0.8649  1100.0000     0.2029 1.1807e-01     2.1021    160.221    35.7112    24.5702    162.928     36.292    22.6626          4 0.0000e+00
    587.375     35.654    22.8742   5.179857     0.8851  1155.0000     0.2199 1.1797e-01     2.1319    160.675    35.7128    24.5127    166.467     35.453    22.8669          4 0.0000e+00
    588.375     35.231    22.9815   5.187935     0.8924  1107.5000     0.2253 1.1795e-01     2.1753    161.002    35.6882    24.4631    172.509     35.032    22.9743          4 0.0000e+00
    589.375     34.659    23.0958   5.199109     0.9218  1140.0000     0.2299 1.1797e-01     2.2356    161.106    35.6818    24.4251    177.597     34.464    23.0888          4 0.0000e+00
    590.375     34.106    23.3520   5.226761     0.9604  1225.0000     0.2428 1.1798e-01     2.2695    160.517    35.6873    24.3547    177.044     33.914    23.3450          4 0.0000e+00
    591.375     33.700    23.6320   5.252762     0.9383  1147.5000     0.2442 1.1798e-01     2.2786    162.647    35.6606    24.2524    174.917     33.510    23.6250          4 0.0000e+00
    592.375     33.071    24.0221   5.295687     0.7896  1095.0000     0.2311 1.1798e-01     2.2751    166.171    35.6742    24.1474    173.588     32.885    24.0151          4 0.0000e+00
    593.375     32.258    24.3967   5.329828     0.7070   962.5000     0.2247 1.1800e-01     2.2891    170.471    35.6333    24.0045    176.455     32.076    24.3897          4 0.0000e+00
    594.375     31.627    24.7478   5.362559     0.6905   870.0000     0.2372 1.1797e-01     2.3330    177.172    35.6003    23.8737    181.813     31.449    24.7410          4 0.0000e+00
    595.375     31.398    24.9864   5.383274     0.6868   855.0000     0.2518 1.1801e-01     2.3861    179.063    35.5665    23.7756    185.806     31.221    24.9796          4 0.0000e+00
    596.375     31.164    25.1169   5.394058     0.6078   967.5000     0.2392 1.1795e-01     2.4269    176.662    35.5440    23.7189    188.629     30.989    25.1101          4 0.0000e+00
    597.375     30.419    25.2508   5.409141     0.4113   622.5000     0.2047 1.1794e-01     2.4651    173.871    35.5509    23.6830    191.005     30.248    25.2442          4 0.0000e+00
    598.375     29.520    25.4073   5.427051     0.3104   357.5000     0.1859 1.1801e-01     2.4890    175.016    35.5609    23.6424    191.480     29.355    25.4008          4 0.0000e+00
