cruises/P45_06/L1/CTD/P45_06_CTD_04.cnv
* Sea-Bird SBE19plus  Data File:
* FileName = C:\Users\OA_2023-03\Desktop\Bathymetry\ctd_casts\proble cast 2001.hex
* Software version 2.3.0 SB_Terminal.dll
* Temperature SN = 8460
* Conductivity SN = 8460
* System UpLoad Time = Apr 16 2026 17:48:13
* <ApplicationData>
* <SeatermAF>
# nquan = 11
# nvalues = 6675                                  
# units = specified
# name 0 = timeS: Time, Elapsed [seconds]
# name 1 = prdM: Pressure, Strain Gauge [db]
# name 2 = tv290C: Temperature [ITS-90, deg C]
# name 3 = c0S/m: Conductivity [S/m]
# name 4 = flECO-AFL: Fluorescence, WET Labs ECO-AFL/FL [mg/m^3]
# name 5 = flECO-AFL1: Fluorescence, WET Labs ECO-AFL/FL, 2 [mg/m^3]
# name 6 = CStarAt0: Beam Attenuation, WET Labs C-Star [1/m]
# name 7 = par/sat/log: PAR/Logarithmic, Satlantic [umol photons/m^2/sec]
# name 8 = sbeox0V: Oxygen raw, SBE 43 [V]
# name 9 = sbeox0Mm/L: Oxygen, SBE 43 [umol/l]
# name 10 = flag:  0.000e+00
# span 0 =      0.000,   1668.500                 
# span 1 =     -0.107,     93.004                 
# span 2 =    18.2970,    29.6030                 
# span 3 =  -0.321385,   5.827162                 
# span 4 =   -40.1037,    29.9382                 
# span 5 = -2.758e+05, 3.1026e+05                 
# span 6 =    -0.0859,    55.2620                 
# span 7 = 1.1782e-01, 1.1638e+03                 
# span 8 =     1.1747,     2.5956                 
# span 9 =     73.455,    205.288                 
# span 10 = 0.0000e+00, 0.0000e+00                
# interval = seconds: 0.25
# start_time = Apr 16 2026 16:22:25 [Instrument's time stamp, header]
# bad_flag = -9.990e-29
*END*
[from data line 2886]
    721.500     51.954    18.9906   4.784945     0.2203   310.0000     0.0729 1.7869e+00     1.4707    105.911  0.000e+00
    721.750     51.868    18.9934   4.785039     0.2644   340.0000     0.0726 1.7539e+00     1.4717    106.084  0.000e+00
    722.000     51.796    18.9953   4.785068     0.3085   200.0000     0.0727 1.7873e+00     1.4724    106.176  0.000e+00
    722.250     51.730    18.9968   4.785133     0.2130   250.0000     0.0723 1.7997e+00     1.4730    106.268  0.000e+00
    722.500     51.672    18.9977   4.785191     0.1983   250.0000     0.0726 1.8402e+00     1.4740    106.385  0.000e+00
    722.750     51.619    18.9984   4.785228     0.2203   340.0000     0.0733 1.8200e+00     1.4750    106.514  0.000e+00
    723.000     51.572    18.9987   4.785228     0.2277   390.0000     0.0737 1.8406e+00     1.4758    106.617  0.000e+00
    723.250     51.530    18.9990   4.785257     0.2057   250.0000     0.0739 1.8574e+00     1.4767    106.746  0.000e+00
    723.500     51.490    18.9994   4.785293     0.2277   250.0000     0.0745 1.8083e+00     1.4766    106.702  0.000e+00
    723.750     51.450    18.9995   4.785293     0.2203   280.0000     0.0731 1.8315e+00     1.4762    106.582  0.000e+00
    724.000     51.390    18.9998   4.785322     0.2203   200.0000     0.0731 1.8655e+00     1.4766    106.557  0.000e+00
    724.250     51.323    19.0002   4.785293     0.2130   370.0000     0.0735 1.8651e+00     1.4786    106.776  0.000e+00
    724.500     51.227    19.0000   4.785293     0.2350   390.0000     0.0735 1.9046e+00     1.4786    106.743  0.000e+00
    724.750     51.119    19.0002   4.785387     0.2424   200.0000     0.0735 1.8647e+00     1.4790    106.772  0.000e+00
    725.000     51.005    19.0004   4.785387     0.2277   280.0000     0.0731 1.9054e+00     1.4762    106.320  0.000e+00
    725.250     50.899    19.0006   4.785416     0.2424   250.0000     0.0732 1.9170e+00     1.4799    106.766  0.000e+00
    725.500     50.805    19.0009   4.785445     0.2644   250.0000     0.0734 1.9425e+00     1.4793    106.732  0.000e+00
    725.750     50.730    19.0010   4.785445     0.2203   170.0000     0.0736 1.9623e+00     1.4768    106.341  0.000e+00
    726.000     50.672    19.0013   4.785445     0.2130   280.0000     0.0738 1.9308e+00     1.4790    106.544  0.000e+00
    726.250     50.625    19.0014   4.785481     0.2424   280.0000     0.0758 1.9530e+00     1.4764    106.098  0.000e+00
    726.500     50.581    19.0016   4.785510     0.2277   230.0000     0.0755 1.9534e+00     1.4764    106.031  0.000e+00
    726.750     50.537    19.0019   4.785735     0.2277   250.0000     0.0756 1.9953e+00     1.4773    106.133  0.000e+00
    727.000     50.487    19.0029   4.786236     0.2350   280.0000     0.0756 2.0018e+00     1.4788    106.401  0.000e+00
    727.250     50.423    19.0055   4.786838     0.2277   370.0000     0.0750 2.0183e+00     1.4788    106.353  0.000e+00
    727.500     50.354    19.0091   4.788013     0.2277   250.0000     0.0751 2.0354e+00     1.4777    106.299  0.000e+00
    727.750     50.278    19.0156   4.789021     0.2424   340.0000     0.0743 2.0262e+00     1.4780    106.390  0.000e+00
    728.000     50.194    19.0244   4.790603     0.2644   280.0000     0.0747 2.0031e+00     1.4771    106.195  0.000e+00
    728.250     50.118    19.0358   4.792664     0.2203   280.0000     0.0750 2.0310e+00     1.4794    106.565  0.000e+00
    728.500     50.036    19.0506   4.794029     0.2865   280.0000     0.0799 2.0813e+00     1.4786    106.407  0.000e+00
    728.750     49.956    19.0659   4.795960     0.3085   280.0000     0.0797 2.0754e+00     1.4822    106.869  0.000e+00
    729.000     49.863    19.0819   4.797964     0.3011   370.0000     0.0799 2.0718e+00     1.4819    106.851  0.000e+00
    729.250     49.768    19.0994   4.799264     0.2644   280.0000     0.0795 2.0781e+00     1.4822    106.955  0.000e+00
    729.500     49.668    19.1155   4.801740     0.2791   280.0000     0.0868 2.0858e+00     1.4829    107.102  0.000e+00
    729.750     49.552    19.1337   4.804632     0.2791   310.0000     0.0863 2.1135e+00     1.4842    107.258  0.000e+00
    730.000     49.443    19.1567   4.807400     0.2644   420.0000     0.0863 2.1356e+00     1.4848    107.291  0.000e+00
    730.250     49.336    19.1814   4.809464     0.2277   450.0000     0.0848 2.1259e+00     1.4869    107.474  0.000e+00
    730.500     49.234    19.2043   4.810583     0.3085   340.0000     0.0848 2.1499e+00     1.4887    107.713  0.000e+00
    730.750     49.136    19.2229   4.811921     0.3305   340.0000     0.0851 2.1804e+00     1.4914    108.042  0.000e+00
    731.000     49.049    19.2389   4.812779     0.3452   420.0000     0.0862 2.2156e+00     1.4939    108.510  0.000e+00
    731.250     48.976    19.2512   4.813767     0.3305   480.0000     0.0862 2.2194e+00     1.4962    108.912  0.000e+00
    731.500     48.903    19.2621   4.814465     0.3526   370.0000     0.0865 2.2474e+00     1.4987    109.315  0.000e+00
    731.750     48.841    19.2715   4.815200     0.2791   310.0000     0.0865 2.2733e+00     1.5014    109.716  0.000e+00
    732.000     48.789    19.2798   4.816414     0.3232   230.0000     0.0860 2.3200e+00     1.5043    110.138  0.000e+00
    732.250     48.750    19.2891   4.817716     0.2644   310.0000     0.0860 2.3754e+00     1.5076    110.557  0.000e+00
    732.500     48.727    19.2999   4.818422     0.3452   390.0000     0.0854 2.3225e+00     1.5096    110.791  0.000e+00
    732.750     48.712    19.3091   4.818742     0.3599   340.0000     0.0933 2.3346e+00     1.5116    110.982  0.000e+00
    733.000     48.703    19.3161   4.819222     0.3379   280.0000     0.0932 2.3135e+00     1.5144    111.280  0.000e+00
    733.250     48.690    19.3219   4.819826     0.3305   340.0000     0.0925 2.3080e+00     1.5158    111.370  0.000e+00
    733.500     48.660    19.3272   4.819986     0.2865   420.0000     0.0872 2.3175e+00     1.5165    111.310  0.000e+00
    733.750     48.612    19.3315   4.820204     0.3305   250.0000     0.0876 2.4023e+00     1.5189    111.453  0.000e+00
    734.000     48.549    19.3346   4.820400     0.3452   340.0000     0.0878 2.3929e+00     1.5199    111.418  0.000e+00
    734.250     48.474    19.3370   4.820590     0.3452   450.0000     0.0872 2.4195e+00     1.5215    111.488  0.000e+00
    734.500     48.398    19.3393   4.821004     0.3305   280.0000     0.0863 2.4148e+00     1.5234    111.639  0.000e+00
    734.750     48.340    19.3419   4.821295     0.3746   280.0000     0.0861 2.4521e+00     1.5241    111.632  0.000e+00
    735.000     48.307    19.3449   4.821513     0.3599   200.0000     0.0865 2.4305e+00     1.5257    111.761  0.000e+00
    735.250     48.294    19.3474   4.821805     0.3305   250.0000     0.0876 2.3981e+00     1.5269    111.876  0.000e+00
    735.500     48.294    19.3503   4.822088     0.3085   340.0000     0.0872 2.3240e+00     1.5277    111.936  0.000e+00
    735.750     48.289    19.3529   4.822285     0.3452   420.0000     0.0872 2.3351e+00     1.5293    112.060  0.000e+00
    736.000     48.263    19.3554   4.822503     0.3232   340.0000     0.0857 2.4216e+00     1.5307    112.204  0.000e+00
    736.250     48.203    19.3580   4.823020     0.3746   370.0000     0.0859 2.4686e+00     1.5308    112.136  0.000e+00
    736.500     48.111    19.3611   4.823624     0.3819   250.0000     0.0857 2.4548e+00     1.5305    111.988  0.000e+00
    736.750     47.978    19.3650   4.824009     0.3452   480.0000     0.0868 2.4389e+00     1.5315    112.023  0.000e+00
    737.000     47.818    19.3692   4.824169     0.3305   370.0000     0.0866 2.4847e+00     1.5324    112.041  0.000e+00
    737.250     47.651    19.3724   4.824708     0.3452   340.0000     0.0872 2.4553e+00     1.5324    111.958  0.000e+00
    737.500     47.505    19.3763   4.825065     0.3966   390.0000     0.0868 2.5020e+00     1.5330    111.958  0.000e+00
    737.750     47.389    19.3800   4.825509     0.3452   310.0000     0.0949 2.5728e+00     1.5335    111.952  0.000e+00
    738.000     47.316    19.3841   4.826280     0.3819   280.0000     0.0953 2.5767e+00     1.5341    112.000  0.000e+00
    738.250     47.276    19.3891   4.827904     0.3379   280.0000     0.0947 2.6149e+00     1.5361    112.292  0.000e+00
    738.500     47.281    19.3985   4.828384     0.3819   280.0000     0.0874 2.5951e+00     1.5361    112.316  0.000e+00
    738.750     47.298    19.4070   4.828384     0.3893   370.0000     0.0874 2.4885e+00     1.5387    112.665  0.000e+00
    739.000     47.327    19.4120   4.828449     0.9916   250.0000     0.0876 2.5319e+00     1.5373    112.483  0.000e+00
    739.250     47.347    19.4147   4.829061     0.3746   310.0000     0.0886 2.5784e+00     1.5394    112.769  0.000e+00
    739.500     47.343    19.4181   4.829440     0.3526   370.0000     0.0886 2.6347e+00     1.5388    112.659  0.000e+00
    739.750     47.309    19.4219   4.829476     0.3746   420.0000     0.0884 2.7175e+00     1.5404    112.823  0.000e+00
    740.000     47.227    19.4245   4.829665     0.3673   370.0000     0.0882 2.6732e+00     1.5412    112.879  0.000e+00
    740.250     47.113    19.4266   4.829920     0.3746   390.0000     0.0901 2.6912e+00     1.5415    112.850  0.000e+00
    740.500     46.976    19.4287   4.830117     0.3599   640.0000     0.0902 2.6628e+00     1.5424    112.952  0.000e+00
    740.750     46.834    19.4309   4.830532     0.3599   530.0000     0.0903 2.6462e+00     1.5438    113.106  0.000e+00
    741.000     46.705    19.4337   4.831391     0.3746   340.0000     0.0914 2.7023e+00     1.5447    113.275  0.000e+00
    741.250     46.594    19.4385   4.832389     0.3746   390.0000     0.0906 2.7512e+00     1.5455    113.343  0.000e+00
    741.500     46.502    19.4455   4.832906     0.3966   390.0000     0.0910 2.7584e+00     1.5460    113.411  0.000e+00
    741.750     46.429    19.4522   4.834151     0.3819   310.0000     0.1026 2.7782e+00     1.5467    113.432  0.000e+00
    742.000     46.362    19.4604   4.835689     0.3893   280.0000     0.1029 2.8181e+00     1.5484    113.638  0.000e+00
    742.250     46.311    19.4713   4.836388     0.3819   450.0000     0.1023 2.8205e+00     1.5485    113.621  0.000e+00
    742.500     46.262    19.4816   4.837670     0.3893   420.0000     0.1026 2.8260e+00     1.5489    113.593  0.000e+00
    742.750     46.211    19.4920   4.839150     0.3819   450.0000     0.0937 2.9041e+00     1.5506    113.746  0.000e+00
    743.000     46.145    19.5038   4.840338     0.4040   450.0000     0.0935 2.9186e+00     1.5515    113.852  0.000e+00
    743.250     46.082    19.5160   4.842262     0.3819   390.0000     0.0936 2.9478e+00     1.5521    113.889  0.000e+00
    743.500     46.009    19.5307   4.843866     0.3746   670.0000     0.0958 2.9427e+00     1.5529    113.959  0.000e+00
    743.750     45.924    19.5460   4.845149     0.4187   610.0000     0.0953 2.9414e+00     1.5542    114.081  0.000e+00
    744.000     45.827    19.5601   4.846403     0.4187   310.0000     0.0957 2.9599e+00     1.5551    114.139  0.000e+00
    744.250     45.725    19.5737   4.848686     0.4334   500.0000     0.0990 2.9689e+00     1.5576    114.481  0.000e+00
    744.500     45.616    19.5896   4.850743     0.4187   370.0000     0.0988 2.9818e+00     1.5590    114.672  0.000e+00
    744.750     45.504    19.6078   4.852223     0.5509   530.0000     0.0990 3.0025e+00     1.5604    114.824  0.000e+00
    745.000     45.400    19.6254   4.855734     0.4260   420.0000     0.1017 3.0286e+00     1.5622    115.057  0.000e+00
    745.250     45.307    19.6471   4.857186     0.4848   420.0000     0.1020 3.0868e+00     1.5644    115.346  0.000e+00
    745.500     45.233    19.6683   4.859536     0.5949   370.0000     0.1019 3.1414e+00     1.5663    115.592  0.000e+00
    745.750     45.180    19.6890   4.861245     0.4921   480.0000     0.1017 3.1852e+00     1.5683    115.810  0.000e+00
    746.000     45.156    19.7092   4.863282     0.4995   530.0000     0.1064 3.2212e+00     1.5713    116.185  0.000e+00
    746.250     45.147    19.7288   4.865181     0.4995   560.0000     0.1061 3.1797e+00     1.5747    116.601  0.000e+00
    746.500     45.151    19.7481   4.867219     0.4554   640.0000     0.1059 3.1735e+00     1.5777    117.033  0.000e+00
    746.750     45.166    19.7675   4.868702     0.8006   370.0000     0.1094 3.1810e+00     1.5810    117.495  0.000e+00
    747.000     45.173    19.7850   4.869937     0.4848   610.0000     0.1090 3.1955e+00     1.5843    117.942  0.000e+00
    747.250     45.158    19.7999   4.870901     0.4848   480.0000     0.1089 3.2198e+00     1.5867    118.254  0.000e+00
    747.500     45.122    19.8126   4.871581     0.5288   340.0000     0.1128 3.2909e+00     1.5896    118.588  0.000e+00
    747.750     45.049    19.8227   4.872611     0.5288   530.0000     0.1129 3.3081e+00     1.5912    118.716  0.000e+00
    748.000     44.964    19.8324   4.874073     0.5142   590.0000     0.1131 3.3542e+00     1.5949    119.052  0.000e+00
    748.250     44.871    19.8433   4.876310     0.4848   640.0000     0.1131 3.3167e+00     1.5979    119.323  0.000e+00
    748.500     44.782    19.8586   4.878474     0.5509   670.0000     0.1151 3.3332e+00     1.6018    119.733  0.000e+00
    748.750     44.700    19.8769   4.882468     0.5288   640.0000     0.1150 3.3491e+00     1.6044    119.971  0.000e+00
    749.000     44.647    19.9016   4.886360     0.5362   500.0000     0.1152 3.4663e+00     1.6076    120.289  0.000e+00
    749.250     44.613    19.9321   4.890159     0.5509   610.0000     0.1163 3.4054e+00     1.6111    120.657  0.000e+00
    749.500     44.587    19.9666   4.894969     0.5949   640.0000     0.1167 3.3383e+00     1.6148    121.048  0.000e+00
    749.750     44.566    20.0045   4.897444     0.5729   750.0000     0.1169 3.3520e+00     1.6176    121.321  0.000e+00
    750.000     44.535    20.0386   4.901518     0.5803   700.0000     0.1150 3.4566e+00     1.6224    121.802  0.000e+00
    750.250     44.484    20.0731   4.905820     0.5509   610.0000     0.1147 3.5284e+00     1.6252    122.037  0.000e+00
    750.500     44.418    20.1102   4.908429     0.5803   610.0000     0.1145 3.5529e+00     1.6308    122.664  0.000e+00
    750.750     44.333    20.1448   4.910218     0.6537   810.0000     0.1149 3.5931e+00     1.6355    123.241  0.000e+00
    751.000     44.242    20.1718   4.911728     0.5949   750.0000     0.1165 3.5807e+00     1.6405    123.857  0.000e+00
    751.250     44.155    20.1926   4.913789     0.6390   810.0000     0.1161 3.5691e+00     1.6457    124.523  0.000e+00
    751.500     44.062    20.2127   4.915865     0.6170   750.0000     0.1158 3.5314e+00     1.6524    125.392  0.000e+00
    751.750     43.969    20.2320   4.917325     0.6023   640.0000     0.1153 3.5575e+00     1.6583    126.202  0.000e+00
    752.000     43.860    20.2497   4.919159     0.5729   700.0000     0.1153 3.6032e+00     1.6641    126.937  0.000e+00
    752.250     43.748    20.2669   4.921287     0.6537   890.0000     0.1155 3.6290e+00     1.6717    127.934  0.000e+00
    752.500     43.622    20.2849   4.923739     0.6464   670.0000     0.1131 3.6972e+00     1.6791    128.854  0.000e+00
    752.750     43.504    20.3055   4.925707     0.6390   610.0000     0.1131 3.7349e+00     1.6847    129.552  0.000e+00
    753.000     43.399    20.3267   4.927410     0.6390   890.0000     0.1129 3.8332e+00     1.6911    130.287  0.000e+00
    753.250     43.324    20.3457   4.928335     0.6684   590.0000     0.1133 3.8606e+00     1.6965    130.826  0.000e+00
    753.500     43.282    20.3603   4.929084     0.6170   530.0000     0.1156 3.8390e+00     1.7006    131.119  0.000e+00
    753.750     43.259    20.3724   4.930237     0.5949   840.0000     0.1154 3.8125e+00     1.7069    131.689  0.000e+00
