cruises/P45_06/L1/CTD/P45_06_CTD_01.cnv
* Sea-Bird SBE19plus  Data File:
* FileName = C:\Users\OA_2023-03\Desktop\Bathymetry\ctd_casts\J1_15_04_25001.hex
* Software version 2.3.0 SB_Terminal.dll
* Temperature SN = 8460
* Conductivity SN = 8460
* System UpLoad Time = Apr 15 2026 12:50:42
* <ApplicationData>
* <SeatermAF>
** FIRST MAURIE_CAST
# nquan = 11
# nvalues = 2883                                  
# units = specified
# name 0 = timeS: Time, Elapsed [seconds]
# name 1 = prdM: Pressure, Strain Gauge [db]
# name 2 = tv290C: Temperature [ITS-90, deg C]
# name 3 = c0S/m: Conductivity [S/m]
# name 4 = flECO-AFL: Fluorescence, WET Labs ECO-AFL/FL [mg/m^3]
# name 5 = flECO-AFL1: Fluorescence, WET Labs ECO-AFL/FL, 2 [mg/m^3]
# name 6 = CStarAt0: Beam Attenuation, WET Labs C-Star [1/m]
# name 7 = par/sat/log: PAR/Logarithmic, Satlantic [umol photons/m^2/sec]
# name 8 = sbeox0V: Oxygen raw, SBE 43 [V]
# name 9 = sbeox0Mm/L: Oxygen, SBE 43 [umol/l]
# name 10 = flag:  0.000e+00
# span 0 =      0.000,    720.500                 
# span 1 =     -0.056,     41.138                 
# span 2 =    22.3111,    31.1502                 
# span 3 =  -0.033667,   5.831016                 
# span 4 =   -87.4128,    29.9382                 
# span 5 = -3.101e+05, 3.0876e+05                 
# span 6 =     0.1279,    14.8299                 
# span 7 = 1.1776e-01, 1.1830e-01                 
# span 8 =     0.9897,     2.5253                 
# span 9 =     50.237,    194.461                 
# span 10 = 0.0000e+00, 0.0000e+00                
# interval = seconds: 0.25
# start_time = Apr 15 2026 11:42:49 [Instrument's time stamp, header]
# bad_flag = -9.990e-29
*END*
[from data line 2099]
    524.750     17.858    29.0160   5.767365     0.0367    90.0000     0.1409 1.1797e-01     2.4171    175.550  0.000e+00
    525.000     18.011    29.0151   5.767294     0.0441   120.0000     0.1404 1.1812e-01     2.4177    175.653  0.000e+00
    525.250     18.174    29.0135   5.766218     0.0514    10.0000     0.1409 1.1802e-01     2.4200    175.960  0.000e+00
    525.500     18.351    29.0084   5.765000     0.0441   140.0000     0.1406 1.1805e-01     2.4209    176.138  0.000e+00
    525.750     18.521    28.9986   5.764042     0.0588   170.0000     0.1411 1.1797e-01     2.4226    176.415  0.000e+00
    526.000     18.700    28.9854   5.762824     0.0220   120.0000     0.1405 1.1787e-01     2.4230    176.567  0.000e+00
    526.250     18.871    28.9709   5.761497     0.0367   170.0000     0.1414 1.1807e-01     2.4206    176.332  0.000e+00
    526.500     19.049    28.9554   5.760350     0.0220   140.0000     0.1415 1.1789e-01     2.4183    176.059  0.000e+00
    526.750     19.231    28.9394   5.758725     0.0441    30.0000     0.1416 1.1802e-01     2.4185    176.034  0.000e+00
    527.000     19.420    28.9208   5.756699     0.0294   170.0000     0.1431 1.1810e-01     2.4175    175.879  0.000e+00
    527.250     19.609    28.9002   5.754674     0.0441   200.0000     0.1431 1.1805e-01     2.4175    175.836  0.000e+00
    527.500     19.818    28.8765   5.752311     0.0735   250.0000     0.1427 1.1794e-01     2.4175    175.864  0.000e+00
    527.750     20.029    28.8511   5.750326     0.0294   200.0000     0.1427 1.1797e-01     2.4190    176.098  0.000e+00
    528.000     20.256    28.8256   5.747415     0.0294   250.0000     0.1407 1.1797e-01     2.4208    176.471  0.000e+00
    528.250     20.480    28.7971   5.743665     0.0588    60.0000     0.1403 1.1784e-01     2.4236    177.030  0.000e+00
    528.500     20.698    28.7628   5.740097     0.0294   170.0000     0.1407 1.1812e-01     2.4257    177.508  0.000e+00
    528.750     20.916    28.7241   5.736788     0.0441   230.0000     0.1438 1.1797e-01     2.4263    177.783  0.000e+00
    529.000     21.109    28.6856   5.735103     0.0441   140.0000     0.1440 1.1794e-01     2.4273    178.066  0.000e+00
    529.250     21.270    28.6547   5.734696     0.0514    90.0000     0.1439 1.1787e-01     2.4277    178.199  0.000e+00
    529.500     21.392    28.6340   5.734446     0.0514    30.0000     0.1556 1.1805e-01     2.4284    178.302  0.000e+00
    529.750     21.492    28.6207   5.734258     0.0661   170.0000     0.1559 1.1797e-01     2.4293    178.353  0.000e+00
    530.000     21.574    28.6121   5.734000     0.0514   230.0000     0.1557 1.1787e-01     2.4301    178.385  0.000e+00
    530.250     21.652    28.6060   5.733420     0.0441   230.0000     0.1560 1.1807e-01     2.4315    178.483  0.000e+00
    530.500     21.743    28.5995   5.733012     0.0441   170.0000     0.1468 1.1797e-01     2.4332    178.665  0.000e+00
    530.750     21.870    28.5934   5.732095     0.0441   250.0000     0.1470 1.1799e-01     2.4339    178.786  0.000e+00
    531.000     22.034    28.5855   5.728725     0.0441   140.0000     0.1467 1.1797e-01     2.4360    179.067  0.000e+00
    531.250     22.243    28.5687   5.727073     0.0441   250.0000     0.1456 1.1805e-01     2.4390    179.483  0.000e+00
    531.500     22.492    28.5475   5.725537     0.0588   140.0000     0.1454 1.1797e-01     2.4412    179.843  0.000e+00
    531.750     22.761    28.5280   5.722279     0.0661    90.0000     0.1451 1.1820e-01     2.4435    180.208  0.000e+00
    532.000     23.030    28.5059   5.716939     0.0441   140.0000     0.1453 1.1810e-01     2.4460    180.603  0.000e+00
    532.250     23.301    28.4752   5.712259     0.0661   230.0000     0.1447 1.1794e-01     2.4458    180.700  0.000e+00
    532.500     23.549    28.4395   5.709380     0.0441   230.0000     0.1444 1.1794e-01     2.4464    180.831  0.000e+00
    532.750     23.758    28.4075   5.707370     0.0735   170.0000     0.1457 1.1792e-01     2.4476    180.986  0.000e+00
    533.000     23.923    28.3814   5.705329     0.1102   250.0000     0.1485 1.1784e-01     2.4500    181.242  0.000e+00
    533.250     24.041    28.3590   5.702592     0.0881   170.0000     0.1485 1.1787e-01     2.4530    181.577  0.000e+00
    533.500     24.127    28.3373   5.702889     0.1028   170.0000     0.1488 1.1792e-01     2.4544    181.766  0.000e+00
    533.750     24.198    28.3241   5.699535     0.0955   120.0000     0.1549 1.1805e-01     2.4567    182.067  0.000e+00
    534.000     24.263    28.3060   5.696877     0.1102   170.0000     0.1547 1.1810e-01     2.4581    182.297  0.000e+00
    534.250     24.347    28.2825   5.694330     0.0808   200.0000     0.1545 1.1792e-01     2.4586    182.451  0.000e+00
    534.500     24.465    28.2582   5.691392     0.0955   250.0000     0.1525 1.1799e-01     2.4576    182.378  0.000e+00
    534.750     24.627    28.2287   5.672668     0.1028   250.0000     0.1522 1.1805e-01     2.4594    182.689  0.000e+00
    535.000     24.827    28.1510   5.661174     0.1322   310.0000     0.1524 1.1807e-01     2.4610    183.041  0.000e+00
    535.250     25.065    28.0400   5.647299     0.1763   280.0000     0.1574 1.1797e-01     2.4628    183.542  0.000e+00
    535.500     25.301    27.9127   5.630312     0.1763   200.0000     0.1574 1.1784e-01     2.4638    184.078  0.000e+00
    535.750     25.541    27.7642   5.614894     0.1689   280.0000     0.1573 1.1784e-01     2.4643    184.590  0.000e+00
    536.000     25.763    27.6020   5.601620     0.1763   250.0000     0.1573 1.1797e-01     2.4670    185.412  0.000e+00
    536.250     25.967    27.4421   5.592237     0.1836   250.0000     0.1667 1.1794e-01     2.4697    186.239  0.000e+00
    536.500     26.118    27.2973   5.581729     0.2057   280.0000     0.1667 1.1797e-01     2.4721    187.012  0.000e+00
    536.750     26.225    27.1712   5.578292     0.2057   200.0000     0.1661 1.1807e-01     2.4741    187.596  0.000e+00
    537.000     26.279    27.0709   5.573902     0.1836   250.0000     0.1739 1.1802e-01     2.4775    188.283  0.000e+00
    537.250     26.303    26.9962   5.571604     0.1910   250.0000     0.1743 1.1787e-01     2.4810    188.930  0.000e+00
    537.500     26.312    26.9430   5.571055     0.1542   170.0000     0.1740 1.1799e-01     2.4860    189.701  0.000e+00
    537.750     26.339    26.9093   5.570901     0.1542   250.0000     0.1758 1.1794e-01     2.4904    190.368  0.000e+00
    538.000     26.412    26.8894   5.570971     0.1910   250.0000     0.1758 1.1807e-01     2.4975    191.282  0.000e+00
    538.250     26.574    26.8792   5.565383     0.2130   280.0000     0.1760 1.1799e-01     2.5012    191.867  0.000e+00
    538.500     26.828    26.8556   5.558537     0.1983   310.0000     0.1723 1.1805e-01     2.5063    192.620  0.000e+00
    538.750     27.136    26.8080   5.554911     0.1983   280.0000     0.1716 1.1805e-01     2.5116    193.423  0.000e+00
    539.000     27.459    26.7613   5.551171     0.2203   340.0000     0.1718 1.1794e-01     2.5147    193.911  0.000e+00
    539.250     27.767    26.7180   5.541405     0.1983   280.0000     0.1722 1.1799e-01     2.5160    194.136  0.000e+00
    539.500     28.023    26.6577   5.534503     0.2203   250.0000     0.1900 1.1797e-01     2.5179    194.367  0.000e+00
    539.750     28.243    26.5869   5.528199     0.2057   250.0000     0.1903 1.1797e-01     2.5187    194.461  0.000e+00
    540.000     28.483    26.5150   5.523286     0.2203   250.0000     0.1903 1.1794e-01     2.5179    194.306  0.000e+00
    540.250     28.692    26.4490   5.510136     0.2057   280.0000     0.1946 1.1797e-01     2.5150    193.967  0.000e+00
    540.500     28.790    26.3583   5.486560     0.1983   340.0000     0.1944 1.1792e-01     2.5112    193.590  0.000e+00
    540.750     28.774    26.2216   5.483455     0.2203   310.0000     0.1944 1.1810e-01     2.5074    193.161  0.000e+00
    541.000     28.712    26.1020   5.486556     0.1983   250.0000     0.1867 1.1794e-01     2.5032    192.649  0.000e+00
    541.250     28.661    26.0415   5.497999     0.2203   230.0000     0.1864 1.1789e-01     2.5011    192.217  0.000e+00
    541.500     28.661    26.0506   5.522061     0.1983   250.0000     0.1859 1.1792e-01     2.5011    191.846  0.000e+00
    541.750     28.734    26.1607   5.536319     0.1763   310.0000     0.1866 1.1792e-01     2.4956    190.786  0.000e+00
    542.000     28.870    26.2996   5.525149     0.1983   250.0000     0.1909 1.1797e-01     2.4980    190.860  0.000e+00
    542.250     29.056    26.3490   5.492368     0.2057   200.0000     0.1907 1.1802e-01     2.4970    191.065  0.000e+00
    542.500     29.287    26.2478   5.466436     0.2203   340.0000     0.1908 1.1815e-01     2.5015    192.295  0.000e+00
    542.750     29.554    26.0692   5.453086     0.2277   250.0000     0.1839 1.1799e-01     2.4970    192.603  0.000e+00
    543.000     29.812    25.8847   5.442884     0.2424   250.0000     0.1836 1.1815e-01     2.4941    192.963  0.000e+00
    543.250     30.067    25.7329   5.438098     0.2424   310.0000     0.1832 1.1805e-01     2.4899    192.901  0.000e+00
    543.500     30.299    25.6172   5.430916     0.3085   480.0000     0.1861 1.1805e-01     2.4844    192.497  0.000e+00
    543.750     30.510    25.5294   5.426539     0.2865   450.0000     0.1855 1.1797e-01     2.4780    191.863  0.000e+00
    544.000     30.676    25.4640   5.424427     0.3599   390.0000     0.1855 1.1792e-01     2.4716    190.940  0.000e+00
    544.250     30.779    25.4193   5.421888     0.4187   590.0000     0.1855 1.1805e-01     2.4666    190.206  0.000e+00
    544.500     30.858    25.3865   5.419639     0.4627   530.0000     0.1838 1.1792e-01     2.4596    189.239  0.000e+00
    544.750     30.919    25.3604   5.418500     0.4407   530.0000     0.1837 1.1792e-01     2.4532    188.518  0.000e+00
    545.000     30.999    25.3415   5.415578     0.5288   920.0000     0.1842 1.1794e-01     2.4450    187.581  0.000e+00
    545.250     31.116    25.3221   5.414279     0.5729   700.0000     0.1846 1.1810e-01     2.4356    186.514  0.000e+00
    545.500     31.288    25.3045   5.409715     0.6757   700.0000     0.1849 1.1784e-01     2.4240    185.190  0.000e+00
    545.750     31.494    25.2812   5.402907     0.6390   970.0000     0.1846 1.1805e-01     2.4138    184.012  0.000e+00
    546.000     31.730    25.2369   5.394171     0.6831   750.0000     0.1896 1.1805e-01     2.4026    182.756  0.000e+00
    546.250     31.956    25.1763   5.392370     0.5656   450.0000     0.1893 1.1797e-01     2.3913    181.460  0.000e+00
    546.500     32.168    25.1252   5.388746     0.5656   640.0000     0.1891 1.1799e-01     2.3798    180.201  0.000e+00
    546.750     32.361    25.0809   5.383971     0.6243   890.0000     0.2274 1.1802e-01     2.3691    179.072  0.000e+00
    547.000     32.514    25.0342   5.375408     0.5876   970.0000     0.2276 1.1797e-01     2.3571    177.905  0.000e+00
    547.250     32.643    24.9736   5.367202     0.7639  1030.0000     0.2280 1.1797e-01     2.3453    176.849  0.000e+00
    547.500     32.748    24.9028   5.357798     0.8373   890.0000     0.2393 1.1789e-01     2.3356    176.113  0.000e+00
    547.750     32.857    24.8228   5.351643     0.6684   810.0000     0.2390 1.1782e-01     2.3272    175.576  0.000e+00
    548.000     32.977    24.7457   5.346403     0.7859  1090.0000     0.2393 1.1805e-01     2.3205    175.317  0.000e+00
    548.250     33.114    24.6758   5.340367     0.6170   640.0000     0.2390 1.1787e-01     2.3138    175.123  0.000e+00
    548.500     33.263    24.6082   5.335672     0.5803   890.0000     0.2379 1.1792e-01     2.3082    175.100  0.000e+00
    548.750     33.428    24.5447   5.331077     0.5656   640.0000     0.2379 1.1794e-01     2.3024    175.066  0.000e+00
    549.000     33.596    24.4835   5.321488     0.6831   970.0000     0.2384 1.1782e-01     2.2970    175.121  0.000e+00
    549.250     33.777    24.4097   5.307736     0.7712  1090.0000     0.2299 1.1797e-01     2.2937    175.433  0.000e+00
    549.500     33.961    24.3114   5.290131     0.7859  1140.0000     0.2302 1.1782e-01     2.2902    175.750  0.000e+00
    549.750     34.156    24.1872   5.276143     0.9034  1110.0000     0.2300 1.1802e-01     2.2885    176.284  0.000e+00
    550.000     34.348    24.0473   5.266613     0.8887  1140.0000     0.2230 1.1805e-01     2.2873    176.876  0.000e+00
    550.250     34.527    23.9199   5.250169     0.8961  1140.0000     0.2244 1.1794e-01     2.2850    177.380  0.000e+00
    550.500     34.677    23.7855   5.242537     0.9255  1200.0000     0.2239 1.1797e-01     2.2788    177.252  0.000e+00
    550.750     34.788    23.6669   5.237397     0.8814  1110.0000     0.2235 1.1789e-01     2.2706    176.682  0.000e+00
    551.000     34.861    23.5725   5.229720     0.9255  1250.0000     0.2329 1.1789e-01     2.2604    175.617  0.000e+00
    551.250     34.907    23.4911   5.224125     0.9181  1110.0000     0.2329 1.1789e-01     2.2478    173.987  0.000e+00
    551.500     34.945    23.4192   5.222567     0.9108  1200.0000     0.2326 1.1805e-01     2.2341    172.007  0.000e+00
    551.750     34.999    23.3674   5.220536     0.8961  1110.0000     0.2322 1.1805e-01     2.2221    170.115  0.000e+00
    552.000     35.088    23.3316   5.218504     0.8814  1140.0000     0.2322 1.1807e-01     2.2098    168.233  0.000e+00
    552.250     35.230    23.3020   5.215494     0.8594  1060.0000     0.2321 1.1787e-01     2.1996    166.808  0.000e+00
    552.500     35.405    23.2735   5.205123     0.8373   970.0000     0.2311 1.1807e-01     2.1903    165.813  0.000e+00
    552.750     35.614    23.2248   5.201981     0.7933  1110.0000     0.2315 1.1799e-01     2.1808    164.995  0.000e+00
    553.000     35.852    23.1723   5.197939     0.8079  1030.0000     0.2311 1.1805e-01     2.1729    164.554  0.000e+00
    553.250     36.085    23.1293   5.197001     0.7639  1200.0000     0.2388 1.1815e-01     2.1648    164.149  0.000e+00
    553.500     36.314    23.0970   5.194545     0.8373  1110.0000     0.2385 1.1812e-01     2.1571    163.797  0.000e+00
    553.750     36.532    23.0671   5.189161     0.7786  1000.0000     0.2383 1.1797e-01     2.1497    163.443  0.000e+00
    554.000     36.734    23.0285   5.181235     0.7933  1090.0000     0.2393 1.1802e-01     2.1423    163.067  0.000e+00
    554.250     36.921    22.9736   5.176337     0.8006  1110.0000     0.2294 1.1792e-01     2.1333    162.415  0.000e+00
    554.500     37.061    22.9146   5.172289     0.7639  1110.0000     0.2298 1.1802e-01     2.1259    161.880  0.000e+00
    554.750     37.178    22.8617   5.168444     0.7639  1200.0000     0.2294 1.1799e-01     2.1191    161.409  0.000e+00
    555.000     37.279    22.8159   5.165604     0.7712   950.0000     0.2229 1.1789e-01     2.1128    160.943  0.000e+00
    555.250     37.383    22.7760   5.162398     0.7492  1000.0000     0.2227 1.1787e-01     2.1088    160.804  0.000e+00
    555.500     37.485    22.7400   5.158526     0.7712   780.0000     0.2228 1.1789e-01     2.1044    160.679  0.000e+00
    555.750     37.601    22.7039   5.156385     0.7565  1030.0000     0.2277 1.1787e-01     2.1009    160.692  0.000e+00
    556.000     37.743    22.6714   5.154753     0.7492  1060.0000     0.2276 1.1784e-01     2.0994    161.008  0.000e+00
    556.250     37.876    22.6458   5.153331     0.7492  1090.0000     0.2272 1.1787e-01     2.0956    161.065  0.000e+00
    556.500     38.008    22.6248   5.151924     0.8153  1170.0000     0.2273 1.1789e-01     2.0923    161.071  0.000e+00
    556.750     38.141    22.6065   5.150555     0.8447  1170.0000     0.2228 1.1805e-01     2.0883    160.890  0.000e+00
    557.000     38.283    22.5912   5.149657     0.8006  1140.0000     0.2223 1.1799e-01     2.0863    160.882  0.000e+00
