cruises/P45_06/L1/CTD/P45_06_CTD_01.cnv
* Sea-Bird SBE19plus  Data File:
* FileName = C:\Users\OA_2023-03\Desktop\Bathymetry\ctd_casts\J1_15_04_25001.hex
* Software version 2.3.0 SB_Terminal.dll
* Temperature SN = 8460
* Conductivity SN = 8460
* System UpLoad Time = Apr 15 2026 12:50:42
* <ApplicationData>
* <SeatermAF>
** FIRST MAURIE_CAST
# nquan = 11
# nvalues = 2883                                  
# units = specified
# name 0 = timeS: Time, Elapsed [seconds]
# name 1 = prdM: Pressure, Strain Gauge [db]
# name 2 = tv290C: Temperature [ITS-90, deg C]
# name 3 = c0S/m: Conductivity [S/m]
# name 4 = flECO-AFL: Fluorescence, WET Labs ECO-AFL/FL [mg/m^3]
# name 5 = flECO-AFL1: Fluorescence, WET Labs ECO-AFL/FL, 2 [mg/m^3]
# name 6 = CStarAt0: Beam Attenuation, WET Labs C-Star [1/m]
# name 7 = par/sat/log: PAR/Logarithmic, Satlantic [umol photons/m^2/sec]
# name 8 = sbeox0V: Oxygen raw, SBE 43 [V]
# name 9 = sbeox0Mm/L: Oxygen, SBE 43 [umol/l]
# name 10 = flag:  0.000e+00
# span 0 =      0.000,    720.500                 
# span 1 =     -0.056,     41.138                 
# span 2 =    22.3111,    31.1502                 
# span 3 =  -0.033667,   5.831016                 
# span 4 =   -87.4128,    29.9382                 
# span 5 = -3.101e+05, 3.0876e+05                 
# span 6 =     0.1279,    14.8299                 
# span 7 = 1.1776e-01, 1.1830e-01                 
# span 8 =     0.9897,     2.5253                 
# span 9 =     50.237,    194.461                 
# span 10 = 0.0000e+00, 0.0000e+00                
# interval = seconds: 0.25
# start_time = Apr 15 2026 11:42:49 [Instrument's time stamp, header]
# bad_flag = -9.990e-29
*END*
[from data line 1837]
    459.250      1.971    29.4958   5.815185     0.0000  -220.0000     0.1331 1.1794e-01     2.4231    174.270  0.000e+00
    459.500      1.898    29.4947   5.815785    -0.0220  -110.0000     0.1335 1.1794e-01     2.4220    174.114  0.000e+00
    459.750      1.811    29.4962   5.815974     0.0000    10.0000     0.1334 1.1797e-01     2.4222    174.104  0.000e+00
    460.000      1.723    29.4984   5.817315     0.0147    30.0000     0.1331 1.1787e-01     2.4216    174.017  0.000e+00
    460.250      1.665    29.5037   5.817915     0.0073    60.0000     0.1301 1.1807e-01     2.4206    173.874  0.000e+00
    460.500      1.631    29.5101   5.818514     0.0073   200.0000     0.1301 1.1792e-01     2.4213    173.953  0.000e+00
    460.750      1.625    29.5166   5.818814     0.0220    10.0000     0.1304 1.1797e-01     2.4184    173.645  0.000e+00
    461.000      1.647    29.5211   5.819113    -0.0073   -20.0000     0.1332 1.1799e-01     2.4203    173.845  0.000e+00
    461.250      1.691    29.5252   5.819713     0.0220    10.0000     0.1332 1.1792e-01     2.4189    173.711  0.000e+00
    461.500      1.745    29.5297   5.820384     0.0073    90.0000     0.1337 1.1799e-01     2.4193    173.754  0.000e+00
    461.750      1.809    29.5345   5.820084    -0.0073   230.0000     0.1321 1.1794e-01     2.4203    173.879  0.000e+00
    462.000      1.869    29.5371   5.818963     0.0000  -240.0000     0.1316 1.1799e-01     2.4187    173.752  0.000e+00
    462.250      1.930    29.5349   5.818924    -0.0367  -160.0000     0.1324 1.1802e-01     2.4206    173.989  0.000e+00
    462.500      1.969    29.5312   5.815374     0.0367  -110.0000     0.1318 1.1799e-01     2.4184    173.810  0.000e+00
    462.750      1.983    29.5200   5.815635     0.0294   -80.0000     0.1290 1.1792e-01     2.4189    173.907  0.000e+00
    463.000      1.967    29.5099   5.815335    -0.0073  -130.0000     0.1294 1.1797e-01     2.4181    173.814  0.000e+00
    463.250      1.923    29.5032   5.816834     0.0220    30.0000     0.1292 1.1802e-01     2.4174    173.743  0.000e+00
    463.500      1.854    29.5036   5.816984     0.0073   170.0000     0.1301 1.1792e-01     2.4177    173.740  0.000e+00
    463.750      1.771    29.5066   5.817465     0.0294  -110.0000     0.1298 1.1797e-01     2.4176    173.700  0.000e+00
    464.000      1.687    29.5103   5.819335     0.0147    60.0000     0.1298 1.1797e-01     2.4171    173.647  0.000e+00
    464.250      1.623    29.5179   5.821496     0.0220   -80.0000     0.1318 1.1805e-01     2.4166    173.541  0.000e+00
    464.500      1.583    29.5317   5.823564     0.0000    60.0000     0.1315 1.1782e-01     2.4174    173.625  0.000e+00
    464.750      1.571    29.5471   5.822403     0.0000  -130.0000     0.1313 1.1787e-01     2.4187    173.754  0.000e+00
    465.000      1.583    29.5553   5.823413     0.0220    60.0000     0.1315 1.1792e-01     2.4189    173.796  0.000e+00
    465.250      1.623    29.5616   5.823082     0.0294    30.0000     0.1322 1.1787e-01     2.4181    173.732  0.000e+00
    465.500      1.700    29.5641   5.817353    -0.0073   -80.0000     0.1325 1.1810e-01     2.4193    173.902  0.000e+00
    465.750      1.801    29.5487   5.815413     0.0147    10.0000     0.1322 1.1799e-01     2.4206    174.113  0.000e+00
    466.000      1.916    29.5259   5.811896     0.0220   120.0000     0.1404 1.1805e-01     2.4203    174.196  0.000e+00
    466.250      2.010    29.5017   5.809358     0.0294    30.0000     0.1400 1.1792e-01     2.4215    174.399  0.000e+00
    466.500      2.090    29.4740   5.808207     0.0294   170.0000     0.1402 1.1794e-01     2.4203    174.331  0.000e+00
    466.750      2.116    29.4540   5.809398     0.0220    10.0000     0.1329 1.1792e-01     2.4209    174.396  0.000e+00
    467.000      2.085    29.4465   5.810928    -0.0073    60.0000     0.1332 1.1799e-01     2.4190    174.181  0.000e+00
    467.250      2.000    29.4475   5.811078     0.0000   230.0000     0.1331 1.1797e-01     2.4213    174.397  0.000e+00
    467.500      1.867    29.4512   5.811976     0.0441   170.0000     0.1337 1.1797e-01     2.4211    174.326  0.000e+00
    467.750      1.714    29.4558   5.813727     0.0000    90.0000     0.1337 1.1799e-01     2.4208    174.249  0.000e+00
    468.000      1.572    29.4645   5.814736    -0.0588   140.0000     0.1339 1.1799e-01     2.4206    174.195  0.000e+00
    468.250      1.469    29.4753   5.817244     0.0000   140.0000     0.1338 1.1810e-01     2.4206    174.150  0.000e+00
    468.500      1.421    29.4895   5.818065     0.0220   230.0000     0.1304 1.1787e-01     2.4188    173.925  0.000e+00
    468.750      1.447    29.5026   5.820534     0.0147    30.0000     0.1308 1.1807e-01     2.4212    174.111  0.000e+00
    469.000      1.540    29.5180   5.822514     0.0147    10.0000     0.1307 1.1799e-01     2.4204    174.003  0.000e+00
    469.250      1.694    29.5365   5.823224     0.0073    90.0000     0.1374 1.1789e-01     2.4213    174.023  0.000e+00
    469.500      1.867    29.5479   5.812945     0.0000  -110.0000     0.1372 1.1805e-01     2.4209    174.055  0.000e+00
    469.750      2.023    29.5284   5.809176    -0.0073    60.0000     0.1372 1.1797e-01     2.4231    174.386  0.000e+00
    470.000      2.152    29.4928   5.802201     0.0073  -130.0000     0.1368 1.1802e-01     2.4236    174.623  0.000e+00
    470.250      2.214    29.4479   5.801272     0.0294    60.0000     0.1369 1.1815e-01     2.4234    174.744  0.000e+00
    470.500      2.210    29.4115   5.802242     0.0147    60.0000     0.1363 1.1802e-01     2.4207    174.540  0.000e+00
    470.750      2.136    29.3926   5.805891     0.0294   140.0000     0.1366 1.1807e-01     2.4202    174.413  0.000e+00
    471.000      1.998    29.3946   5.809178     0.0294  -160.0000     0.1326 1.1782e-01     2.4176    174.049  0.000e+00
    471.250      1.825    29.4099   5.809809     0.0073  -380.0000     0.1325 1.1792e-01     2.4160    173.728  0.000e+00
    471.500      1.645    29.4252   5.811977    -0.0073    30.0000     0.1327 1.1799e-01     2.4151    173.497  0.000e+00
    471.750      1.492    29.4416   5.816275    -0.0294    90.0000     0.1300 1.1802e-01     2.4151    173.340  0.000e+00
    472.000      1.405    29.4640   5.817465     0.0294   -80.0000     0.1306 1.1797e-01     2.4159    173.377  0.000e+00
    472.250      1.394    29.4860   5.818704     0.0147    60.0000     0.1303 1.1787e-01     2.4187    173.699  0.000e+00
    472.500      1.458    29.5032   5.820124     0.0294    10.0000     0.1314 1.1810e-01     2.4210    174.065  0.000e+00
    472.750      1.583    29.5185   5.820013     0.0147  -110.0000     0.1313 1.1797e-01     2.4230    174.396  0.000e+00
    473.000      1.736    29.5288   5.820384     0.0441  -160.0000     0.1315 1.1799e-01     2.4230    174.529  0.000e+00
    473.250      1.898    29.5345   5.815934     0.0220    30.0000     0.1316 1.1797e-01     2.4226    174.580  0.000e+00
    473.500      2.032    29.5245   5.806007     0.0000  -160.0000     0.1329 1.1794e-01     2.4243    174.860  0.000e+00
    473.750      2.127    29.4856   5.804889     0.0220  -110.0000     0.1321 1.1789e-01     2.4264    175.163  0.000e+00
    474.000      2.170    29.4477   5.803061     0.0367  -220.0000     0.1327 1.1807e-01     2.4263    175.210  0.000e+00
    474.250      2.152    29.4202   5.804330     0.0220    10.0000     0.1309 1.1794e-01     2.4268    175.241  0.000e+00
    474.500      2.076    29.4074   5.809959     0.0294  -350.0000     0.1308 1.1797e-01     2.4279    175.293  0.000e+00
    474.750      1.949    29.4171   5.808918     0.0073    10.0000     0.1307 1.1797e-01     2.4266    175.104  0.000e+00
    475.000      1.792    29.4264   5.806750     0.0294  -110.0000     0.1299 1.1805e-01     2.4247    174.851  0.000e+00
    475.250      1.632    29.4254   5.808728    -0.0073   140.0000     0.1299 1.1797e-01     2.4224    174.503  0.000e+00
    475.500      1.510    29.4272   5.811677    -0.0147  -110.0000     0.1300 1.1805e-01     2.4227    174.380  0.000e+00
    475.750      1.439    29.4395   5.813845     0.0147    90.0000     0.1303 1.1807e-01     2.4216    174.134  0.000e+00
    476.000      1.430    29.4560   5.815896     0.0147   120.0000     0.1280 1.1794e-01     2.4238    174.286  0.000e+00
    476.250      1.481    29.4742   5.819114     0.0441   140.0000     0.1279 1.1805e-01     2.4269    174.594  0.000e+00
    476.500      1.581    29.4962   5.822665    -0.0367   200.0000     0.1281 1.1797e-01     2.4277    174.701  0.000e+00
    476.750      1.707    29.5225   5.819295     0.0220    90.0000     0.1291 1.1787e-01     2.4293    174.977  0.000e+00
    477.000      1.839    29.5330   5.816904     0.0294    90.0000     0.1288 1.1789e-01     2.4298    175.156  0.000e+00
    477.250      1.958    29.5262   5.814554     0.0000    90.0000     0.1288 1.1792e-01     2.4282    175.082  0.000e+00
    477.500      2.039    29.5122   5.813284     0.0147   -50.0000     0.1399 1.1797e-01     2.4258    174.812  0.000e+00
    477.750      2.070    29.4974   5.812496    -0.0220    60.0000     0.1400 1.1797e-01     2.4235    174.498  0.000e+00
    478.000      2.067    29.4854   5.811337     0.0147    30.0000     0.1401 1.1797e-01     2.4226    174.262  0.000e+00
    478.250      2.023    29.4746   5.811637    -0.0294   120.0000     0.1399 1.1799e-01     2.4222    174.088  0.000e+00
    478.500      1.948    29.4683   5.812781     0.0147    30.0000     0.1330 1.1792e-01     2.4202    173.805  0.000e+00
    478.750      1.856    29.4688   5.814705     0.0073   280.0000     0.1334 1.1787e-01     2.4202    173.738  0.000e+00
    479.000      1.763    29.4767   5.818814    -0.0220    60.0000     0.1330 1.1805e-01     2.4192    173.607  0.000e+00
    479.250      1.679    29.4955   5.819153     0.0220    30.0000     0.1312 1.1787e-01     2.4185    173.556  0.000e+00
    479.500      1.618    29.5118   5.821765     0.0441    60.0000     0.1309 1.1820e-01     2.4207    173.823  0.000e+00
    479.750      1.574    29.5286   5.823903     0.0073   -80.0000     0.1308 1.1805e-01     2.4230    174.123  0.000e+00
    480.000      1.567    29.5475   5.825324     0.0000  -220.0000     0.1290 1.1797e-01     2.4236    174.237  0.000e+00
    480.250      1.590    29.5641   5.825063     0.0294   140.0000     0.1297 1.1794e-01     2.4237    174.298  0.000e+00
    480.500      1.645    29.5742   5.825094    -0.0220   120.0000     0.1290 1.1802e-01     2.4238    174.357  0.000e+00
    480.750      1.725    29.5800   5.823452     0.0220    30.0000     0.1301 1.1807e-01     2.4233    174.321  0.000e+00
    481.000      1.812    29.5778   5.819823     0.0220    60.0000     0.1304 1.1807e-01     2.4209    174.069  0.000e+00
    481.250      1.908    29.5627   5.818474    -0.0073   -80.0000     0.1300 1.1789e-01     2.4203    173.967  0.000e+00
    481.500      1.988    29.5471   5.813615     0.0147  -130.0000     0.1298 1.1805e-01     2.4209    173.974  0.000e+00
    481.750      2.045    29.5222   5.812385     0.0000  -190.0000     0.1324 1.1805e-01     2.4192    173.785  0.000e+00
    482.000      2.065    29.4986   5.812315     0.0220   140.0000     0.1325 1.1794e-01     2.4182    173.694  0.000e+00
    482.250      2.043    29.4832   5.810407     0.0441   230.0000     0.1320 1.1792e-01     2.4196    173.890  0.000e+00
    482.500      1.981    29.4705   5.812796    -0.0220    60.0000     0.1339 1.1792e-01     2.4210    174.093  0.000e+00
    482.750      1.892    29.4681   5.814476     0.0294    10.0000     0.1340 1.1784e-01     2.4225    174.338  0.000e+00
    483.000      1.790    29.4743   5.814326    -0.0147  -160.0000     0.1337 1.1805e-01     2.4235    174.532  0.000e+00
    483.250      1.701    29.4803   5.815004    -0.0588    60.0000     0.1345 1.1797e-01     2.4227    174.489  0.000e+00
    483.500      1.639    29.4854   5.816424     0.0367   140.0000     0.1339 1.1787e-01     2.4199    174.172  0.000e+00
    483.750      1.616    29.4930   5.817615     0.0367    10.0000     0.1341 1.1805e-01     2.4206    174.213  0.000e+00
    484.000      1.619    29.5025   5.816534     0.0073   170.0000     0.1343 1.1799e-01     2.4209    174.178  0.000e+00
    484.250      1.636    29.5064   5.817133     0.0147   170.0000     0.1346 1.1789e-01     2.4202    174.014  0.000e+00
    484.500      1.658    29.5080   5.817654     0.0147   -50.0000     0.1341 1.1792e-01     2.4210    174.040  0.000e+00
    484.750      1.685    29.5115   5.818064    -0.0073    90.0000     0.1345 1.1797e-01     2.4225    174.185  0.000e+00
    485.000      1.727    29.5151   5.817891     0.0147  -130.0000     0.1335 1.1797e-01     2.4232    174.302  0.000e+00
    485.250      1.778    29.5168   5.817054     0.0441   140.0000     0.1333 1.1787e-01     2.4226    174.317  0.000e+00
    485.500      1.843    29.5142   5.815595     0.0441    90.0000     0.1334 1.1810e-01     2.4229    174.421  0.000e+00
    485.750      1.916    29.5088   5.815185     0.0294    30.0000     0.1325 1.1797e-01     2.4219    174.304  0.000e+00
    486.000      1.981    29.5027   5.811715    -0.0220  -130.0000     0.1320 1.1797e-01     2.4227    174.409  0.000e+00
    486.250      2.017    29.4881   5.811676     0.0147   230.0000     0.1320 1.1802e-01     2.4229    174.456  0.000e+00
    486.500      2.012    29.4757   5.812047     0.0073   -80.0000     0.1324 1.1794e-01     2.4215    174.281  0.000e+00
    486.750      1.967    29.4702   5.811038     0.0000    60.0000     0.1329 1.1797e-01     2.4220    174.307  0.000e+00
    487.000      1.892    29.4652   5.814176     0.0147   -20.0000     0.1331 1.1807e-01     2.4225    174.340  0.000e+00
    487.250      1.794    29.4700   5.814855     0.0147   230.0000     0.1329 1.1802e-01     2.4205    174.119  0.000e+00
    487.500      1.699    29.4786   5.815115     0.0220   -50.0000     0.1337 1.1797e-01     2.4201    174.029  0.000e+00
    487.750      1.632    29.4850   5.816156     0.0220   120.0000     0.1339 1.1805e-01     2.4212    174.116  0.000e+00
    488.000      1.628    29.4919   5.816866     0.0147   -50.0000     0.1341 1.1807e-01     2.4193    173.884  0.000e+00
    488.250      1.677    29.4998   5.817725    -0.0147   200.0000     0.1374 1.1799e-01     2.4184    173.749  0.000e+00
    488.500      1.730    29.5068   5.817173     0.0000   -80.0000     0.1369 1.1797e-01     2.4187    173.771  0.000e+00
    488.750      1.772    29.5106   5.816384     0.0220   -80.0000     0.1370 1.1802e-01     2.4187    173.758  0.000e+00
    489.000      1.801    29.5092   5.815745     0.0220    30.0000     0.1372 1.1802e-01     2.4196    173.879  0.000e+00
    489.250      1.817    29.5055   5.815635     0.0220    10.0000     0.1330 1.1799e-01     2.4188    173.862  0.000e+00
    489.500      1.808    29.5021   5.813095    -0.0147   -50.0000     0.1331 1.1807e-01     2.4187    173.882  0.000e+00
    489.750      1.796    29.4937   5.812606    -0.0294   170.0000     0.1340 1.1805e-01     2.4210    174.178  0.000e+00
    490.000      1.801    29.4836   5.812607     0.0147    90.0000     0.1324 1.1805e-01     2.4203    174.204  0.000e+00
    490.250      1.830    29.4781   5.812757     0.0000    30.0000     0.1325 1.1799e-01     2.4183    174.008  0.000e+00
    490.500      1.876    29.4746   5.811866    -0.0294    10.0000     0.1320 1.1797e-01     2.4159    173.720  0.000e+00
    490.750      1.919    29.4707   5.813056     0.0147   250.0000     0.1319 1.1787e-01     2.4150    173.553  0.000e+00
    491.000      1.930    29.4711   5.813396     0.0220    10.0000     0.1326 1.1805e-01     2.4138    173.357  0.000e+00
    491.250      1.908    29.4731   5.813585     0.0073    60.0000     0.1319 1.1799e-01     2.4147    173.402  0.000e+00
    491.500      1.857    29.4758   5.812946     0.0147   -80.0000     0.1396 1.1799e-01     2.4135    173.243  0.000e+00
