cruises/P45_06/L1/CTD/P45_06_CTD_04.cnv
* Sea-Bird SBE19plus  Data File:
* FileName = C:\Users\OA_2023-03\Desktop\Bathymetry\ctd_casts\proble cast 2001.hex
* Software version 2.3.0 SB_Terminal.dll
* Temperature SN = 8460
* Conductivity SN = 8460
* System UpLoad Time = Apr 16 2026 17:48:13
* <ApplicationData>
* <SeatermAF>
# nquan = 11
# nvalues = 6675                                  
# units = specified
# name 0 = timeS: Time, Elapsed [seconds]
# name 1 = prdM: Pressure, Strain Gauge [db]
# name 2 = tv290C: Temperature [ITS-90, deg C]
# name 3 = c0S/m: Conductivity [S/m]
# name 4 = flECO-AFL: Fluorescence, WET Labs ECO-AFL/FL [mg/m^3]
# name 5 = flECO-AFL1: Fluorescence, WET Labs ECO-AFL/FL, 2 [mg/m^3]
# name 6 = CStarAt0: Beam Attenuation, WET Labs C-Star [1/m]
# name 7 = par/sat/log: PAR/Logarithmic, Satlantic [umol photons/m^2/sec]
# name 8 = sbeox0V: Oxygen raw, SBE 43 [V]
# name 9 = sbeox0Mm/L: Oxygen, SBE 43 [umol/l]
# name 10 = flag:  0.000e+00
# span 0 =      0.000,   1668.500                 
# span 1 =     -0.107,     93.004                 
# span 2 =    18.2970,    29.6030                 
# span 3 =  -0.321385,   5.827162                 
# span 4 =   -40.1037,    29.9382                 
# span 5 = -2.758e+05, 3.1026e+05                 
# span 6 =    -0.0859,    55.2620                 
# span 7 = 1.1782e-01, 1.1638e+03                 
# span 8 =     1.1747,     2.5956                 
# span 9 =     73.455,    205.288                 
# span 10 = 0.0000e+00, 0.0000e+00                
# interval = seconds: 0.25
# start_time = Apr 16 2026 16:22:25 [Instrument's time stamp, header]
# bad_flag = -9.990e-29
*END*
[from data line 5115]
   1278.750     82.567    18.3262   4.515876     0.0955   250.0000     0.0955 1.4413e-01     1.2529     84.205  0.000e+00
   1279.000     82.474    18.3264   4.516301     0.0881   230.0000     0.0957 1.4902e-01     1.2543     84.358  0.000e+00
   1279.250     82.385    18.3263   4.516308     0.1028   250.0000     0.0926 1.1833e-01     1.2562     84.640  0.000e+00
   1279.500     82.312    18.3264   4.516181     0.0881   170.0000     0.0926 1.3531e-01     1.2572     84.797  0.000e+00
   1279.750     82.251    18.3263   4.516003     0.1322   250.0000     0.0936 1.5703e-01     1.2581     84.944  0.000e+00
   1280.000     82.211    18.3265   4.516124     0.0955   200.0000     0.0880 1.6043e-01     1.2586     85.095  0.000e+00
   1280.250     82.198    18.3264   4.515628     0.1322   280.0000     0.0885 1.1825e-01     1.2595     85.089  0.000e+00
   1280.500     82.205    18.3266   4.515536     0.0808   250.0000     0.0881 1.4417e-01     1.2601     85.106  0.000e+00
   1280.750     82.225    18.3265   4.514835     0.1322   230.0000     0.0878 1.2816e-01     1.2603     85.045  0.000e+00
   1281.000     82.249    18.3266   4.513802     0.0955   170.0000     0.0860 1.1835e-01     1.2608     85.007  0.000e+00
   1281.250     82.263    18.3266   4.514340     0.1175   230.0000     0.0861 1.3199e-01     1.2602     84.796  0.000e+00
   1281.500     82.253    18.3267   4.513504     0.1028   250.0000     0.0858 1.3920e-01     1.2594     84.568  0.000e+00
   1281.750     82.203    18.3271   4.513575     0.1396   280.0000     0.0856 1.5873e-01     1.2588     84.351  0.000e+00
   1282.000     82.123    18.3273   4.514191     0.0881   230.0000     0.0861 1.1835e-01     1.2594     84.347  0.000e+00
   1282.250     81.998    18.3277   4.513299     0.1175   250.0000     0.0859 1.6043e-01     1.2594     84.280  0.000e+00
   1282.500     81.827    18.3278   4.513356     0.0955   230.0000     0.0910 1.3368e-01     1.2605     84.419  0.000e+00
   1282.750     81.640    18.3280   4.513724     0.1028   280.0000     0.0911 1.1828e-01     1.2628     84.814  0.000e+00
   1283.000     81.445    18.3282   4.514389     0.1175   250.0000     0.0904 1.1822e-01     1.2655     85.351  0.000e+00
   1283.250     81.258    18.3282   4.514474     0.1322   230.0000     0.0906 1.8775e-01     1.2682     85.992  0.000e+00
   1283.500     81.112    18.3284   4.515047     0.1102   250.0000     0.0910 1.1828e-01     1.2707     86.588  0.000e+00
   1283.750     81.007    18.3286   4.515861     0.1175   230.0000     0.0906 1.4656e-01     1.2733     87.167  0.000e+00
   1284.000     80.947    18.3286   4.516152     0.1249   120.0000     0.0910 1.4099e-01     1.2749     87.511  0.000e+00
   1284.250     80.929    18.3286   4.516123     0.1175   200.0000     0.0931 1.6043e-01     1.2775     87.932  0.000e+00
   1284.500     80.954    18.3286   4.515295     0.0514   250.0000     0.0936 1.4882e-01     1.2793     88.161  0.000e+00
   1284.750     80.983    18.3286   4.514771     0.0661   250.0000     0.0935 1.1874e-01     1.2799     88.118  0.000e+00
   1285.000     81.007    18.3286   4.514622     0.0881   250.0000     0.0928 1.1887e-01     1.2801     87.953  0.000e+00
   1285.250     81.005    18.3285   4.514955     0.0881   170.0000     0.0922 1.9512e-01     1.2810     87.849  0.000e+00
   1285.500     80.954    18.3285   4.514219     0.0661   280.0000     0.0921 1.3851e-01     1.2804     87.550  0.000e+00
   1285.750     80.851    18.3285   4.514707     0.1102   250.0000     0.0873 1.4102e-01     1.2806     87.329  0.000e+00
   1286.000     80.711    18.3283   4.514212     0.0881   310.0000     0.0879 1.3854e-01     1.2804     87.109  0.000e+00
   1286.250     80.556    18.3281   4.514615     0.0808   120.0000     0.0874 1.6270e-01     1.2799     86.828  0.000e+00
   1286.500     80.392    18.3284   4.514927     0.0881   230.0000     0.0879 1.6210e-01     1.2795     86.630  0.000e+00
   1286.750     80.247    18.3283   4.514948     0.1249   230.0000     0.0898 1.8738e-01     1.2800     86.629  0.000e+00
   1287.000     80.121    18.3284   4.515330     0.1175   230.0000     0.0890 1.4662e-01     1.2808     86.731  0.000e+00
   1287.250     80.016    18.3283   4.515202     0.1102   230.0000     0.0889 2.1854e-01     1.2813     86.816  0.000e+00
   1287.500     79.931    18.3284   4.515415     0.1028   230.0000     0.0863 1.3531e-01     1.2813     86.879  0.000e+00
   1287.750     79.867    18.3283   4.515259     0.1249   250.0000     0.0859 1.8533e-01     1.2803     86.756  0.000e+00
   1288.000     79.816    18.3283   4.514919     0.1175   230.0000     0.0862 2.1930e-01     1.2785     86.480  0.000e+00
   1288.250     79.774    18.3284   4.514523     0.0735   200.0000     0.0815 1.9474e-01     1.2780     86.335  0.000e+00
   1288.500     79.751    18.3284   4.514445     0.0661   250.0000     0.0817 2.0947e-01     1.2768     86.066  0.000e+00
   1288.750     79.736    18.3287   4.516038     0.1102   230.0000     0.0816 1.7331e-01     1.2759     85.776  0.000e+00
   1289.000     79.731    18.3289   4.516519     0.1102   280.0000     0.0792 1.9986e-01     1.2758     85.657  0.000e+00
   1289.250     79.736    18.3289   4.515811     0.1249   230.0000     0.0796 1.6351e-01     1.2758     85.644  0.000e+00
   1289.500     79.731    18.3293   4.516094     0.1175   230.0000     0.0796 1.7004e-01     1.2756     85.682  0.000e+00
   1289.750     79.713    18.3297   4.515825     0.0661   120.0000     0.0798 1.6362e-01     1.2741     85.561  0.000e+00
   1290.000     79.671    18.3303   4.515875     0.0588   230.0000     0.0782 1.7557e-01     1.2735     85.541  0.000e+00
   1290.250     79.604    18.3309   4.515294     0.1175   200.0000     0.0783 2.0401e-01     1.2738     85.618  0.000e+00
   1290.500     79.505    18.3312   4.515004     0.1028   250.0000     0.0784 2.0388e-01     1.2730     85.562  0.000e+00
   1290.750     79.395    18.3318   4.515592     0.0735   230.0000     0.0803 2.0969e-01     1.2717     85.363  0.000e+00
   1291.000     79.273    18.3323   4.515938     0.0735   200.0000     0.0804 2.0047e-01     1.2725     85.457  0.000e+00
   1291.250     79.155    18.3324   4.516271     0.1102   250.0000     0.0802 1.8509e-01     1.2730     85.561  0.000e+00
   1291.500     79.056    18.3329   4.516519     0.1175   120.0000     0.0797 1.9737e-01     1.2726     85.583  0.000e+00
   1291.750     78.980    18.3330   4.517007     0.1028   230.0000     0.0789 2.0730e-01     1.2727     85.687  0.000e+00
   1292.000     78.929    18.3330   4.516922     0.0881   200.0000     0.0799 2.1266e-01     1.2720     85.626  0.000e+00
   1292.250     78.907    18.3333   4.516682     0.1175   200.0000     0.0811 1.9673e-01     1.2709     85.465  0.000e+00
   1292.500     78.907    18.3335   4.516462     0.0808   250.0000     0.0812 1.6457e-01     1.2707     85.436  0.000e+00
   1292.750     78.922    18.3337   4.516094     0.0808   140.0000     0.0809 1.7929e-01     1.2698     85.293  0.000e+00
   1293.000     78.929    18.3337   4.516030     0.0881   280.0000     0.0811 1.8783e-01     1.2695     85.157  0.000e+00
   1293.250     78.909    18.3337   4.515825     0.0881   230.0000     0.0788 1.9103e-01     1.2688     85.017  0.000e+00
   1293.500     78.858    18.3338   4.516037     0.1102   250.0000     0.0794 2.0060e-01     1.2684     84.946  0.000e+00
   1293.750     78.769    18.3339   4.514586     0.0955   250.0000     0.0794 2.4109e-01     1.2685     84.986  0.000e+00
   1294.000     78.653    18.3341   4.514281     0.1102   280.0000     0.0780 2.5910e-01     1.2700     85.282  0.000e+00
   1294.250     78.507    18.3343   4.515973     0.0661   230.0000     0.0776 1.8852e-01     1.2682     85.117  0.000e+00
   1294.500     78.371    18.3347   4.516504     0.0955   280.0000     0.0778 1.8140e-01     1.2689     85.249  0.000e+00
   1294.750     78.242    18.3349   4.515570     0.1028   170.0000     0.0790 1.9745e-01     1.2687     85.282  0.000e+00
   1295.000     78.136    18.3354   4.515534     0.1102   200.0000     0.0788 1.8219e-01     1.2691     85.385  0.000e+00
   1295.250     78.056    18.3354   4.515888     0.1102   230.0000     0.0784 1.9728e-01     1.2694     85.462  0.000e+00
   1295.500     77.998    18.3354   4.516979     0.0661   230.0000     0.0784 2.0068e-01     1.2701     85.583  0.000e+00
   1295.750     77.962    18.3356   4.517071     0.0661   200.0000     0.0799 2.0388e-01     1.2694     85.495  0.000e+00
   1296.000     77.938    18.3358   4.517212     0.0955   250.0000     0.0807 2.2899e-01     1.2691     85.413  0.000e+00
   1296.250     77.926    18.3357   4.516568     0.1249   200.0000     0.0803 2.2939e-01     1.2682     85.319  0.000e+00
   1296.500     77.906    18.3360   4.516610     0.1102   250.0000     0.0745 2.1591e-01     1.2694     85.433  0.000e+00
   1296.750     77.875    18.3362   4.516858     0.1322   250.0000     0.0743 2.0060e-01     1.2689     85.347  0.000e+00
   1297.000     77.820    18.3363   4.517595     0.1322   230.0000     0.0745 2.8295e-01     1.2700     85.476  0.000e+00
   1297.250     77.751    18.3367   4.517297     0.0881   170.0000     0.0760 2.1586e-01     1.2707     85.606  0.000e+00
   1297.500     77.657    18.3369   4.516646     0.1175   200.0000     0.0757 2.0717e-01     1.2719     85.848  0.000e+00
   1297.750     77.542    18.3373   4.517474     0.1396   250.0000     0.0759 2.2899e-01     1.2718     85.941  0.000e+00
   1298.000     77.411    18.3375   4.517658     0.1028   140.0000     0.0788 2.2245e-01     1.2717     85.970  0.000e+00
   1298.250     77.280    18.3376   4.517007     0.1102   250.0000     0.0783 2.3069e-01     1.2723     86.083  0.000e+00
   1298.500     77.153    18.3377   4.516398     0.1102   280.0000     0.0788 1.9478e-01     1.2717     85.927  0.000e+00
   1298.750     77.042    18.3377   4.516801     0.0955   200.0000     0.0782 1.8864e-01     1.2717     85.887  0.000e+00
   1299.000     76.938    18.3379   4.517594     0.0808   200.0000     0.0774 1.9491e-01     1.2718     85.794  0.000e+00
   1299.250     76.860    18.3375   4.517722     0.1028   250.0000     0.0774 2.5899e-01     1.2717     85.711  0.000e+00
   1299.500     76.795    18.3377   4.517814     0.1469   280.0000     0.0776 2.3788e-01     1.2721     85.715  0.000e+00
   1299.750     76.748    18.3376   4.517686     0.0735   310.0000     0.0771 2.5521e-01     1.2717     85.656  0.000e+00
   1300.000     76.720    18.3376   4.517509     0.1175   200.0000     0.0774 2.3144e-01     1.2712     85.575  0.000e+00
   1300.250     76.713    18.3379   4.516950     0.0808   280.0000     0.0777 2.5274e-01     1.2701     85.366  0.000e+00
   1300.500     76.715    18.3380   4.515661     0.0955   200.0000     0.0786 2.3169e-01     1.2696     85.273  0.000e+00
   1300.750     76.708    18.3380   4.514854     0.1542   230.0000     0.0788 2.3064e-01     1.2696     85.223  0.000e+00
   1301.000     76.691    18.3381   4.514677     0.1102   170.0000     0.0790 2.4361e-01     1.2695     85.185  0.000e+00
   1301.250     76.635    18.3381   4.514337     0.1175   140.0000     0.0791 2.4031e-01     1.2698     85.220  0.000e+00
   1301.500     76.546    18.3380   4.515753     0.1249   200.0000     0.0782 2.1854e-01     1.2694     85.192  0.000e+00
   1301.750     76.417    18.3380   4.515441     0.0955   170.0000     0.0785 2.3054e-01     1.2695     85.263  0.000e+00
   1302.000     76.257    18.3378   4.515533     0.0955   200.0000     0.0784 2.3149e-01     1.2697     85.351  0.000e+00
   1302.250     76.100    18.3379   4.515661     0.1396   340.0000     0.0733 2.4948e-01     1.2692     85.346  0.000e+00
   1302.500     75.966    18.3380   4.516355     0.0881   200.0000     0.0731 2.6391e-01     1.2708     85.602  0.000e+00
   1302.750     75.868    18.3381   4.515781     0.1102   250.0000     0.0731 2.5865e-01     1.2715     85.757  0.000e+00
   1303.000     75.810    18.3383   4.514946     0.0881   230.0000     0.0724 2.7079e-01     1.2734     86.114  0.000e+00
   1303.250     75.797    18.3388   4.513601     0.0881   250.0000     0.0721 2.4663e-01     1.2727     86.091  0.000e+00
   1303.500     75.793    18.3392   4.512886     0.1322   250.0000     0.0721 2.2487e-01     1.2719     86.010  0.000e+00
   1303.750     75.800    18.3394   4.513204     0.0735   230.0000     0.0721 2.5002e-01     1.2710     85.827  0.000e+00
   1304.000     75.791    18.3400   4.511767     0.1175   250.0000     0.0723 2.4120e-01     1.2695     85.515  0.000e+00
   1304.250     75.753    18.3402   4.511760     0.0955   200.0000     0.0723 2.5367e-01     1.2679     85.117  0.000e+00
   1304.500     75.693    18.3405   4.511909     0.0661   200.0000     0.0719 2.7409e-01     1.2684     84.968  0.000e+00
   1304.750     75.617    18.3409   4.511881     0.1102   250.0000     0.0742 2.7960e-01     1.2683     84.851  0.000e+00
   1305.000     75.526    18.3410   4.512468     0.1175   200.0000     0.0747 2.4969e-01     1.2681     84.770  0.000e+00
   1305.250     75.442    18.3409   4.512029     0.1028   170.0000     0.0744 2.7594e-01     1.2687     84.957  0.000e+00
   1305.500     75.361    18.3407   4.511498     0.1322   230.0000     0.0799 2.2178e-01     1.2687     85.086  0.000e+00
   1305.750     75.288    18.3406   4.512376     0.0808   230.0000     0.0801 2.6840e-01     1.2695     85.342  0.000e+00
   1306.000     75.224    18.3404   4.513296     0.1322   250.0000     0.0799 2.7648e-01     1.2688     85.358  0.000e+00
   1306.250     75.155    18.3400   4.513211     0.0881   200.0000     0.0767 2.6690e-01     1.2686     85.386  0.000e+00
   1306.500     75.079    18.3397   4.513353     0.0955   170.0000     0.0766 2.9661e-01     1.2684     85.318  0.000e+00
   1306.750     75.006    18.3394   4.513501     0.0881   230.0000     0.0764 2.4883e-01     1.2682     85.271  0.000e+00
   1307.000     74.926    18.3394   4.513324     0.1102   250.0000     0.0767 2.7954e-01     1.2680     85.204  0.000e+00
   1307.250     74.852    18.3394   4.513268     0.0661   230.0000     0.0703 2.8783e-01     1.2677     85.105  0.000e+00
   1307.500     74.791    18.3398   4.514004     0.1249   200.0000     0.0702 2.8045e-01     1.2684     85.183  0.000e+00
   1307.750     74.751    18.3402   4.514386     0.0661   230.0000     0.0708 2.8970e-01     1.2671     84.984  0.000e+00
   1308.000     74.722    18.3406   4.514648     0.1322   230.0000     0.0729 2.9777e-01     1.2669     84.960  0.000e+00
   1308.250     74.702    18.3411   4.514796     0.1102   170.0000     0.0729 2.5230e-01     1.2658     84.782  0.000e+00
   1308.500     74.681    18.3417   4.514358     0.0808   250.0000     0.0725 2.9629e-01     1.2646     84.572  0.000e+00
   1308.750     74.644    18.3422   4.514372     0.1102   250.0000     0.0687 2.6192e-01     1.2636     84.364  0.000e+00
   1309.000     74.592    18.3426   4.514917     0.0881   250.0000     0.0689 3.4007e-01     1.2630     84.215  0.000e+00
   1309.250     74.519    18.3431   4.515108     0.1542   200.0000     0.0689 2.5241e-01     1.2630     84.168  0.000e+00
   1309.500     74.428    18.3435   4.514648     0.0955   -50.0000     0.0742 2.6992e-01     1.2617     83.979  0.000e+00
   1309.750     74.322    18.3438   4.514648     0.1102   200.0000     0.0743 3.0613e-01     1.2624     84.125  0.000e+00
   1310.000     74.219    18.3438   4.515150     0.0955   250.0000     0.0749 2.7415e-01     1.2612     84.015  0.000e+00
   1310.250     74.110    18.3438   4.515320     0.1102   280.0000     0.0742 2.7392e-01     1.2617     84.172  0.000e+00
   1310.500     74.002    18.3437   4.514945     0.0735   250.0000     0.0691 3.0620e-01     1.2617     84.268  0.000e+00
   1310.750     73.901    18.3436   4.514591     0.1102   250.0000     0.0690 2.9687e-01     1.2615     84.310  0.000e+00
   1311.000     73.817    18.3434   4.515015     0.0808   250.0000     0.0690 3.2071e-01     1.2632     84.620  0.000e+00
