cruises/P45_06/L1/CTD/P45_06_CTD_07.cnv
* Sea-Bird SBE19plus  Data File:
* FileName = C:\Users\OA_2023-03\Desktop\Bathymetry\ctd_casts\J1_17_04_2026003.hex
* Software version 2.3.0 SB_Terminal.dll
* Temperature SN = 8460
* Conductivity SN = 8460
* System UpLoad Time = Apr 17 2026 12:58:15
* <ApplicationData>
* <SeatermAF>
# nquan = 11
# nvalues = 3956                                  
# units = specified
# name 0 = timeS: Time, Elapsed [seconds]
# name 1 = prdM: Pressure, Strain Gauge [db]
# name 2 = tv290C: Temperature [ITS-90, deg C]
# name 3 = c0S/m: Conductivity [S/m]
# name 4 = flECO-AFL: Fluorescence, WET Labs ECO-AFL/FL [mg/m^3]
# name 5 = flECO-AFL1: Fluorescence, WET Labs ECO-AFL/FL, 2 [mg/m^3]
# name 6 = CStarAt0: Beam Attenuation, WET Labs C-Star [1/m]
# name 7 = par/sat/log: PAR/Logarithmic, Satlantic [umol photons/m^2/sec]
# name 8 = sbeox0V: Oxygen raw, SBE 43 [V]
# name 9 = sbeox0Mm/L: Oxygen, SBE 43 [umol/l]
# name 10 = flag:  0.000e+00
# span 0 =      0.000,    988.750                 
# span 1 =     -0.056,     49.537                 
# span 2 =    20.3079,    30.1984                 
# span 3 =  -0.163806,   5.859566                 
# span 4 =   -26.8607,    29.9382                 
# span 5 = -1.950e+05, 40750.0000                 
# span 6 =    -0.1104,    55.2620                 
# span 7 = 1.8115e+01, 3.4716e+03                 
# span 8 =     1.6264,     2.8041                 
# span 9 =    100.339,    246.121                 
# span 10 = 0.0000e+00, 0.0000e+00                
# interval = seconds: 0.25
# start_time = Apr 17 2026 12:04:27 [Instrument's time stamp, header]
# bad_flag = -9.990e-29
*END*
[from data line 2623]
    655.750      4.200    29.5735   5.836609     0.0294    60.0000     0.0815 5.1485e+02     2.0381    145.561  0.000e+00
    656.000      4.353    29.5741   5.836238     0.0367    30.0000     0.0821 3.7363e+02     2.0539    147.727  0.000e+00
    656.250      4.528    29.5741   5.836278     0.0220    10.0000     0.0824 4.2495e+02     2.0629    148.605  0.000e+00
    656.500      4.695    29.5745   5.836799     0.0441   120.0000     0.0823 4.2358e+02     2.0641    148.169  0.000e+00
    656.750      4.826    29.5751   5.835930     0.0441   200.0000     0.0823 4.1032e+02     2.0604    146.718  0.000e+00
    657.000      4.898    29.5757   5.835488     0.0147    30.0000     0.0822 3.9567e+02     2.0536    144.380  0.000e+00
    657.250      4.897    29.5741   5.836578     0.0441    90.0000     0.0810 3.9550e+02     2.0439    141.553  0.000e+00
    657.500      4.826    29.5732   5.836538     0.0367    90.0000     0.0807 4.1219e+02     2.0393    139.552  0.000e+00
    657.750      4.704    29.5739   5.835748     0.0367    60.0000     0.0813 4.2744e+02     2.0479    139.498  0.000e+00
    658.000      4.548    29.5744   5.836349     0.0441    90.0000     0.0823 4.5247e+02     2.0607    140.506  0.000e+00
    658.250      4.397    29.5737   5.837060     0.0294   140.0000     0.0820 4.9497e+02     2.0668    141.316  0.000e+00
    658.500      4.282    29.5746   5.836538     0.0000    60.0000     0.0819 5.1529e+02     2.0691    141.993  0.000e+00
    658.750      4.224    29.5767   5.835819     0.0220    90.0000     0.0821 4.5061e+02     2.0658    142.091  0.000e+00
    659.000      4.233    29.5765   5.836720     0.0294   120.0000     0.0808 4.7104e+02     2.0599    141.716  0.000e+00
    659.250      4.289    29.5759   5.836838     0.0441    90.0000     0.0807 4.7237e+02     2.0541    141.071  0.000e+00
    659.500      4.380    29.5759   5.836088     0.0220   -50.0000     0.0801 4.5051e+02     2.0658    142.025  0.000e+00
    659.750      4.491    29.5763   5.836278     0.0220   170.0000     0.0821 4.3632e+02     2.0885    144.206  0.000e+00
    660.000      4.593    29.5762   5.836838     0.0441   -20.0000     0.0828 4.1130e+02     2.1104    146.732  0.000e+00
    660.250      4.689    29.5755   5.836499     0.0294    10.0000     0.0821 4.1023e+02     2.1319    149.679  0.000e+00
    660.500      4.764    29.5758   5.836388     0.0294   -20.0000     0.0792 4.8145e+02     2.1460    152.027  0.000e+00
    660.750      4.808    29.5765   5.836799     0.0220   200.0000     0.0788 5.5032e+02     2.1504    153.218  0.000e+00
    661.000      4.818    29.5768   5.836941     0.0441   200.0000     0.0791 5.7366e+02     2.1457    152.992  0.000e+00
    661.250      4.798    29.5772   5.836578     0.0441   140.0000     0.0865 5.7229e+02     2.1361    151.556  0.000e+00
    661.500      4.757    29.5778   5.836388     0.0367    30.0000     0.0866 5.0744e+02     2.1244    149.142  0.000e+00
    661.750      4.693    29.5777   5.836578     0.0220   -20.0000     0.0862 5.0645e+02     2.1108    146.223  0.000e+00
    662.000      4.615    29.5782   5.836546     0.0367   140.0000     0.0860 5.4310e+02     2.0962    143.264  0.000e+00
    662.250      4.531    29.5786   5.836388     0.0220    60.0000     0.0807 5.2679e+02     2.0805    140.401  0.000e+00
    662.500      4.453    29.5787   5.836428     0.0220   -20.0000     0.0801 4.8249e+02     2.0644    137.878  0.000e+00
    662.750      4.375    29.5787   5.836277     0.0441   120.0000     0.0806 5.8418e+02     2.0474    135.630  0.000e+00
    663.000      4.309    29.5789   5.836159     0.0441   140.0000     0.0824 6.7910e+02     2.0298    133.582  0.000e+00
    663.250      4.258    29.5782   5.836309     0.0073   170.0000     0.0825 4.6830e+02     2.0129    131.758  0.000e+00
    663.500      4.229    29.5783   5.836459     0.0367    30.0000     0.0826 4.5335e+02     1.9964    130.064  0.000e+00
    663.750      4.244    29.5780   5.836688     0.0367   -80.0000     0.0764 5.3680e+02     1.9802    128.473  0.000e+00
    664.000      4.306    29.5780   5.837020     0.0441   170.0000     0.0759 6.8264e+02     1.9675    127.342  0.000e+00
    664.250      4.446    29.5781   5.837700     0.0294   120.0000     0.0762 6.0188e+02     1.9593    126.806  0.000e+00
    664.500      4.631    29.5805   5.837549     0.0294    30.0000     0.0764 4.5012e+02     1.9584    127.231  0.000e+00
    664.750      4.815    29.5838   5.837739     0.0441   120.0000     0.0817 3.9920e+02     1.9651    128.685  0.000e+00
    665.000      4.971    29.5867   5.837739     0.0367   170.0000     0.0815 4.4011e+02     1.9692    130.067  0.000e+00
    665.250      5.075    29.5900   5.836499     0.0220    60.0000     0.0819 4.8093e+02     1.9739    131.556  0.000e+00
    665.500      5.089    29.5911   5.837439     0.0220    60.0000     0.0811 5.9773e+02     1.9754    132.628  0.000e+00
    665.750      5.020    29.5902   5.838379     0.0588   120.0000     0.0811 6.0961e+02     1.9741    133.179  0.000e+00
    666.000      4.871    29.5910   5.837439     0.0294   120.0000     0.0811 7.0576e+02     1.9815    134.388  0.000e+00
    666.250      4.669    29.5928   5.837549     0.0294    60.0000     0.0787 5.4949e+02     1.9969    136.305  0.000e+00
    666.500      4.433    29.5933   5.838821     0.0441   170.0000     0.0790 8.0620e+02     2.0109    138.019  0.000e+00
    666.750      4.233    29.5934   5.838489     0.1983    90.0000     0.0788 9.3114e+02     2.0202    139.215  0.000e+00
    667.000      4.097    29.5945   5.837778     0.0367    90.0000     0.0787 5.7019e+02     2.0233    139.756  0.000e+00
    667.250      4.067    29.5955   5.838939     0.0294    60.0000     0.0787 7.8164e+02     2.0238    139.877  0.000e+00
    667.500      4.131    29.5960   5.839730     0.0367   170.0000     0.0783 1.1947e+03     2.0215    139.539  0.000e+00
    667.750      4.282    29.5974   5.839169     0.0661    60.0000     0.0778 5.0612e+02     2.0235    139.435  0.000e+00
    668.000      4.482    29.5989   5.839651     0.0441    10.0000     0.0788 5.5402e+02     2.0305    139.649  0.000e+00
    668.250      4.696    29.6003   5.840141     0.0441   140.0000     0.0789 5.0865e+02     2.0403    140.214  0.000e+00
    668.500      4.880    29.6019   5.839090     0.0441   -50.0000     0.0796 5.9592e+02     2.0565    141.806  0.000e+00
    668.750      4.998    29.6032   5.838640     0.0367   170.0000     0.0805 5.7864e+02     2.0711    143.593  0.000e+00
    669.000      5.040    29.6034   5.839461     0.0441   140.0000     0.0805 6.5232e+02     2.0756    144.475  0.000e+00
    669.250      4.995    29.6026   5.840070     0.0220   120.0000     0.0809 5.0394e+02     2.0735    144.511  0.000e+00
    669.500      4.860    29.6026   5.839319     0.0441   170.0000     0.0806 5.3517e+02     2.0790    145.112  0.000e+00
    669.750      4.669    29.6037   5.839430     0.0514    30.0000     0.0794 9.5253e+02     2.0877    145.834  0.000e+00
    670.000      4.447    29.6046   5.840275     0.0294    90.0000     0.0794 7.9339e+02     2.0902    145.741  0.000e+00
    670.250      4.240    29.6051   5.839951     0.0220   120.0000     0.0792 6.4586e+02     2.0905    145.306  0.000e+00
    670.500      4.078    29.6058   5.839168     0.0294   200.0000     0.0804 7.2952e+02     2.0945    145.241  0.000e+00
    670.750      3.980    29.6057   5.839840     0.0294   250.0000     0.0801 9.2411e+02     2.0958    145.084  0.000e+00
    671.000      3.986    29.6044   5.840741     0.0441   250.0000     0.0801 6.3588e+02     2.0909    144.429  0.000e+00
    671.250      4.073    29.6042   5.840520     0.0367    90.0000     0.0799 6.2402e+02     2.0859    143.691  0.000e+00
    671.500      4.253    29.6042   5.840931     0.0441   120.0000     0.0792 6.7940e+02     2.0853    143.231  0.000e+00
    671.750      4.480    29.6057   5.841492     0.0441   200.0000     0.0792 6.0632e+02     2.0883    143.238  0.000e+00
    672.000      4.709    29.6079   5.841381     0.0220    90.0000     0.0804 5.7478e+02     2.0971    144.140  0.000e+00
    672.250      4.902    29.6106   5.840631     0.0220   -80.0000     0.0803 5.7602e+02     2.1059    145.230  0.000e+00
    672.500      5.038    29.6130   5.840402     0.0220   200.0000     0.0800 9.5977e+02     2.1105    145.955  0.000e+00
    672.750      5.089    29.6153   5.840591     0.0441  -110.0000     0.0805 9.2531e+02     2.1070    145.866  0.000e+00
    673.000      5.042    29.6170   5.841611     0.0294    60.0000     0.0788 7.5570e+02     2.0967    144.911  0.000e+00
    673.250      4.902    29.6176   5.840883     0.0294    60.0000     0.0786 4.9475e+02     2.0837    143.325  0.000e+00
    673.500      4.691    29.6192   5.841041     0.0294   -80.0000     0.0781 6.7529e+02     2.0751    141.871  0.000e+00
    673.750      4.451    29.6204   5.842171     0.0441   120.0000     0.0790 1.0881e+03     2.0729    140.985  0.000e+00
    674.000      4.238    29.6204   5.842171     0.0441   -20.0000     0.0790 7.7056e+02     2.0720    140.348  0.000e+00
    674.250      4.085    29.6180   5.841310     0.0514  -160.0000     0.0788 5.6847e+02     2.0736    140.292  0.000e+00
    674.500      4.026    29.6160   5.841942     0.0367   170.0000     0.1019 1.1090e+03     2.0813    141.289  0.000e+00
    674.750      4.062    29.6144   5.842242     0.0367    30.0000     0.1017 7.8486e+02     2.0999    143.909  0.000e+00
    675.000      4.182    29.6124   5.842211     0.0000   120.0000     0.1017 6.5756e+02     2.1221    147.270  0.000e+00
    675.250      4.362    29.6107   5.842132     0.0441    30.0000     0.1017 4.8521e+02     2.1386    150.113  0.000e+00
    675.500      4.547    29.6093   5.842172     0.0220   140.0000     0.0812 5.1551e+02     2.1472    151.876  0.000e+00
    675.750      4.705    29.6088   5.841871     0.0073   230.0000     0.0810 6.7122e+02     2.1559    153.265  0.000e+00
    676.000      4.809    29.6088   5.841468     0.0367   140.0000     0.0809 4.7979e+02     2.1684    154.795  0.000e+00
    676.250      4.836    29.6091   5.841682     0.0441    90.0000     0.0799 5.3229e+02     2.1756    155.475  0.000e+00
    676.500      4.784    29.6087   5.841832     0.0588    60.0000     0.0798 8.1180e+02     2.1772    155.174  0.000e+00
    676.750      4.665    29.6091   5.841611     0.0294    90.0000     0.0798 7.2888e+02     2.1844    155.212  0.000e+00
    677.000      4.498    29.6101   5.841571     0.0294   120.0000     0.0794 8.0428e+02     2.1957    155.795  0.000e+00
    677.250      4.311    29.6116   5.841934     0.0147    90.0000     0.0800 1.0425e+03     2.1966    155.521  0.000e+00
    677.500      4.138    29.6134   5.841792     0.0441   230.0000     0.0794 8.0515e+02     2.1966    155.206  0.000e+00
    677.750      4.027    29.6152   5.841531     0.0220   -20.0000     0.0797 8.9965e+02     2.1971    154.870  0.000e+00
    678.000      3.996    29.6171   5.842211     0.0441   250.0000     0.0792 5.5908e+02     2.1914    153.822  0.000e+00
    678.250      4.058    29.6187   5.842772     0.0220   140.0000     0.0798 5.5235e+02     2.1843    152.638  0.000e+00
    678.500      4.218    29.6199   5.842811     0.0294    10.0000     0.0788 6.1691e+02     2.1846    152.238  0.000e+00
    678.750      4.438    29.6219   5.843333     0.0000   200.0000     0.0800 6.2673e+02     2.1869    152.071  0.000e+00
    679.000      4.658    29.6247   5.843823     0.0367  -110.0000     0.0803 5.0154e+02     2.1894    152.103  0.000e+00
    679.250      4.844    29.6263   5.843001     0.0367    10.0000     0.0800 4.9081e+02     2.1960    152.911  0.000e+00
    679.500      4.985    29.6270   5.842583     0.0220   200.0000     0.0844 6.3163e+02     2.2017    153.780  0.000e+00
    679.750      5.031    29.6275   5.843183     0.0367   120.0000     0.0847 5.3471e+02     2.2058    154.544  0.000e+00
    680.000      4.967    29.6280   5.843863     0.0294   -50.0000     0.0841 5.9117e+02     2.1994    154.185  0.000e+00
    680.250      4.824    29.6269   5.843483     0.0367    90.0000     0.0795 4.5168e+02     2.1953    153.812  0.000e+00
    680.500      4.620    29.6249   5.843562     0.0441   170.0000     0.0799 5.0634e+02     2.1940    153.459  0.000e+00
    680.750      4.393    29.6231   5.843452     0.0294   -50.0000     0.0800 6.4335e+02     2.1917    152.927  0.000e+00
    681.000      4.191    29.6207   5.843072     0.0294    10.0000     0.0803 6.2133e+02     2.1964    153.150  0.000e+00
    681.250      4.056    29.6184   5.842985     0.0220   120.0000     0.0810 5.5151e+02     2.2038    153.792  0.000e+00
    681.500      4.029    29.6170   5.842732     0.0294   120.0000     0.0810 5.7155e+02     2.2049    153.980  0.000e+00
    681.750      4.082    29.6155   5.842693     0.0220   140.0000     0.0807 6.6615e+02     2.2052    154.191  0.000e+00
    682.000      4.214    29.6144   5.842622     0.0294    60.0000     0.0780 3.9825e+02     2.2072    154.697  0.000e+00
    682.250      4.387    29.6142   5.842622     0.0220   140.0000     0.0782 3.8863e+02     2.2046    154.553  0.000e+00
    682.500      4.563    29.6143   5.842583     0.0514    90.0000     0.0782 4.3472e+02     2.2055    154.608  0.000e+00
    682.750      4.711    29.6157   5.842583     0.0294   200.0000     0.0796 3.8097e+02     2.2097    154.968  0.000e+00
    683.000      4.812    29.6172   5.842693     0.0220   200.0000     0.0797 3.9499e+02     2.2121    155.078  0.000e+00
    683.250      4.852    29.6181   5.842772     0.0147   120.0000     0.0795 6.2200e+02     2.2147    155.269  0.000e+00
    683.500      4.820    29.6197   5.842843     0.0367   120.0000     0.0798 4.5987e+02     2.2219    156.118  0.000e+00
    683.750      4.720    29.6211   5.843057     0.0294   -20.0000     0.0796 5.4937e+02     2.2218    156.239  0.000e+00
    684.000      4.562    29.6224   5.843072     0.0441   140.0000     0.0799 4.7648e+02     2.2119    155.185  0.000e+00
    684.250      4.376    29.6237   5.843302     0.0367   140.0000     0.0805 5.9258e+02     2.1956    153.222  0.000e+00
    684.500      4.193    29.6247   5.843633     0.0367    90.0000     0.0796 4.6066e+02     2.1772    150.688  0.000e+00
    684.750      4.045    29.6249   5.843420     0.0367    60.0000     0.0796 5.3483e+02     2.1624    148.337  0.000e+00
    685.000      3.996    29.6245   5.843633     0.0367   120.0000     0.0800 5.5235e+02     2.1539    146.727  0.000e+00
    685.250      4.038    29.6253   5.843783     0.0220    10.0000     0.0782 4.5003e+02     2.1478    145.556  0.000e+00
    685.500      4.165    29.6261   5.843752     0.0367   200.0000     0.0785 3.9192e+02     2.1527    145.885  0.000e+00
    685.750      4.363    29.6274   5.844084     0.0441   120.0000     0.0778 4.3566e+02     2.1586    146.932  0.000e+00
    686.000      4.571    29.6286   5.844203     0.0294   -20.0000     0.0780 4.3228e+02     2.1648    148.449  0.000e+00
    686.250      4.743    29.6293   5.843934     0.0367    10.0000     0.0823 4.3004e+02     2.1750    150.586  0.000e+00
    686.500      4.860    29.6298   5.843863     0.0294   230.0000     0.0828 4.4586e+02     2.1807    152.190  0.000e+00
    686.750      4.898    29.6298   5.843974     0.0220    90.0000     0.0823 3.9345e+02     2.1793    152.730  0.000e+00
    687.000      4.858    29.6294   5.844124     0.0220    60.0000     0.0807 3.7769e+02     2.1782    152.885  0.000e+00
    687.250      4.732    29.6285   5.844084     0.0294    90.0000     0.0811 4.7196e+02     2.1830    153.378  0.000e+00
    687.500      4.563    29.6274   5.843997     0.0294   -20.0000     0.0808 4.6376e+02     2.1835    153.178  0.000e+00
    687.750      4.383    29.6254   5.843784     0.0441   -50.0000     0.0803 4.2569e+02     2.1737    151.789  0.000e+00
    688.000      4.240    29.6234   5.843483     0.0220    90.0000     0.0804 4.5208e+02     2.1596    149.760  0.000e+00
    688.250      4.163    29.6212   5.843333     0.0367   230.0000     0.0802 3.8990e+02     2.1482    147.895  0.000e+00
