cruises/P45_06/L1/CTD/P45_06_CTD_08.cnv
* Sea-Bird SBE19plus  Data File:
* FileName = C:\Users\OA_2023-03\Desktop\Bathymetry\ctd_casts\J2_17_04_2026001.hex
* Software version 2.3.0 SB_Terminal.dll
* Temperature SN = 8460
* Conductivity SN = 8460
* System UpLoad Time = Apr 17 2026 17:13:47
* <ApplicationData>
* <SeatermAF>
# nquan = 11
# nvalues = 2934                                  
# units = specified
# name 0 = timeS: Time, Elapsed [seconds]
# name 1 = prdM: Pressure, Strain Gauge [db]
# name 2 = tv290C: Temperature [ITS-90, deg C]
# name 3 = c0S/m: Conductivity [S/m]
# name 4 = flECO-AFL: Fluorescence, WET Labs ECO-AFL/FL [mg/m^3]
# name 5 = flECO-AFL1: Fluorescence, WET Labs ECO-AFL/FL, 2 [mg/m^3]
# name 6 = CStarAt0: Beam Attenuation, WET Labs C-Star [1/m]
# name 7 = par/sat/log: PAR/Logarithmic, Satlantic [umol photons/m^2/sec]
# name 8 = sbeox0V: Oxygen raw, SBE 43 [V]
# name 9 = sbeox0Mm/L: Oxygen, SBE 43 [umol/l]
# name 10 = flag:  0.000e+00
# span 0 =      0.000,    733.250                 
# span 1 =     -0.083,     59.020                 
# span 2 =    19.6278,    30.8306                 
# span 3 =  -0.315919,   5.875385                 
# span 4 =   -79.9063,    29.9382                 
# span 5 = -1.864e+05, 40750.0000                 
# span 6 =    -0.1020,    24.8803                 
# span 7 = 3.3441e+00, 1.9408e+03                 
# span 8 =     1.6516,     2.6927                 
# span 9 =    123.864,    236.390                 
# span 10 = 0.0000e+00, 0.0000e+00                
# interval = seconds: 0.25
# start_time = Apr 17 2026 14:51:22 [Instrument's time stamp, header]
# bad_flag = -9.990e-29
*END*
[from data line 1705]
    426.250     32.603    23.3831   5.230950     0.2644   280.0000     0.1517 5.0619e+01     2.4416    194.584  0.000e+00
    426.500     32.715    23.3742   5.230302     0.3673   250.0000     0.1520 4.8781e+01     2.4375    194.031  0.000e+00
    426.750     32.855    23.3657   5.229451     0.3011   480.0000     0.1526 4.7275e+01     2.4350    193.750  0.000e+00
    427.000     33.002    23.3571   5.228133     0.3305   340.0000     0.1529 4.6243e+01     2.4310    193.361  0.000e+00
    427.250     33.142    23.3467   5.226092     0.3085   420.0000     0.1525 4.5954e+01     2.4278    193.175  0.000e+00
    427.500     33.261    23.3322   5.222673     0.3673   310.0000     0.1529 4.6736e+01     2.4244    193.036  0.000e+00
    427.750     33.362    23.3101   5.218677     0.3379   310.0000     0.1559 4.8623e+01     2.4208    192.865  0.000e+00
    428.000     33.439    23.2808   5.216269     0.3966   390.0000     0.1556 5.0576e+01     2.4172    192.633  0.000e+00
    428.250     33.506    23.2522   5.215050     0.3526   310.0000     0.1556 5.1537e+01     2.4132    192.333  0.000e+00
    428.500     33.557    23.2301   5.213531     0.3526   310.0000     0.1465 5.2584e+01     2.4088    191.919  0.000e+00
    428.750     33.615    23.2116   5.210928     0.3379   390.0000     0.1463 5.2823e+01     2.4046    191.485  0.000e+00
    429.000     33.684    23.1918   5.207860     0.3746   390.0000     0.1462 5.2482e+01     2.4009    191.146  0.000e+00
    429.250     33.773    23.1682   5.205530     0.3746   370.0000     0.1465 5.0292e+01     2.3947    190.476  0.000e+00
    429.500     33.899    23.1448   5.203267     0.3966   310.0000     0.1462 4.8162e+01     2.3895    189.892  0.000e+00
    429.750     34.068    23.1205   5.198450     0.3966   370.0000     0.1464 4.5322e+01     2.3854    189.499  0.000e+00
    430.000     34.261    23.0887   5.190030     0.4407   370.0000     0.1699 4.1628e+01     2.3798    188.989  0.000e+00
    430.250     34.466    23.0342   5.173995     0.4260   480.0000     0.1699 3.8285e+01     2.3753    188.744  0.000e+00
    430.500     34.686    22.9370   5.163091     0.5068   310.0000     0.1700 3.6089e+01     2.3687    188.301  0.000e+00
    430.750     34.913    22.8283   5.157153     0.5729   750.0000     0.1702 3.5554e+01     2.3624    187.863  0.000e+00
    431.000     35.121    22.7396   5.153950     0.5288   590.0000     0.1656 3.7328e+01     2.3546    187.137  0.000e+00
    431.250     35.301    22.6755   5.150889     0.5803   500.0000     0.1654 4.0535e+01     2.3492    186.687  0.000e+00
    431.500     35.441    22.6267   5.145532     0.6831   950.0000     0.1658 4.2117e+01     2.3372    185.300  0.000e+00
    431.750     35.515    22.5774   5.137561     0.7272   890.0000     0.1572 4.3113e+01     2.3273    184.095  0.000e+00
    432.000     35.535    22.5183   5.135102     0.7492   840.0000     0.1570 4.3356e+01     2.3187    183.047  0.000e+00
    432.250     35.517    22.4683   5.135671     0.7492  1110.0000     0.1574 4.3553e+01     2.3102    182.006  0.000e+00
    432.500     35.473    22.4430   5.136262     0.6464   970.0000     0.1528 4.3742e+01     2.3012    180.941  0.000e+00
    432.750     35.444    22.4341   5.135904     0.7272   970.0000     0.1524 4.3837e+01     2.2936    180.073  0.000e+00
    433.000     35.450    22.4294   5.134610     0.7198   950.0000     0.1526 4.3412e+01     2.2877    179.543  0.000e+00
    433.250     35.508    22.4231   5.134506     0.7859  1060.0000     0.1527 4.2492e+01     2.2838    179.384  0.000e+00
    433.500     35.628    22.4179   5.134312     0.7933  1140.0000     0.1533 4.0264e+01     2.2825    179.813  0.000e+00
    433.750     35.802    22.4144   5.131091     0.9916  1390.0000     0.1534 3.7102e+01     2.2788    179.952  0.000e+00
    434.000     35.992    22.4002   5.126586     1.1238  1340.0000     0.1534 3.3880e+01     2.2767    180.291  0.000e+00
    434.250     36.171    22.3709   5.123345     1.1532  1530.0000     0.1684 3.2713e+01     2.2757    180.814  0.000e+00
    434.500     36.332    22.3379   5.120539     1.1458  1640.0000     0.1682 3.3457e+01     2.2723    180.974  0.000e+00
    434.750     36.459    22.3046   5.118852     1.1238  1390.0000     0.1682 3.4636e+01     2.2697    181.069  0.000e+00
    435.000     36.551    22.2764   5.117069     1.1018  1610.0000     0.1967 3.5879e+01     2.2680    181.128  0.000e+00
    435.250     36.611    22.2515   5.115614     1.1605  1310.0000     0.1972 3.7134e+01     2.2645    180.843  0.000e+00
    435.500     36.664    22.2305   5.114390     1.1311  1360.0000     0.1970 3.8045e+01     2.2614    180.524  0.000e+00
    435.750     36.735    22.2148   5.112906     1.1899  1640.0000     0.1883 3.8177e+01     2.2592    180.340  0.000e+00
    436.000     36.844    22.2005   5.111556     1.2560  1610.0000     0.1878 3.7054e+01     2.2566    180.068  0.000e+00
    436.250     36.995    22.1870   5.109646     1.2854  1890.0000     0.1885 3.5058e+01     2.2552    179.977  0.000e+00
    436.500     37.193    22.1713   5.103681     1.4323  1830.0000     0.1886 3.1751e+01     2.2530    179.904  0.000e+00
    436.750     37.399    22.1386   5.093100     1.4617  1890.0000     0.1942 2.8189e+01     2.2515    179.977  0.000e+00
    437.000     37.602    22.0715   5.083206     1.3221  1940.0000     0.1947 2.6412e+01     2.2509    180.269  0.000e+00
    437.250     37.792    21.9871   5.079762     1.2633  1920.0000     0.1945 2.6509e+01     2.2477    180.254  0.000e+00
    437.500     37.961    21.9177   5.076981     1.3001  1580.0000     0.2399 2.7342e+01     2.2427    179.869  0.000e+00
    437.750     38.097    21.8670   5.074825     1.2780  1890.0000     0.2397 2.8465e+01     2.2373    179.255  0.000e+00
    438.000     38.210    21.8302   5.073256     1.2633  1500.0000     0.2396 2.9106e+01     2.2294    178.177  0.000e+00
    438.250     38.304    21.8019   5.072082     1.2487  1700.0000     0.2490 2.9340e+01     2.2200    176.755  0.000e+00
    438.500     38.417    21.7807   5.071130     1.2707  1530.0000     0.2493 2.8893e+01     2.2135    175.632  0.000e+00
    438.750     38.564    21.7662   5.070246     1.2119  1500.0000     0.2490 2.7850e+01     2.2065    174.467  0.000e+00
    439.000     38.763    21.7540   5.068001     1.1605  1420.0000     0.2406 2.6032e+01     2.1993    173.378  0.000e+00
    439.250     38.979    21.7378   5.061477     1.1311  1640.0000     0.2409 2.3864e+01     2.1942    172.805  0.000e+00
    439.500     39.186    21.7012   5.051357     1.2119  1560.0000     0.2406 2.2573e+01     2.1866    172.116  0.000e+00
    439.750     39.355    21.6413   5.042269     1.0944  1360.0000     0.2410 2.3067e+01     2.1810    171.794  0.000e+00
    440.000     39.493    21.5701   5.035537     1.1825  1310.0000     0.2492 2.4123e+01     2.1750    171.538  0.000e+00
    440.250     39.584    21.5054   5.029869     1.1458  1530.0000     0.2490 2.4768e+01     2.1680    171.097  0.000e+00
    440.500     39.626    21.4473   5.028181     1.1532  1340.0000     0.2495 2.5316e+01     2.1581    170.096  0.000e+00
    440.750     39.652    21.4052   5.027344     1.1458  1340.0000     0.2404 2.5808e+01     2.1455    168.563  0.000e+00
    441.000     39.672    21.3787   5.026197     1.1458  1470.0000     0.2406 2.5920e+01     2.1298    166.421  0.000e+00
    441.250     39.710    21.3612   5.025708     1.1385  1580.0000     0.2404 2.5785e+01     2.1135    163.966  0.000e+00
    441.500     39.779    21.3499   5.025597     1.1825  1390.0000     0.2245 2.5092e+01     2.0966    161.376  0.000e+00
    441.750     39.895    21.3431   5.025464     1.0430  1450.0000     0.2255 2.4160e+01     2.0818    158.987  0.000e+00
    442.000     40.061    21.3387   5.026805     1.0356  1280.0000     0.2252 2.2485e+01     2.0676    156.830  0.000e+00
    442.250     40.255    21.3363   5.027649     0.9548  1250.0000     0.2254 2.0435e+01     2.0547    155.103  0.000e+00
    442.500     40.452    21.3271   5.026131     0.9108  1200.0000     0.2255 1.9002e+01     2.0448    154.112  0.000e+00
    442.750     40.646    21.3059   5.023917     0.9769  1140.0000     0.2251 1.8491e+01     2.0367    153.707  0.000e+00
    443.000     40.830    21.2736   5.021193     0.9034  1170.0000     0.2256 1.9118e+01     2.0303    153.789  0.000e+00
    443.250     40.992    21.2381   5.018906     0.8814  1140.0000     0.2058 1.9765e+01     2.0264    154.332  0.000e+00
    443.500     41.124    21.2054   5.016427     0.9034  1360.0000     0.2054 2.0404e+01     2.0268    155.536  0.000e+00
    443.750     41.217    21.1763   5.014237     0.9328  1110.0000     0.2052 2.0417e+01     2.0300    157.169  0.000e+00
    444.000     41.290    21.1504   5.013039     0.8814  1110.0000     0.1951 2.0568e+01     2.0336    158.892  0.000e+00
    444.250     41.350    21.1300   5.012470     0.9255  1060.0000     0.1952 2.0453e+01     2.0391    160.799  0.000e+00
    444.500     41.410    21.1166   5.011937     0.9769  1140.0000     0.1951 2.0220e+01     2.0432    162.376  0.000e+00
    444.750     41.481    21.1072   5.011568     0.9108  1110.0000     0.1952 1.9916e+01     2.0480    163.850  0.000e+00
    445.000     41.575    21.1007   5.011146     0.8594  1110.0000     0.2039 1.9616e+01     2.0508    164.810  0.000e+00
    445.250     41.697    21.0961   5.010865     0.8961  1030.0000     0.2042 1.9027e+01     2.0544    165.571  0.000e+00
    445.500     41.841    21.0922   5.010458     0.8887  1530.0000     0.2039 1.8143e+01     2.0570    165.942  0.000e+00
    445.750     42.010    21.0882   5.009660     0.8814  1110.0000     0.1735 1.6944e+01     2.0602    166.221  0.000e+00
    446.000     42.195    21.0827   5.008351     0.8300  1170.0000     0.1735 1.5862e+01     2.0625    166.346  0.000e+00
    446.250     42.375    21.0747   5.006547     0.8594  1090.0000     0.1734 1.5346e+01     2.0641    166.346  0.000e+00
    446.500     42.541    21.0627   5.004632     0.7786  1000.0000     0.1538 1.5302e+01     2.0649    166.257  0.000e+00
    446.750     42.697    21.0479   5.003028     0.8520   810.0000     0.1542 1.5489e+01     2.0650    166.066  0.000e+00
    447.000     42.843    21.0325   4.999392     0.8226   950.0000     0.1540 1.5780e+01     2.0643    165.787  0.000e+00
    447.250     42.979    21.0121   4.996149     0.8300   920.0000     0.1493 1.6000e+01     2.0644    165.596  0.000e+00
    447.500     43.106    20.9874   4.991946     0.8741  1090.0000     0.1488 1.6052e+01     2.0646    165.465  0.000e+00
    447.750     43.245    20.9577   4.987354     0.8153   920.0000     0.1495 1.5993e+01     2.0653    165.458  0.000e+00
    448.000     43.390    20.9238   4.983583     0.7712   920.0000     0.1489 1.5817e+01     2.0641    165.283  0.000e+00
    448.250     43.546    20.8891   4.978440     0.7418   920.0000     0.1516 1.5455e+01     2.0640    165.289  0.000e+00
    448.500     43.710    20.8511   4.972814     0.7198   950.0000     0.1522 1.5033e+01     2.0618    165.066  0.000e+00
    448.750     43.868    20.8077   4.967640     0.7051   750.0000     0.1519 1.4891e+01     2.0576    164.542  0.000e+00
    449.000     44.019    20.7629   4.963897     0.6611   530.0000     0.1454 1.5020e+01     2.0518    163.699  0.000e+00
    449.250     44.155    20.7231   4.961437     0.6537   750.0000     0.1454 1.5342e+01     2.0440    162.419  0.000e+00
    449.500     44.279    20.6900   4.958669     0.6684   730.0000     0.1456 1.5671e+01     2.0345    160.790  0.000e+00
    449.750     44.386    20.6598   4.955790     0.7418   730.0000     0.1446 1.6031e+01     2.0239    158.919  0.000e+00
    450.000     44.479    20.6326   4.953980     0.6757   970.0000     0.1446 1.6017e+01     2.0114    156.770  0.000e+00
    450.250     44.577    20.6099   4.953097     0.7272   810.0000     0.1450 1.5883e+01     1.9993    154.650  0.000e+00
    450.500     44.708    20.5945   4.952714     0.6243   860.0000     0.1450 1.5322e+01     1.9874    152.667  0.000e+00
    450.750     44.885    20.5850   4.952067     0.6170   810.0000     0.1893 1.4301e+01     1.9770    151.068  0.000e+00
    451.000     45.119    20.5780   4.948976     0.6170   640.0000     0.1893 1.2511e+01     1.9647    149.413  0.000e+00
    451.250     45.381    20.5612   4.941885     0.5729   780.0000     0.1893 1.0630e+01     1.9548    148.291  0.000e+00
    451.500     45.639    20.5254   4.938452     0.5729   700.0000     0.1219 9.4828e+00     1.9449    147.336  0.000e+00
    451.750     45.894    20.4885   4.936042     0.5876   670.0000     0.1221 9.4808e+00     1.9367    146.731  0.000e+00
    452.000     46.126    20.4562   4.934815     0.5803   730.0000     0.1219 1.0804e+01     1.9286    146.240  0.000e+00
    452.250     46.296    20.4331   4.934375     0.5729   640.0000     0.1043 1.2652e+01     1.9196    145.599  0.000e+00
    452.500     46.390    20.4184   4.933677     0.5509   610.0000     0.1044 1.3312e+01     1.9104    144.878  0.000e+00
    452.750     46.412    20.4088   4.934155     0.6096   970.0000     0.1041 1.3146e+01     1.9026    144.258  0.000e+00
    453.000     46.392    20.4053   4.934155     0.5729   730.0000     0.1077 1.2801e+01     1.8916    143.187  0.000e+00
    453.250     46.379    20.4040   4.933398     0.6096   610.0000     0.1079 1.2661e+01     1.8833    142.331  0.000e+00
    453.500     46.385    20.4015   4.933141     0.6170   590.0000     0.1077 1.2411e+01     1.8744    141.365  0.000e+00
    453.750     46.432    20.3985   4.933273     0.6170   560.0000     0.1109 1.2132e+01     1.8673    140.620  0.000e+00
    454.000     46.516    20.3975   4.933273     0.5949   840.0000     0.1105 1.1799e+01     1.8618    140.181  0.000e+00
    454.250     46.634    20.3976   4.933126     0.6390   610.0000     0.1109 1.1355e+01     1.8570    139.957  0.000e+00
    454.500     46.777    20.3975   4.932920     0.5509   590.0000     0.1107 1.1040e+01     1.8533    139.970  0.000e+00
    454.750     46.932    20.3959   4.932200     0.5656   670.0000     0.1085 1.0723e+01     1.8501    140.098  0.000e+00
    455.000     47.088    20.3925   4.931062     0.5509   590.0000     0.1085 1.0616e+01     1.8462    140.230  0.000e+00
    455.250     47.237    20.3861   4.929578     0.5729   610.0000     0.1090 1.0658e+01     1.8443    140.517  0.000e+00
    455.500     47.372    20.3764   4.928638     0.5656   640.0000     0.1040 1.0865e+01     1.8423    140.769  0.000e+00
    455.750     47.497    20.3667   4.928197     0.6170   610.0000     0.1038 1.1088e+01     1.8396    140.818  0.000e+00
    456.000     47.616    20.3592   4.927250     0.5729   450.0000     0.1039 1.1173e+01     1.8377    140.871  0.000e+00
    456.250     47.728    20.3523   4.926273     0.5509   640.0000     0.1065 1.1062e+01     1.8359    140.895  0.000e+00
    456.500     47.845    20.3439   4.925201     0.5509   780.0000     0.1063 1.0842e+01     1.8327    140.651  0.000e+00
    456.750     47.968    20.3353   4.924071     0.5656   590.0000     0.1061 1.0607e+01     1.8314    140.630  0.000e+00
    457.000     48.099    20.3250   4.922463     0.5656   610.0000     0.1054 1.0313e+01     1.8294    140.519  0.000e+00
    457.250     48.243    20.3130   4.920452     0.5068   450.0000     0.1056 1.0055e+01     1.8271    140.311  0.000e+00
    457.500     48.392    20.2977   4.917810     0.5435   420.0000     0.1057 9.7829e+00     1.8239    139.983  0.000e+00
    457.750     48.556    20.2784   4.914890     0.5142   670.0000     0.1059 9.5487e+00     1.8220    139.829  0.000e+00
    458.000     48.727    20.2571   4.912917     0.4848   610.0000     0.1018 9.2598e+00     1.8195    139.588  0.000e+00
    458.250     48.903    20.2343   4.911223     0.4848   730.0000     0.1019 8.9583e+00     1.8136    138.841  0.000e+00
    458.500     49.094    20.2141   4.909779     0.5068   450.0000     0.1016 8.7363e+00     1.8110    138.498  0.000e+00
    458.750     49.283    20.1969   4.906802     0.5142   970.0000     0.1095 8.4556e+00     1.8093    138.277  0.000e+00
