cruises/P45_06/L1/CTD/P45_06_CTD_08.cnv
* Sea-Bird SBE19plus  Data File:
* FileName = C:\Users\OA_2023-03\Desktop\Bathymetry\ctd_casts\J2_17_04_2026001.hex
* Software version 2.3.0 SB_Terminal.dll
* Temperature SN = 8460
* Conductivity SN = 8460
* System UpLoad Time = Apr 17 2026 17:13:47
* <ApplicationData>
* <SeatermAF>
# nquan = 11
# nvalues = 2934                                  
# units = specified
# name 0 = timeS: Time, Elapsed [seconds]
# name 1 = prdM: Pressure, Strain Gauge [db]
# name 2 = tv290C: Temperature [ITS-90, deg C]
# name 3 = c0S/m: Conductivity [S/m]
# name 4 = flECO-AFL: Fluorescence, WET Labs ECO-AFL/FL [mg/m^3]
# name 5 = flECO-AFL1: Fluorescence, WET Labs ECO-AFL/FL, 2 [mg/m^3]
# name 6 = CStarAt0: Beam Attenuation, WET Labs C-Star [1/m]
# name 7 = par/sat/log: PAR/Logarithmic, Satlantic [umol photons/m^2/sec]
# name 8 = sbeox0V: Oxygen raw, SBE 43 [V]
# name 9 = sbeox0Mm/L: Oxygen, SBE 43 [umol/l]
# name 10 = flag:  0.000e+00
# span 0 =      0.000,    733.250                 
# span 1 =     -0.083,     59.020                 
# span 2 =    19.6278,    30.8306                 
# span 3 =  -0.315919,   5.875385                 
# span 4 =   -79.9063,    29.9382                 
# span 5 = -1.864e+05, 40750.0000                 
# span 6 =    -0.1020,    24.8803                 
# span 7 = 3.3441e+00, 1.9408e+03                 
# span 8 =     1.6516,     2.6927                 
# span 9 =    123.864,    236.390                 
# span 10 = 0.0000e+00, 0.0000e+00                
# interval = seconds: 0.25
# start_time = Apr 17 2026 14:51:22 [Instrument's time stamp, header]
# bad_flag = -9.990e-29
*END*
[from data line 2886]
    721.500     -0.076    29.2197   0.042719     0.0000  -550.0000     4.2364 1.4688e+03     2.3095    200.137  0.000e+00
    721.750     -0.076    29.2187   0.041593    -0.0367  -380.0000     0.1240 1.4695e+03     2.3097    200.175  0.000e+00
    722.000     -0.080    29.2172   0.040845    -0.0735   -50.0000     0.1238 1.4669e+03     2.3105    200.244  0.000e+00
    722.250     -0.076    29.2154   0.040367    -0.0514    10.0000     0.1242 1.4609e+03     2.3098    200.149  0.000e+00
    722.500     -0.078    29.2140   0.040114    -0.0367  -190.0000     0.1239 1.4593e+03     2.3109    200.285  0.000e+00
    722.750     -0.076    29.2129   0.040040    -0.0147  -380.0000     0.0314 1.4559e+03     2.3119    200.393  0.000e+00
    723.000     -0.078    29.2114   0.040092    -0.0588  -220.0000     0.0315 1.4590e+03     2.3118    200.364  0.000e+00
    723.250     -0.074    29.2101   0.040306    -0.0220  -380.0000     0.0318 1.4641e+03     2.3122    200.399  0.000e+00
    723.500     -0.076    29.2086   0.040574     0.0000  -160.0000    -0.0439 1.4543e+03     2.3122    200.397  0.000e+00
    723.750     -0.073    29.2071   0.040800     0.0073  -130.0000    -0.0446 1.4521e+03     2.3125    200.430  0.000e+00
    724.000     -0.080    29.2060   0.040995    -0.0588  -110.0000    -0.0443 1.4609e+03     2.3116    200.289  0.000e+00
    724.250     -0.076    29.2043   0.041196    -0.0367  -160.0000     0.7071 1.4657e+03     2.3128    200.422  0.000e+00
    724.500     -0.078    29.2028   0.041379     0.0220  -220.0000     0.7074 1.4631e+03     2.3132    200.452  0.000e+00
    724.750     -0.080    29.2015   0.041456     0.0220    10.0000     0.7074 1.4660e+03     2.3132    200.446  0.000e+00
    725.000     -0.078    29.2003   0.041385    -0.0220    10.0000     0.5130 1.4711e+03     2.3141    200.572  0.000e+00
    725.250     -0.076    29.1988   0.041117    -0.0661  -380.0000     0.5133 1.4685e+03     2.3149    200.704  0.000e+00
    725.500     -0.078    29.1975   0.040650    -0.1028  -270.0000     0.5136 1.4739e+03     2.3143    200.652  0.000e+00
    725.750     -0.078    29.1961   0.040165     0.0367  -550.0000    -0.0137 1.4842e+03     2.3165    200.960  0.000e+00
    726.000     -0.080    29.1946   0.039729    -0.0661  -190.0000    -0.0142 1.4987e+03     2.3152    200.826  0.000e+00
    726.250     -0.074    29.1932   0.039339     0.0147  -160.0000    -0.0141 1.5016e+03     2.3161    200.904  0.000e+00
    726.500     -0.078    29.1919   0.038943    -0.0588  -240.0000    -0.0680 1.5000e+03     2.3170    201.022  0.000e+00
    726.750     -0.078    29.1904   0.038513     0.0220  -240.0000    -0.0685 1.5019e+03     2.3170    201.027  0.000e+00
    727.000     -0.076    29.1890   0.038041    -0.0514  -110.0000    -0.0687 1.5022e+03     2.3175    201.082  0.000e+00
    727.250     -0.080    29.1878   0.037554    -0.0367  -130.0000    -0.0684 1.5042e+03     2.3174    201.065  0.000e+00
    727.500     -0.082    29.1866   0.037161    -0.0220  -110.0000    -0.0645 1.4964e+03     2.3177    201.102  0.000e+00
    727.750     -0.078    29.1851   0.036908    -0.0808  -570.0000    -0.0642 1.4977e+03     2.3186    201.195  0.000e+00
    728.000     -0.080    29.1836   0.036838    -0.0955   -80.0000    -0.0649 1.4945e+03     2.3185    201.207  0.000e+00
    728.250     -0.078    29.1822   0.036896    -0.0073    30.0000    -0.0319 1.4896e+03     2.3182    201.138  0.000e+00
    728.500     -0.076    29.1810   0.036981    -0.0367  -160.0000    -0.0318 1.4762e+03     2.3186    201.163  0.000e+00
    728.750     -0.080    29.1796   0.037018     0.0220  -350.0000    -0.0320 1.4717e+03     2.3188    201.191  0.000e+00
    729.000     -0.080    29.1781   0.037027     0.0000    90.0000    -0.0418 1.4650e+03     2.3181    201.088  0.000e+00
    729.250     -0.078    29.1771   0.037109     0.0220   -20.0000    -0.0414 1.4619e+03     2.3187    201.153  0.000e+00
    729.500     -0.082    29.1754   0.037365    -0.0220  -220.0000    -0.0413 1.4669e+03     2.3192    201.203  0.000e+00
    729.750     -0.080    29.1740   0.037889     0.0073  -220.0000     0.0155 1.4691e+03     2.3191    201.189  0.000e+00
    730.000     -0.078    29.1725   0.038620     0.0441   -80.0000     0.0155 1.4800e+03     2.3199    201.318  0.000e+00
    730.250     -0.082    29.1711   0.039351     0.0661  -300.0000     0.0160 1.4880e+03     2.3198    201.318  0.000e+00
    730.500     -0.078    29.1699   0.039854    -0.0441  -130.0000     0.1352 1.4964e+03     2.3206    201.424  0.000e+00
    730.750     -0.078    29.1686   0.039982    -0.0220  -550.0000     0.1351 1.4954e+03     2.3217    201.599  0.000e+00
    731.000     -0.078    29.1670   0.039562    -0.0661  -380.0000     0.1347 1.4987e+03     2.3223    201.723  0.000e+00
    731.250     -0.080    29.1658   0.038663    -0.0073   -50.0000     0.1351 1.4958e+03     2.3227    201.786  0.000e+00
    731.500     -0.078    29.1645   0.037402    -0.1028    60.0000    -0.0296 1.4977e+03     2.3236    201.926  0.000e+00
    731.750     -0.076    29.1631   0.036154    -0.0220  -110.0000    -0.0290 1.4896e+03     2.3239    201.989  0.000e+00
    732.000     -0.082    29.1618   0.035296    -0.0220  -350.0000    -0.0291 1.4909e+03     2.3238    201.961  0.000e+00
    732.250     -0.082    29.1603   0.034931     0.0073  -350.0000    -0.0658 1.4967e+03     2.3245    202.051  0.000e+00
    732.500     -0.080    29.1588   0.035067    -0.0220  -220.0000    -0.0657 1.4742e+03     2.3246    202.029  0.000e+00
    732.750     -0.078    29.1578   0.035588    -0.0220   -20.0000    -0.0655 1.4660e+03     2.3241    201.916  0.000e+00
    733.000     -0.080    29.1561   0.035931     0.0000    30.0000     0.2041 1.4679e+03     2.3244    201.921  0.000e+00
    733.250     -0.078    29.1546   0.036074    -0.0147  -410.0000     0.2045 1.4711e+03     2.3247    201.938  0.000e+00
