cruises/P45_06/L1/CTD/P45_06_CTD_04.cnv
* Sea-Bird SBE19plus  Data File:
* FileName = C:\Users\OA_2023-03\Desktop\Bathymetry\ctd_casts\proble cast 2001.hex
* Software version 2.3.0 SB_Terminal.dll
* Temperature SN = 8460
* Conductivity SN = 8460
* System UpLoad Time = Apr 16 2026 17:48:13
* <ApplicationData>
* <SeatermAF>
# nquan = 11
# nvalues = 6675                                  
# units = specified
# name 0 = timeS: Time, Elapsed [seconds]
# name 1 = prdM: Pressure, Strain Gauge [db]
# name 2 = tv290C: Temperature [ITS-90, deg C]
# name 3 = c0S/m: Conductivity [S/m]
# name 4 = flECO-AFL: Fluorescence, WET Labs ECO-AFL/FL [mg/m^3]
# name 5 = flECO-AFL1: Fluorescence, WET Labs ECO-AFL/FL, 2 [mg/m^3]
# name 6 = CStarAt0: Beam Attenuation, WET Labs C-Star [1/m]
# name 7 = par/sat/log: PAR/Logarithmic, Satlantic [umol photons/m^2/sec]
# name 8 = sbeox0V: Oxygen raw, SBE 43 [V]
# name 9 = sbeox0Mm/L: Oxygen, SBE 43 [umol/l]
# name 10 = flag:  0.000e+00
# span 0 =      0.000,   1668.500                 
# span 1 =     -0.107,     93.004                 
# span 2 =    18.2970,    29.6030                 
# span 3 =  -0.321385,   5.827162                 
# span 4 =   -40.1037,    29.9382                 
# span 5 = -2.758e+05, 3.1026e+05                 
# span 6 =    -0.0859,    55.2620                 
# span 7 = 1.1782e-01, 1.1638e+03                 
# span 8 =     1.1747,     2.5956                 
# span 9 =     73.455,    205.288                 
# span 10 = 0.0000e+00, 0.0000e+00                
# interval = seconds: 0.25
# start_time = Apr 16 2026 16:22:25 [Instrument's time stamp, header]
# bad_flag = -9.990e-29
*END*
[from data line 2755]
    688.750     60.961    18.5369   4.738264     0.1763   250.0000     0.0645 8.9926e-01     1.4386    103.098  0.000e+00
    689.000     60.884    18.5372   4.738264     0.1102   170.0000     0.0651 8.9094e-01     1.4386    103.105  0.000e+00
    689.250     60.817    18.5372   4.738264     0.1322   250.0000     0.0627 9.3497e-01     1.4384    103.052  0.000e+00
    689.500     60.744    18.5373   4.738293     0.1102   310.0000     0.0627 9.5645e-01     1.4396    103.226  0.000e+00
    689.750     60.666    18.5374   4.738293     0.1102   250.0000     0.0625 9.5232e-01     1.4401    103.304  0.000e+00
    690.000     60.579    18.5375   4.738358     0.1396   170.0000     0.0619 9.4473e-01     1.4386    103.107  0.000e+00
    690.250     60.481    18.5379   4.738293     0.0955   250.0000     0.0622 9.6122e-01     1.4399    103.265  0.000e+00
    690.500     60.366    18.5380   4.738329     0.1102   200.0000     0.0624 9.2551e-01     1.4388    103.105  0.000e+00
    690.750     60.239    18.5381   4.738329     0.1249   370.0000     0.0629 9.5356e-01     1.4384    103.014  0.000e+00
    691.000     60.106    18.5383   4.738386     0.1175   230.0000     0.0639 9.2072e-01     1.4391    103.071  0.000e+00
    691.250     59.977    18.5384   4.738358     0.1102   170.0000     0.0628 9.4965e-01     1.4384    102.938  0.000e+00
    691.500     59.868    18.5384   4.738386     0.1689   170.0000     0.0615 9.7949e-01     1.4390    102.960  0.000e+00
    691.750     59.790    18.5390   4.738357     0.0881   250.0000     0.0623 1.0301e+00     1.4390    102.992  0.000e+00
    692.000     59.746    18.5392   4.738480     0.1910   250.0000     0.0619 1.0105e+00     1.4390    103.034  0.000e+00
    692.250     59.728    18.5393   4.738480     0.1102   250.0000     0.0620 9.6247e-01     1.4392    103.057  0.000e+00
    692.500     59.728    18.5396   4.738516     0.1396   120.0000     0.0622 9.8076e-01     1.4391    103.101  0.000e+00
    692.750     59.724    18.5401   4.738574     0.1616   280.0000     0.0619 9.6560e-01     1.4394    103.152  0.000e+00
    693.000     59.719    18.5402   4.738516     0.1616   230.0000     0.0622 9.8608e-01     1.4395    103.155  0.000e+00
    693.250     59.684    18.5406   4.738545     0.1542   280.0000     0.0623 1.0355e+00     1.4384    103.008  0.000e+00
    693.500     59.624    18.5409   4.738516     0.1689   250.0000     0.0623 1.0470e+00     1.4382    102.917  0.000e+00
    693.750     59.537    18.5410   4.738574     0.1689   230.0000     0.0623 1.0607e+00     1.4375    102.775  0.000e+00
    694.000     59.426    18.5410   4.738574     0.1102   250.0000     0.0624 1.0005e+00     1.4371    102.671  0.000e+00
    694.250     59.312    18.5412   4.738639     0.1322   200.0000     0.0621 1.0048e+00     1.4374    102.672  0.000e+00
    694.500     59.195    18.5415   4.738668     0.1616   250.0000     0.0625 1.0118e+00     1.4368    102.574  0.000e+00
    694.750     59.090    18.5417   4.738733     0.1542   170.0000     0.0629 1.0133e+00     1.4373    102.635  0.000e+00
    695.000     58.993    18.5422   4.738790     0.1689   170.0000     0.0642 1.0600e+00     1.4372    102.669  0.000e+00
    695.250     58.921    18.5430   4.738892     0.1322   250.0000     0.0641 1.0659e+00     1.4373    102.750  0.000e+00
    695.500     58.864    18.5434   4.738892     0.1175   280.0000     0.0640 1.0945e+00     1.4378    102.873  0.000e+00
    695.750     58.821    18.5439   4.738978     0.1689   250.0000     0.0628 1.0971e+00     1.4380    102.954  0.000e+00
    696.000     58.782    18.5447   4.739137     0.1469   280.0000     0.0628 1.0750e+00     1.4386    103.078  0.000e+00
    696.250     58.746    18.5455   4.739260     0.1028   250.0000     0.0624 1.0708e+00     1.4384    103.078  0.000e+00
    696.500     58.702    18.5465   4.739296     0.1322   200.0000     0.0612 1.0963e+00     1.4391    103.203  0.000e+00
    696.750     58.646    18.5472   4.739354     0.1616   250.0000     0.0611 1.0813e+00     1.4391    103.202  0.000e+00
    697.000     58.572    18.5480   4.739354     0.1028   230.0000     0.0610 1.1262e+00     1.4383    103.071  0.000e+00
    697.250     58.481    18.5486   4.739354     0.1175   280.0000     0.0628 1.0935e+00     1.4388    103.102  0.000e+00
    697.500     58.384    18.5488   4.739354     0.1469   230.0000     0.0625 1.1148e+00     1.4396    103.191  0.000e+00
    697.750     58.277    18.5492   4.739390     0.1249   200.0000     0.0633 1.0980e+00     1.4393    103.129  0.000e+00
    698.000     58.175    18.5492   4.739419     0.1322   250.0000     0.0628 1.0876e+00     1.4397    103.174  0.000e+00
    698.250     58.070    18.5496   4.739390     0.0955    90.0000     0.0620 1.1155e+00     1.4403    103.275  0.000e+00
    698.500     57.979    18.5496   4.739390     0.1542   200.0000     0.0617 1.1087e+00     1.4398    103.200  0.000e+00
    698.750     57.897    18.5499   4.739418     0.0881   170.0000     0.0615 1.1446e+00     1.4401    103.252  0.000e+00
    699.000     57.828    18.5499   4.739447     0.1910   250.0000     0.0631 1.1623e+00     1.4396    103.191  0.000e+00
    699.250     57.770    18.5499   4.739389     0.1689   280.0000     0.0633 1.1595e+00     1.4406    103.272  0.000e+00
    699.500     57.722    18.5499   4.739512     0.1542   250.0000     0.0632 1.1468e+00     1.4404    103.230  0.000e+00
    699.750     57.693    18.5504   4.739765     0.1542   250.0000     0.0626 1.2071e+00     1.4410    103.326  0.000e+00
    700.000     57.679    18.5515   4.740011     0.1102   250.0000     0.0624 1.2064e+00     1.4403    103.200  0.000e+00
    700.250     57.681    18.5533   4.740170     0.1836   230.0000     0.0622 1.1916e+00     1.4402    103.161  0.000e+00
    700.500     57.693    18.5553   4.740329     0.1322   250.0000     0.0629 1.1772e+00     1.4403    103.170  0.000e+00
    700.750     57.715    18.5566   4.740386     0.1249   230.0000     0.0629 1.1859e+00     1.4406    103.204  0.000e+00
    701.000     57.732    18.5581   4.740451     0.1249   310.0000     0.0624 1.1790e+00     1.4407    103.213  0.000e+00
    701.250     57.737    18.5592   4.740480     0.1689   200.0000     0.0622 1.1580e+00     1.4410    103.232  0.000e+00
    701.500     57.719    18.5597   4.740603     0.1469   230.0000     0.0631 1.1887e+00     1.4407    103.202  0.000e+00
    701.750     57.674    18.5606   4.740827     0.1542   200.0000     0.0632 1.2245e+00     1.4406    103.172  0.000e+00
    702.000     57.601    18.5617   4.741355     0.1542   140.0000     0.0628 1.2375e+00     1.4400    103.106  0.000e+00
    702.250     57.497    18.5647   4.742048     0.1542   170.0000     0.0642 1.2277e+00     1.4403    103.100  0.000e+00
    702.500     57.381    18.5689   4.742951     0.1322   250.0000     0.0642 1.1782e+00     1.4405    103.097  0.000e+00
    702.750     57.257    18.5752   4.744802     0.1542   310.0000     0.0642 1.1800e+00     1.4404    103.050  0.000e+00
    703.000     57.143    18.5860   4.746081     0.1542   250.0000     0.0646 1.1867e+00     1.4406    103.062  0.000e+00
    703.250     57.053    18.5982   4.747143     0.1469   200.0000     0.0645 1.2343e+00     1.4400    102.945  0.000e+00
    703.500     56.992    18.6096   4.747143     0.1322   200.0000     0.0643 1.2480e+00     1.4411    103.113  0.000e+00
    703.750     56.950    18.6174   4.748177     0.1763   230.0000     0.0644 1.2375e+00     1.4407    103.077  0.000e+00
    704.000     56.932    18.6248   4.748835     0.1175   250.0000     0.0639 1.2134e+00     1.4414    103.185  0.000e+00
    704.250     56.917    18.6320   4.749088     0.1322   250.0000     0.0642 1.2394e+00     1.4425    103.357  0.000e+00
    704.500     56.899    18.6374   4.749435     0.1689   250.0000     0.0642 1.2480e+00     1.4425    103.378  0.000e+00
    704.750     56.854    18.6417   4.749746     0.1322   230.0000     0.0640 1.2266e+00     1.4429    103.455  0.000e+00
    705.000     56.775    18.6456   4.750028     0.1616   250.0000     0.0635 1.2616e+00     1.4433    103.532  0.000e+00
    705.250     56.666    18.6489   4.750187     0.1322   310.0000     0.0636 1.2578e+00     1.4426    103.434  0.000e+00
    705.500     56.526    18.6513   4.750244     0.1396   250.0000     0.0656 1.2373e+00     1.4440    103.570  0.000e+00
    705.750     56.377    18.6533   4.750374     0.1396   120.0000     0.0660 1.2327e+00     1.4443    103.616  0.000e+00
    706.000     56.235    18.6549   4.750432     0.1542   250.0000     0.0661 1.2264e+00     1.4443    103.575  0.000e+00
    706.250     56.115    18.6566   4.750497     0.1322   230.0000     0.0638 1.2773e+00     1.4456    103.733  0.000e+00
    706.500     56.015    18.6579   4.750497     0.1689   230.0000     0.0634 1.2892e+00     1.4453    103.716  0.000e+00
    706.750     55.953    18.6590   4.750468     0.1836   170.0000     0.0634 1.3035e+00     1.4461    103.818  0.000e+00
    707.000     55.915    18.6598   4.750468     0.1763   280.0000     0.0640 1.3015e+00     1.4464    103.865  0.000e+00
    707.250     55.899    18.6607   4.750562     0.1763   280.0000     0.0633 1.3108e+00     1.4475    104.041  0.000e+00
    707.500     55.886    18.6613   4.750656     0.1836   230.0000     0.0631 1.2951e+00     1.4471    103.950  0.000e+00
    707.750     55.875    18.6625   4.750750     0.1763   280.0000     0.0629 1.3157e+00     1.4474    103.961  0.000e+00
    708.000     55.850    18.6635   4.750873     0.1249   250.0000     0.0624 1.2951e+00     1.4475    103.951  0.000e+00
    708.250     55.799    18.6648   4.750996     0.1616   250.0000     0.0620 1.3108e+00     1.4464    103.713  0.000e+00
    708.500     55.728    18.6661   4.751126     0.1396   280.0000     0.0626 1.3736e+00     1.4462    103.626  0.000e+00
    708.750     55.626    18.6673   4.751220     0.1322   230.0000     0.0632 1.3360e+00     1.4466    103.592  0.000e+00
    709.000     55.503    18.6685   4.751437     0.1469   250.0000     0.0630 1.3700e+00     1.4458    103.412  0.000e+00
    709.250     55.373    18.6701   4.752001     0.1910    30.0000     0.0624 1.3541e+00     1.4459    103.366  0.000e+00
    709.500     55.246    18.6734   4.753288     0.1616   230.0000     0.0624 1.3439e+00     1.4463    103.420  0.000e+00
    709.750     55.130    18.6797   4.754041     0.1542   250.0000     0.0626 1.3918e+00     1.4468    103.506  0.000e+00
    710.000     55.033    18.6872   4.755111     0.1763   200.0000     0.0626 1.4229e+00     1.4471    103.578  0.000e+00
    710.250     54.961    18.6960   4.756203     0.1763   200.0000     0.0623 1.3990e+00     1.4477    103.729  0.000e+00
    710.500     54.908    18.7054   4.756833     0.1249   250.0000     0.0611 1.4060e+00     1.4480    103.810  0.000e+00
    710.750     54.873    18.7136   4.757180     0.1910   280.0000     0.0609 1.3840e+00     1.4480    103.826  0.000e+00
    711.000     54.861    18.7201   4.758345     0.1910   310.0000     0.0609 1.4179e+00     1.4485    103.912  0.000e+00
    711.250     54.861    18.7280   4.759445     0.1983   280.0000     0.0617 1.4396e+00     1.4492    103.986  0.000e+00
    711.500     54.861    18.7372   4.759727     0.1616   250.0000     0.0619 1.4622e+00     1.4485    103.853  0.000e+00
    711.750     54.844    18.7443   4.760255     0.1763   230.0000     0.0614 1.4424e+00     1.4493    103.920  0.000e+00
    712.000     54.803    18.7500   4.760827     0.1983   250.0000     0.0615 1.4461e+00     1.4495    103.914  0.000e+00
    712.250     54.735    18.7559   4.761421     0.1763   170.0000     0.0620 1.4714e+00     1.4515    104.178  0.000e+00
    712.500     54.641    18.7616   4.762079     0.1763   250.0000     0.0622 1.5196e+00     1.4522    104.312  0.000e+00
    712.750     54.528    18.7677   4.762962     0.1689   230.0000     0.0624 1.4877e+00     1.4535    104.551  0.000e+00
    713.000     54.417    18.7746   4.763874     0.1836   230.0000     0.0636 1.5137e+00     1.4545    104.718  0.000e+00
    713.250     54.314    18.7822   4.764374     0.1689   280.0000     0.0641 1.4880e+00     1.4561    104.986  0.000e+00
    713.500     54.237    18.7890   4.764627     0.1763   230.0000     0.0636 1.5010e+00     1.4574    105.234  0.000e+00
    713.750     54.174    18.7942   4.765004     0.1689   140.0000     0.0609 1.4890e+00     1.4582    105.347  0.000e+00
    714.000     54.126    18.7985   4.765351     0.1983   280.0000     0.0603 1.5013e+00     1.4600    105.592  0.000e+00
    714.250     54.090    18.8020   4.765576     0.1836   340.0000     0.0608 1.4813e+00     1.4606    105.624  0.000e+00
    714.500     54.052    18.8052   4.765887     0.1689   230.0000     0.0673 1.5308e+00     1.4614    105.693  0.000e+00
    714.750     54.006    18.8077   4.766234     0.1763   230.0000     0.0673 1.5495e+00     1.4619    105.692  0.000e+00
    715.000     53.944    18.8106   4.766864     0.1689   340.0000     0.0671 1.5542e+00     1.4619    105.598  0.000e+00
    715.250     53.879    18.8144   4.767364     0.1763   200.0000     0.0670 1.5599e+00     1.4626    105.569  0.000e+00
    715.500     53.799    18.8187   4.768030     0.1983   250.0000     0.0717 1.5768e+00     1.4632    105.554  0.000e+00
    715.750     53.710    18.8237   4.768943     0.1983   250.0000     0.0719 1.5673e+00     1.4634    105.485  0.000e+00
    716.000     53.608    18.8302   4.770450     0.1983   200.0000     0.0716 1.5861e+00     1.4640    105.467  0.000e+00
    716.250     53.506    18.8397   4.771369     0.1910   250.0000     0.0751 1.5871e+00     1.4652    105.602  0.000e+00
    716.500     53.405    18.8500   4.772000     0.1836   340.0000     0.0752 1.5861e+00     1.4652    105.579  0.000e+00
    716.750     53.299    18.8583   4.772536     0.1763   280.0000     0.0751 1.6012e+00     1.4659    105.656  0.000e+00
    717.000     53.195    18.8653   4.772941     0.1910   250.0000     0.0761 1.6580e+00     1.4667    105.757  0.000e+00
    717.250     53.105    18.8708   4.773260     0.2203   280.0000     0.0759 1.6299e+00     1.4667    105.739  0.000e+00
    717.500     53.019    18.8753   4.773608     0.1983   200.0000     0.0764 1.6724e+00     1.4680    105.897  0.000e+00
    717.750     52.943    18.8791   4.773919     0.1983   230.0000     0.0758 1.6409e+00     1.4682    105.912  0.000e+00
    718.000     52.866    18.8824   4.774267     0.1763   200.0000     0.0772 1.6576e+00     1.4678    105.808  0.000e+00
    718.250     52.805    18.8859   4.774644     0.1836   250.0000     0.0771 1.6616e+00     1.4675    105.685  0.000e+00
    718.500     52.745    18.8896   4.775245     0.2057   280.0000     0.0770 1.6888e+00     1.4678    105.669  0.000e+00
    718.750     52.690    18.8934   4.776093     0.1983   310.0000     0.0681 1.6804e+00     1.4678    105.590  0.000e+00
    719.000     52.645    18.8989   4.776695     0.2130   250.0000     0.0684 1.6884e+00     1.4674    105.449  0.000e+00
    719.250     52.606    18.9050   4.777420     0.2130   250.0000     0.0683 1.7160e+00     1.4677    105.429  0.000e+00
    719.500     52.565    18.9119   4.778717     0.2277   310.0000     0.0708 1.7153e+00     1.4670    105.259  0.000e+00
    719.750     52.517    18.9210   4.780769     0.1983   170.0000     0.0709 1.6961e+00     1.4664    105.142  0.000e+00
    720.000     52.466    18.9346   4.781972     0.2057   250.0000     0.0705 1.7090e+00     1.4673    105.234  0.000e+00
    720.250     52.397    18.9486   4.782951     0.2057   250.0000     0.0728 1.7253e+00     1.4673    105.223  0.000e+00
    720.500     52.321    18.9606   4.783807     0.2203   230.0000     0.0726 1.7396e+00     1.4680    105.322  0.000e+00
    720.750     52.234    18.9715   4.784249     0.2203   280.0000     0.0728 1.7265e+00     1.4688    105.466  0.000e+00
    721.000     52.139    18.9796   4.784655     0.2203   340.0000     0.0725 1.7392e+00     1.4694    105.612  0.000e+00
