cruises/P45_06/L1/CTD/P45_06_CTD_07.cnv
* Sea-Bird SBE19plus  Data File:
* FileName = C:\Users\OA_2023-03\Desktop\Bathymetry\ctd_casts\J1_17_04_2026003.hex
* Software version 2.3.0 SB_Terminal.dll
* Temperature SN = 8460
* Conductivity SN = 8460
* System UpLoad Time = Apr 17 2026 12:58:15
* <ApplicationData>
* <SeatermAF>
# nquan = 11
# nvalues = 3956                                  
# units = specified
# name 0 = timeS: Time, Elapsed [seconds]
# name 1 = prdM: Pressure, Strain Gauge [db]
# name 2 = tv290C: Temperature [ITS-90, deg C]
# name 3 = c0S/m: Conductivity [S/m]
# name 4 = flECO-AFL: Fluorescence, WET Labs ECO-AFL/FL [mg/m^3]
# name 5 = flECO-AFL1: Fluorescence, WET Labs ECO-AFL/FL, 2 [mg/m^3]
# name 6 = CStarAt0: Beam Attenuation, WET Labs C-Star [1/m]
# name 7 = par/sat/log: PAR/Logarithmic, Satlantic [umol photons/m^2/sec]
# name 8 = sbeox0V: Oxygen raw, SBE 43 [V]
# name 9 = sbeox0Mm/L: Oxygen, SBE 43 [umol/l]
# name 10 = flag:  0.000e+00
# span 0 =      0.000,    988.750                 
# span 1 =     -0.056,     49.537                 
# span 2 =    20.3079,    30.1984                 
# span 3 =  -0.163806,   5.859566                 
# span 4 =   -26.8607,    29.9382                 
# span 5 = -1.950e+05, 40750.0000                 
# span 6 =    -0.1104,    55.2620                 
# span 7 = 1.8115e+01, 3.4716e+03                 
# span 8 =     1.6264,     2.8041                 
# span 9 =    100.339,    246.121                 
# span 10 = 0.0000e+00, 0.0000e+00                
# interval = seconds: 0.25
# start_time = Apr 17 2026 12:04:27 [Instrument's time stamp, header]
# bad_flag = -9.990e-29
*END*
      0.000     -0.043    30.1984   0.000807     0.0441   120.0000     0.0508 2.7518e+03     2.7373    243.412  0.000e+00
      0.250     -0.041    30.1971   0.000813    -0.0294 -1620.0000     0.0509 2.7590e+03     2.7384    243.561  0.000e+00
      0.500     -0.048    30.1953   0.000813     0.0220   140.0000    -0.0797 2.7548e+03     2.7388    243.639  0.000e+00
      0.750     -0.046    30.1938   0.000780     0.0881   140.0000    -0.0797 2.7411e+03     2.7379    243.553  0.000e+00
      1.000     -0.043    30.1923   0.000801    -0.0147    30.0000    -0.0796 2.7447e+03     2.7380    243.566  0.000e+00
      1.250     -0.043    30.1910   0.000807    -0.0367   170.0000    -0.0966 2.7394e+03     2.7376    243.515  0.000e+00
      1.500     -0.044    30.1893   0.000807    -0.0661   170.0000    -0.0964 2.7465e+03     2.7380    243.556  0.000e+00
      1.750     -0.042    30.1878   0.000801    -0.0294   230.0000    -0.0963 2.7423e+03     2.7379    243.540  0.000e+00
      2.000     -0.042    30.1863   0.000795    -0.0220   140.0000     0.0232 2.7459e+03     2.7375    243.469  0.000e+00
      2.250     -0.042    30.1844   0.000801     0.0220   120.0000     0.0230 2.7536e+03     2.7384    243.570  0.000e+00
      2.500     -0.042    30.1827   0.000807    -0.0735  -270.0000     0.0232 2.7590e+03     2.7380    243.544  0.000e+00
      2.750     -0.044    30.1812   0.000801    -0.0367   -20.0000     1.6038 2.7578e+03     2.7383    243.615  0.000e+00
      3.000     -0.042    30.1789   0.000801    -0.0514   200.0000     1.6042 2.7602e+03     2.7382    243.622  0.000e+00
      3.250     -0.044    30.1776   0.000801     0.0000   230.0000     1.6033 2.7530e+03     2.7384    243.654  0.000e+00
      3.500     -0.044    30.1759   0.000801     0.0000   -20.0000    -0.0174 2.7453e+03     2.7382    243.627  0.000e+00
      3.750     -0.044    30.1742   0.000801     0.3966   450.0000    -0.0175 2.7500e+03     2.7387    243.705  0.000e+00
      4.000     -0.044    30.1723   0.000786     0.0000    30.0000    -0.0172 2.7691e+03     2.7386    243.709  0.000e+00
      4.250     -0.040    30.1707   0.000795    -0.0735   120.0000    -0.1085 2.7781e+03     2.7379    243.610  0.000e+00
      4.500     -0.039    30.1691   0.000801     0.0000  -130.0000    -0.1090 2.7956e+03     2.7387    243.712  0.000e+00
      4.750     -0.044    30.1677   0.000819     0.0588  -550.0000    -0.1085 2.8041e+03     2.7383    243.666  0.000e+00
      5.000     -0.042    30.1660   0.000813    -0.0514  -330.0000     0.7218 2.8126e+03     2.7383    243.671  0.000e+00
      5.250     -0.040    30.1643   0.000819    -0.0073  -590.0000     0.7214 2.8254e+03     2.7383    243.673  0.000e+00
      5.500     -0.042    30.1623   0.000819     0.0220  -240.0000     0.7218 2.8205e+03     2.7386    243.722  0.000e+00
      5.750     -0.042    30.1610   0.000825    -0.0294    90.0000     2.8019 2.7890e+03     2.7387    243.735  0.000e+00
      6.000     -0.044    30.1593   0.000825    -0.0147    90.0000     2.8027 2.7346e+03     2.7390    243.796  0.000e+00
      6.250     -0.044    30.1578   0.000819     0.0000  -270.0000     2.8023 2.6479e+03     2.7390    243.819  0.000e+00
      6.500     -0.044    30.1559   0.000813    -0.0808  -820.0000     2.8022 2.5139e+03     2.7386    243.769  0.000e+00
      6.750     -0.042    30.1545   0.000813     0.0220   370.0000    -0.0878 2.2980e+03     2.7384    243.747  0.000e+00
      7.000     -0.042    30.1529   0.000801     0.0000    10.0000    -0.0872 2.0389e+03     2.7384    243.742  0.000e+00
      7.250     -0.046    30.1512   0.000813    -0.0881   530.0000    -0.0879 1.7396e+03     2.7383    243.726  0.000e+00
      7.500     -0.040    30.1497   0.000813     0.0000  -330.0000    -0.1069 1.4405e+03     2.7382    243.698  0.000e+00
      7.750     -0.044    30.1479   0.000807    -0.0588   -80.0000    -0.1070 1.2174e+03     2.7383    243.718  0.000e+00
      8.000     -0.042    30.1460   0.000819    -0.0588  -110.0000    -0.1071 1.0733e+03     2.7379    243.664  0.000e+00
      8.250     -0.042    30.1450   0.000819    -0.0220   -50.0000     0.5867 9.9314e+02     2.7386    243.773  0.000e+00
      8.500     -0.042    30.1428   0.000813    -0.0588  -220.0000     0.5870 9.5212e+02     2.7383    243.765  0.000e+00
      8.750     -0.040    30.1411   0.000807    -0.0514   -20.0000     0.5879 9.3033e+02     2.7382    243.761  0.000e+00
      9.000     -0.044    30.1396   0.000801    -0.0294  -110.0000     0.8013 9.1259e+02     2.7384    243.798  0.000e+00
      9.250     -0.040    30.1378   0.000807    -0.0588  -110.0000     0.8016 8.9868e+02     2.7385    243.833  0.000e+00
      9.500     -0.046    30.1357   0.000807     0.0000    60.0000     0.8015 8.8613e+02     2.7388    243.890  0.000e+00
      9.750     -0.042    30.1344   0.000801     0.0000  -190.0000    -0.0978 8.7489e+02     2.7388    243.902  0.000e+00
     10.000     -0.042    30.1326   0.000801    -0.0220   230.0000    -0.0981 8.6886e+02     2.7380    243.804  0.000e+00
     10.250     -0.042    30.1311   0.000807    -0.0808  -220.0000    -0.0978 8.5802e+02     2.7388    243.887  0.000e+00
     10.500     -0.042    30.1292   0.000801    -0.0955    10.0000    -0.1092 8.4989e+02     2.7385    243.876  0.000e+00
     10.750     -0.042    30.1276   0.000813     0.0147   -20.0000    -0.1095 8.4385e+02     2.7386    243.889  0.000e+00
     11.000     -0.042    30.1261   0.000819    -0.0367  -160.0000    -0.1090 8.3531e+02     2.7388    243.908  0.000e+00
     11.250     -0.042    30.1241   0.000819     0.0000  -330.0000     0.9782 8.2597e+02     2.7380    243.813  0.000e+00
     11.500     -0.044    30.1225   0.000825    -0.0220   -50.0000     0.9779 8.1655e+02     2.7382    243.827  0.000e+00
     11.750     -0.044    30.1207   0.000825    -0.0220  -130.0000     0.9777 8.1039e+02     2.7383    243.858  0.000e+00
     12.000     -0.040    30.1190   0.000819     0.0147   -80.0000     3.5507 8.0742e+02     2.7389    243.956  0.000e+00
     12.250     -0.046    30.1175   0.000825     0.0367   -80.0000     3.5499 8.0081e+02     2.7387    243.930  0.000e+00
     12.500     -0.044    30.1158   0.000819    -0.0147   -20.0000     3.5515 7.9408e+02     2.7390    243.990  0.000e+00
     12.750     -0.040    30.1141   0.000819    -0.0881  -240.0000     3.5510 7.8911e+02     2.7389    243.997  0.000e+00
     13.000     -0.048    30.1126   0.000813    -0.0220   -50.0000    -0.0734 7.8401e+02     2.7384    243.940  0.000e+00
     13.250     -0.044    30.1107   0.000807     0.0000  -110.0000    -0.0739 7.7843e+02     2.7387    243.992  0.000e+00
     13.500     -0.044    30.1092   0.000828    -0.0147   -20.0000    -0.0739 7.7591e+02     2.7385    243.964  0.000e+00
     13.750     -0.044    30.1075   0.000813     0.0294    10.0000    -0.1037 7.6045e+02     2.7382    243.905  0.000e+00
     14.000     -0.044    30.1056   0.000813    -0.0367   140.0000    -0.1037 7.4984e+02     2.7386    243.954  0.000e+00
     14.250     -0.044    30.1042   0.000813    -0.0147    90.0000    -0.1038 7.3745e+02     2.7384    243.937  0.000e+00
     14.500     -0.042    30.1027   0.000819    -0.0735   120.0000     0.9885 7.3094e+02     2.7382    243.911  0.000e+00
     14.750     -0.044    30.1008   0.000819     0.0073   120.0000     0.9882 7.2731e+02     2.7385    243.975  0.000e+00
     15.000     -0.042    30.0992   0.000819    -0.0588    30.0000     0.9885 7.2778e+02     2.7390    244.058  0.000e+00
     15.250     -0.042    30.0976   0.000825    -0.0367    10.0000     4.3276 7.2841e+02     2.7382    243.961  0.000e+00
     15.500     -0.040    30.0961   0.000825     0.0147    90.0000     4.3270 7.2370e+02     2.7387    244.039  0.000e+00
     15.750     -0.042    30.0940   0.000819    -0.0073   -80.0000     4.3274 7.2747e+02     2.7386    244.046  0.000e+00
     16.000     -0.048    30.0928   0.000819     0.0294  -160.0000     0.3481 7.3125e+02     2.7379    243.953  0.000e+00
     16.250     -0.044    30.0911   0.000825    -0.0661   230.0000     0.3483 7.2952e+02     2.7386    244.045  0.000e+00
     16.500     -0.042    30.0894   0.000825    -0.0073   -20.0000     0.3481 7.2480e+02     2.7385    244.044  0.000e+00
     16.750     -0.044    30.0879   0.000819     0.0661    90.0000    -0.1049 7.2448e+02     2.7382    243.992  0.000e+00
     17.000     -0.042    30.0863   0.000813    -0.1102   -80.0000    -0.1047 7.2417e+02     2.7378    243.943  0.000e+00
     17.250     -0.042    30.0848   0.000807    -0.0588    10.0000    -0.1046 7.2089e+02     2.7388    244.087  0.000e+00
     17.500     -0.044    30.0831   0.000834     0.0073  -130.0000    -0.1031 7.1298e+02     2.7386    244.078  0.000e+00
     17.750     -0.044    30.0815   0.000813     0.0000  -190.0000    -0.1031 7.0287e+02     2.7380    244.016  0.000e+00
     18.000     -0.044    30.0801   0.000807    -0.0367  -350.0000    -0.1025 6.9893e+02     2.7384    244.074  0.000e+00
     18.250     -0.042    30.0785   0.000807     0.0000    90.0000     2.1557 6.9923e+02     2.7388    244.133  0.000e+00
     18.500     -0.042    30.0767   0.000819     0.0000   -80.0000     2.1558 6.9938e+02     2.7385    244.107  0.000e+00
     18.750     -0.046    30.0750   0.000828    -0.0367   200.0000     2.1562 7.0363e+02     2.7385    244.121  0.000e+00
     19.000     -0.046    30.0737   0.000819    -0.0367    90.0000     2.9095 7.1005e+02     2.7385    244.122  0.000e+00
     19.250     -0.042    30.0720   0.000813     0.0000   310.0000     5.2261 7.1282e+02     2.7388    244.162  0.000e+00
     19.500     -0.044    30.0704   0.000825    -0.0147    30.0000     5.2270 7.1236e+02     2.7385    244.143  0.000e+00
     19.750     -0.042    30.0691   0.000834    -0.0808    30.0000     5.2273 7.0990e+02     2.7390    244.214  0.000e+00
     20.000     -0.044    30.0676   0.000813    -0.0073  -240.0000     0.0520 7.0836e+02     2.7382    244.112  0.000e+00
     20.250     -0.044    30.0659   0.000813     0.0000  -190.0000     0.0516 7.0653e+02     2.7382    244.106  0.000e+00
     20.500     -0.048    30.0644   0.000807    -0.0220    10.0000     0.0520 7.0760e+02     2.7385    244.144  0.000e+00
     20.750     -0.046    30.0629   0.000807    -0.0441   200.0000    -0.0965 7.0226e+02     2.7378    244.066  0.000e+00
     21.000     -0.046    30.0612   0.000807     0.0000    30.0000    -0.0970 6.9531e+02     2.7385    244.151  0.000e+00
     21.250     -0.042    30.0601   0.000813     0.0220  -240.0000    -0.0969 6.8902e+02     2.7390    244.219  0.000e+00
     21.500     -0.042    30.0585   0.000807    -0.0147    60.0000     0.1204 6.8279e+02     2.7380    244.115  0.000e+00
     21.750     -0.042    30.0570   0.000813    -0.0661   120.0000     0.1201 6.7822e+02     2.7395    244.320  0.000e+00
     22.000     -0.042    30.0556   0.000819     0.0220    10.0000     0.1205 6.7661e+02     2.7382    244.180  0.000e+00
     22.250     -0.044    30.0543   0.000813    -0.0073   -80.0000     4.2222 6.8161e+02     2.7385    244.213  0.000e+00
     22.500     -0.042    30.0525   0.000819    -0.0367   -50.0000     4.2228 6.8412e+02     2.7386    244.235  0.000e+00
     22.750     -0.042    30.0510   0.000813     0.0073    90.0000     4.2233 6.8693e+02     2.7385    244.222  0.000e+00
     23.000     -0.044    30.0496   0.000807    -0.0073   250.0000     1.6177 6.8947e+02     2.7390    244.279  0.000e+00
     23.250     -0.040    30.0479   0.000813    -0.0441    10.0000     1.6189 6.8976e+02     2.7386    244.241  0.000e+00
     23.500     -0.044    30.0469   0.000807     0.0000    10.0000     1.6182 6.9051e+02     2.7384    244.224  0.000e+00
     23.750     -0.048    30.0453   0.000807    -0.0147   -80.0000    -0.1054 6.8679e+02     2.7382    244.179  0.000e+00
     24.000     -0.044    30.0438   0.000807     0.0147  -220.0000    -0.1051 6.8560e+02     2.7382    244.214  0.000e+00
     24.250     -0.042    30.0425   0.000807    -0.0220    30.0000    -0.1054 6.7822e+02     2.7390    244.308  0.000e+00
     24.500     -0.042    30.0409   0.000819    -0.0147   230.0000    -0.0950 6.7252e+02     2.7381    244.200  0.000e+00
     24.750     -0.044    30.0396   0.000819    -0.0073  -160.0000    -0.0945 6.6615e+02     2.7384    244.240  0.000e+00
     25.000     -0.044    30.0379   0.000825    -0.0441  -160.0000    -0.0944 6.6659e+02     2.7385    244.255  0.000e+00
     25.250     -0.042    30.0367   0.000819    -0.0588   -80.0000     2.8329 6.6731e+02     2.7389    244.338  0.000e+00
     25.500     -0.048    30.0353   0.000813     0.0000   170.0000     2.8341 6.6904e+02     2.7393    244.410  0.000e+00
     25.750     -0.042    30.0340   0.000813    -0.0294  -110.0000     2.8330 6.7282e+02     2.7388    244.368  0.000e+00
     26.000     -0.042    30.0326   0.000813     0.0073    10.0000     2.8335 6.7837e+02     2.7390    244.388  0.000e+00
     26.250     -0.041    30.0314   0.000819     0.0073  -220.0000     1.4141 6.7866e+02     2.7394    244.438  0.000e+00
     26.500     -0.042    30.0300   0.000813    -0.0073  -130.0000     1.4136 6.7881e+02     2.7386    244.361  0.000e+00
     26.750     -0.044    30.0284   0.000813    -0.0588  -240.0000     1.4132 6.7852e+02     2.7390    244.395  0.000e+00
     27.000     -0.042    30.0269   0.000819    -0.0220  -160.0000    -0.1068 6.7734e+02     2.7395    244.451  0.000e+00
     27.250     -0.044    30.0254   0.000819    -0.0367  -160.0000    -0.1069 6.7223e+02     2.7382    244.289  0.000e+00
     27.500     -0.042    30.0241   0.000813    -0.0220  -410.0000    -0.1066 6.6716e+02     2.7382    244.275  0.000e+00
     27.750     -0.042    30.0228   0.000819    -0.0661   280.0000    -0.0975 6.6213e+02     2.7388    244.349  0.000e+00
     28.000     -0.041    30.0217   0.000819    -0.0220  -350.0000    -0.0973 6.5870e+02     2.7395    244.456  0.000e+00
     28.250     -0.046    30.0201   0.000813     0.0000   -50.0000    -0.0978 6.5884e+02     2.7386    244.357  0.000e+00
     28.500     -0.041    30.0188   0.000819     0.0073   140.0000     0.8882 6.5984e+02     2.7382    244.311  0.000e+00
     28.750     -0.043    30.0172   0.000792    -0.0808  -110.0000     0.8877 6.5984e+02     2.7386    244.362  0.000e+00
     29.000     -0.044    30.0157   0.000813    -0.0294  -190.0000     0.8884 6.5884e+02     2.7388    244.395  0.000e+00
     29.250     -0.046    30.0148   0.000813    -0.0441  -130.0000     0.2497 6.6156e+02     2.7391    244.464  0.000e+00
     29.500     -0.043    30.0131   0.000807    -0.0661   200.0000     0.2501 6.6170e+02     2.7384    244.376  0.000e+00
     29.750     -0.044    30.0120   0.000813    -0.0073   -80.0000     0.2504 6.6428e+02     2.7382    244.340  0.000e+00
     30.000     -0.043    30.0105   0.000813    -0.0441  -160.0000    -0.0846 6.6601e+02     2.7389    244.431  0.000e+00
     30.250     -0.043    30.0094   0.000813     0.0000   -20.0000    -0.0852 6.6443e+02     2.7388    244.446  0.000e+00
     30.500     -0.044    30.0079   0.000807    -0.0220   250.0000    -0.0850 6.6270e+02     2.7390    244.487  0.000e+00
     30.750     -0.043    30.0065   0.000813     0.0000  -130.0000    -0.0845 6.6199e+02     2.7385    244.425  0.000e+00
     31.000     -0.044    30.0053   0.000801    -0.0073   -50.0000    -0.0841 6.6041e+02     2.7380    244.353  0.000e+00
     31.250     -0.041    30.0040   0.000813     0.0294   -20.0000    -0.0843 6.6113e+02     2.7386    244.430  0.000e+00
     31.500     -0.044    30.0028   0.000807    -0.0294   -20.0000    -0.1001 6.6515e+02     2.7388    244.469  0.000e+00
     31.750     -0.046    30.0010   0.000807    -0.0808  -240.0000    -0.1002 6.6141e+02     2.7391    244.527  0.000e+00
     32.000     -0.041    30.0000   0.000819     0.0220  -240.0000    -0.1004 6.6113e+02     2.7383    244.418  0.000e+00
     32.250     -0.048    29.9985   0.000819    -0.0441   -50.0000    -0.1006 6.6013e+02     2.7388    244.485  0.000e+00
     32.500     -0.043    29.9971   0.000819     0.0000    90.0000     0.2570 6.5927e+02     2.7393    244.569  0.000e+00
