cruises/P45_06/L1/CTD/P45_06_CTD_01.cnv
* Sea-Bird SBE19plus  Data File:
* FileName = C:\Users\OA_2023-03\Desktop\Bathymetry\ctd_casts\J1_15_04_25001.hex
* Software version 2.3.0 SB_Terminal.dll
* Temperature SN = 8460
* Conductivity SN = 8460
* System UpLoad Time = Apr 15 2026 12:50:42
* <ApplicationData>
* <SeatermAF>
** FIRST MAURIE_CAST
# nquan = 11
# nvalues = 2883                                  
# units = specified
# name 0 = timeS: Time, Elapsed [seconds]
# name 1 = prdM: Pressure, Strain Gauge [db]
# name 2 = tv290C: Temperature [ITS-90, deg C]
# name 3 = c0S/m: Conductivity [S/m]
# name 4 = flECO-AFL: Fluorescence, WET Labs ECO-AFL/FL [mg/m^3]
# name 5 = flECO-AFL1: Fluorescence, WET Labs ECO-AFL/FL, 2 [mg/m^3]
# name 6 = CStarAt0: Beam Attenuation, WET Labs C-Star [1/m]
# name 7 = par/sat/log: PAR/Logarithmic, Satlantic [umol photons/m^2/sec]
# name 8 = sbeox0V: Oxygen raw, SBE 43 [V]
# name 9 = sbeox0Mm/L: Oxygen, SBE 43 [umol/l]
# name 10 = flag:  0.000e+00
# span 0 =      0.000,    720.500                 
# span 1 =     -0.056,     41.138                 
# span 2 =    22.3111,    31.1502                 
# span 3 =  -0.033667,   5.831016                 
# span 4 =   -87.4128,    29.9382                 
# span 5 = -3.101e+05, 3.0876e+05                 
# span 6 =     0.1279,    14.8299                 
# span 7 = 1.1776e-01, 1.1830e-01                 
# span 8 =     0.9897,     2.5253                 
# span 9 =     50.237,    194.461                 
# span 10 = 0.0000e+00, 0.0000e+00                
# interval = seconds: 0.25
# start_time = Apr 15 2026 11:42:49 [Instrument's time stamp, header]
# bad_flag = -9.990e-29
*END*
[from data line 1050]
    262.500     -0.043    30.7729   0.000167     0.0147  -590.0000     0.2331 1.1797e-01     2.2089    183.438  0.000e+00
    262.750     -0.043    30.7725   0.000167    -0.0661    30.0000     0.2329 1.1792e-01     2.2094    183.482  0.000e+00
    263.000     -0.043    30.7721   0.000161     0.0294    90.0000     0.2331 1.1807e-01     2.2090    183.439  0.000e+00
    263.250     -0.043    30.7721   0.000173     0.0441   230.0000     0.2331 1.1810e-01     2.2092    183.454  0.000e+00
    263.500     -0.041    30.7719   0.000167    -0.0514   140.0000     0.2331 1.1797e-01     2.2097    183.515  0.000e+00
    263.750     -0.043    30.7716   0.000167    -0.0073  -130.0000     0.2329 1.1797e-01     2.2097    183.530  0.000e+00
    264.000     -0.041    30.7710   0.000167    -0.0220  -160.0000     0.2328 1.1797e-01     2.2093    183.476  0.000e+00
    264.250     -0.041    30.7709   0.000167    -0.0220   200.0000     0.2322 1.1797e-01     2.2100    183.564  0.000e+00
    264.500     -0.043    30.7705   0.000167    -0.0367  -220.0000     0.2316 1.1797e-01     2.2097    183.542  0.000e+00
    264.750     -0.039    30.7702   0.000167    -0.0588   450.0000     0.2375 1.1805e-01     2.2107    183.674  0.000e+00
    265.000     -0.041    30.7700   0.000167     0.0220  -160.0000     0.2375 1.1794e-01     2.2094    183.512  0.000e+00
    265.250     -0.043    30.7696   0.000161    -0.0588   170.0000     0.2378 1.1794e-01     2.2097    183.531  0.000e+00
    265.500     -0.039    30.7694   0.000167    -0.0735    60.0000     0.2370 1.1805e-01     2.2095    183.497  0.000e+00
    265.750     -0.039    30.7693   0.000161     0.0000  -220.0000     0.2375 1.1810e-01     2.2101    183.571  0.000e+00
    266.000     -0.043    30.7689   0.000161    -0.0073   120.0000     0.2369 1.1797e-01     2.2098    183.537  0.000e+00
    266.250     -0.041    30.7686   0.000173    -0.0367   280.0000     0.2324 1.1805e-01     2.2105    183.615  0.000e+00
    266.500     -0.039    30.7682   0.000167    -0.0661  -380.0000     0.2323 1.1805e-01     2.2098    183.540  0.000e+00
    266.750     -0.043    30.7682   0.000167    -0.0220    60.0000     0.2324 1.1799e-01     2.2102    183.581  0.000e+00
    267.000     -0.041    30.7680   0.000161    -0.0220  -220.0000     0.2316 1.1810e-01     2.2113    183.760  0.000e+00
    267.250     -0.039    30.7676   0.000167    -0.0881   170.0000     0.2322 1.1805e-01     2.2114    183.782  0.000e+00
    267.500     -0.039    30.7672   0.000167    -0.0073  -220.0000     0.2316 1.1812e-01     2.2113    183.782  0.000e+00
    267.750     -0.039    30.7672   0.000167     0.0147  -330.0000     0.2342 1.1787e-01     2.2108    183.705  0.000e+00
    268.000     -0.043    30.7665   0.000167     0.0147  -220.0000     0.2342 1.1797e-01     2.2108    183.699  0.000e+00
    268.250     -0.045    30.7668   0.000167     0.0367  -440.0000     0.2342 1.1815e-01     2.2114    183.757  0.000e+00
    268.500     -0.037    30.7662   0.000167     0.0073   230.0000     0.2322 1.1807e-01     2.2112    183.732  0.000e+00
    268.750     -0.043    30.7661   0.000167    -0.0514  -350.0000     0.2320 1.1805e-01     2.2110    183.676  0.000e+00
    269.000     -0.041    30.7657   0.000167     0.0294  -330.0000     0.2324 1.1810e-01     2.2111    183.671  0.000e+00
    269.250     -0.041    30.7656   0.000167     0.0000    90.0000     0.2326 1.1792e-01     2.2110    183.666  0.000e+00
    269.500     -0.041    30.7654   0.000161    -0.0147    30.0000     0.2358 1.1805e-01     2.2118    183.773  0.000e+00
    269.750     -0.039    30.7646   0.000167     0.0367    60.0000     0.2359 1.1807e-01     2.2111    183.705  0.000e+00
    270.000     -0.039    30.7646   0.000167    -0.0881   170.0000     0.2364 1.1805e-01     2.2110    183.675  0.000e+00
    270.250     -0.039    30.7644   0.000167    -0.0367   -20.0000     0.2321 1.1810e-01     2.2109    183.651  0.000e+00
    270.500     -0.047    30.7638   0.000161    -0.0808   140.0000     0.2318 1.1807e-01     2.2116    183.754  0.000e+00
    270.750     -0.043    30.7636   0.000167     0.0220  -440.0000     0.2323 1.1797e-01     2.2122    183.836  0.000e+00
    271.000     -0.043    30.7632   0.000167    -0.0294  -350.0000     0.2324 1.1805e-01     2.2118    183.798  0.000e+00
    271.250     -0.041    30.7628   0.000167    -0.0220  -330.0000     0.2327 1.1799e-01     2.2126    183.911  0.000e+00
    271.500     -0.041    30.7625   0.000173    -0.0220  -410.0000     0.2322 1.1805e-01     2.2124    183.892  0.000e+00
    271.750     -0.043    30.7625   0.000167    -0.0294  -190.0000     0.2331 1.1797e-01     2.2126    183.940  0.000e+00
    272.000     -0.041    30.7622   0.000167    -0.0808  -190.0000     0.2335 1.1797e-01     2.2123    183.900  0.000e+00
    272.250     -0.043    30.7616   0.000173     0.0147    90.0000     0.2337 1.1797e-01     2.2126    183.923  0.000e+00
    272.500     -0.041    30.7617   0.000167     0.0220   -20.0000     0.2330 1.1797e-01     2.2129    183.929  0.000e+00
    272.750     -0.041    30.7612   0.000167    -0.0220    10.0000     0.2334 1.1815e-01     2.2129    183.932  0.000e+00
    273.000     -0.047    30.7610   0.000167     0.0147  -190.0000     0.2330 1.1794e-01     2.2124    183.864  0.000e+00
    273.250     -0.041    30.7610   0.000167    -0.0735    60.0000     0.2331 1.1805e-01     2.2125    183.851  0.000e+00
    273.500     -0.043    30.7604   0.000167     0.0220  -350.0000     0.2334 1.1789e-01     2.2129    183.902  0.000e+00
    273.750     -0.039    30.7602   0.000161    -0.0514  -330.0000     0.2331 1.1799e-01     2.2130    183.922  0.000e+00
    274.000     -0.041    30.7597   0.000173    -0.0367    30.0000     0.2316 1.1794e-01     2.2130    183.930  0.000e+00
    274.250     -0.043    30.7596   0.000161    -0.0073  -550.0000     0.2321 1.1802e-01     2.2139    184.046  0.000e+00
    274.500     -0.043    30.7593   0.000173    -0.1689    90.0000     0.2321 1.1797e-01     2.2134    183.992  0.000e+00
    274.750     -0.041    30.7590   0.000173    -0.0881  -330.0000     0.2335 1.1799e-01     2.2129    183.939  0.000e+00
    275.000     -0.041    30.7582   0.000173    -0.0073   140.0000     0.2340 1.1805e-01     2.2138    184.049  0.000e+00
    275.250     -0.041    30.7585   0.000167     0.0000   -80.0000     0.2335 1.1805e-01     2.2129    183.924  0.000e+00
    275.500     -0.041    30.7578   0.000161    -0.1175  -110.0000     0.2342 1.1810e-01     2.2133    183.961  0.000e+00
    275.750     -0.041    30.7576   0.000161    -0.0735   340.0000     0.2327 1.1792e-01     2.2132    183.943  0.000e+00
    276.000     -0.041    30.7573   0.000161    -0.0294   310.0000     0.2324 1.1810e-01     2.2138    184.006  0.000e+00
    276.250     -0.039    30.7572   0.000167    -0.0588   120.0000     0.2326 1.1802e-01     2.2134    183.955  0.000e+00
    276.500     -0.037    30.7570   0.000167    -0.0441  -270.0000     0.2344 1.1794e-01     2.2143    184.091  0.000e+00
    276.750     -0.039    30.7565   0.000167    -0.0588   -50.0000     0.2341 1.1810e-01     2.2145    184.142  0.000e+00
    277.000     -0.041    30.7564   0.000173    -0.0367   -20.0000     0.2342 1.1797e-01     2.2132    183.975  0.000e+00
    277.250     -0.041    30.7558   0.000167    -0.0147   120.0000     0.2318 1.1799e-01     2.2143    184.114  0.000e+00
    277.500     -0.037    30.7557   0.000161    -0.0367   200.0000     0.2318 1.1805e-01     2.2136    184.016  0.000e+00
    277.750     -0.039    30.7554   0.000173     0.0147   -80.0000     0.2318 1.1810e-01     2.2142    184.072  0.000e+00
    278.000     -0.043    30.7550   0.000161    -0.0588   340.0000     0.2322 1.1802e-01     2.2144    184.093  0.000e+00
    278.250     -0.043    30.7546   0.000173    -0.0588  -110.0000     0.2320 1.1805e-01     2.2146    184.129  0.000e+00
    278.500     -0.039    30.7544   0.000173    -0.0220   -50.0000     0.2319 1.1805e-01     2.2152    184.204  0.000e+00
    278.750     -0.039    30.7540   0.000179    -0.0073  -220.0000     0.2337 1.1797e-01     2.2145    184.128  0.000e+00
    279.000     -0.045    30.7537   0.000167     0.0000  -240.0000     0.2341 1.1815e-01     2.2140    184.080  0.000e+00
    279.250     -0.041    30.7536   0.000167    -0.0514    90.0000     0.2337 1.1802e-01     2.2148    184.147  0.000e+00
    279.500     -0.041    30.7532   0.000167     0.0808  -240.0000     0.2342 1.1805e-01     2.2147    184.145  0.000e+00
    279.750     -0.039    30.7528   0.000161    -0.0514    60.0000     0.2344 1.1797e-01     2.2157    184.259  0.000e+00
    280.000     -0.039    30.7524   0.000167     0.0147    30.0000     0.2342 1.1787e-01     2.2158    184.290  0.000e+00
    280.250     -0.043    30.7524   0.000173    -0.0147  -130.0000     0.2381 1.1794e-01     2.2142    184.088  0.000e+00
    280.500     -0.043    30.7521   0.000167     0.0073  -380.0000     0.2379 1.1810e-01     2.2159    184.289  0.000e+00
    280.750     -0.043    30.7512   0.000167    -0.0367   170.0000     0.2383 1.1807e-01     2.2149    184.191  0.000e+00
    281.000     -0.043    30.7516   0.000179    -0.1028 -3060.0000     0.2320 1.1794e-01     2.2141    184.064  0.000e+00
    281.250     -0.041    30.7510   0.000179     0.1322    60.0000     0.2322 1.1794e-01     2.2152    184.162  0.000e+00
    281.500     -0.041    30.7506   0.000173     0.0367    90.0000     0.2319 1.1787e-01     2.2154    184.189  0.000e+00
    281.750     -0.039    30.7506   0.000185    -0.0220   340.0000     0.2322 1.1797e-01     2.2156    184.214  0.000e+00
    282.000     -0.041    30.7504   0.000179     0.0294  -350.0000     0.2322 1.1794e-01     2.2143    184.067  0.000e+00
    282.250     -0.043    30.7500   0.000200     0.0000   -20.0000     0.2324 1.1810e-01     2.2152    184.195  0.000e+00
    282.500     -0.043    30.7498   0.000188     0.0735   -80.0000     0.2322 1.1805e-01     2.2149    184.139  0.000e+00
    282.750     -0.041    30.7496   0.000185    -0.0367   -50.0000     0.2319 1.1797e-01     2.2154    184.222  0.000e+00
    283.000     -0.043    30.7496   0.000185    -0.0367   -50.0000     0.2313 1.1810e-01     2.2152    184.208  0.000e+00
    283.250     -0.043    30.7493   0.000179    -0.0294    30.0000     0.2319 1.1794e-01     2.2157    184.247  0.000e+00
    283.500     -0.039    30.7493   0.000185    -0.0441   -20.0000     0.2337 1.1805e-01     2.2175    184.497  0.000e+00
    283.750     -0.041    30.7489   0.000200    -0.0294   -50.0000     0.2342 1.1802e-01     2.2152    184.241  0.000e+00
    284.000     -0.043    30.7494   0.000188    -0.0220   -20.0000     0.2341 1.1797e-01     2.2158    184.309  0.000e+00
    284.250     -0.043    30.7489   0.000188    -0.0294    30.0000     0.2344 1.1792e-01     2.2171    184.465  0.000e+00
    284.500     -0.043    30.7488   0.000194    -0.0441   -80.0000     0.2352 1.1805e-01     2.2158    184.309  0.000e+00
    284.750     -0.045    30.7488   0.000188    -0.0441   -50.0000     0.2349 1.1792e-01     2.2154    184.222  0.000e+00
    285.000     -0.041    30.7484   0.000200    -0.0514  -110.0000     0.2318 1.1797e-01     2.2171    184.417  0.000e+00
    285.250     -0.043    30.7486   0.000185    -0.0294  -110.0000     0.2318 1.1802e-01     2.2179    184.524  0.000e+00
    285.500     -0.045    30.7482   0.000188    -0.0441    10.0000     0.2320 1.1802e-01     2.2151    184.168  0.000e+00
    285.750     -0.045    30.7481   0.000188    -0.0294    10.0000     0.2318 1.1799e-01     2.2151    184.174  0.000e+00
    286.000     -0.043    30.7481   0.000194    -0.0367  -110.0000     0.2320 1.1812e-01     2.2157    184.209  0.000e+00
    286.250     -0.043    30.7476   0.000188    -0.0367   -50.0000     0.2317 1.1792e-01     2.2172    184.392  0.000e+00
    286.500     -0.043    30.7477   0.000188    -0.0661   -50.0000     0.2319 1.1799e-01     2.2160    184.278  0.000e+00
    286.750     -0.043    30.7473   0.000185    -0.0220   -50.0000     0.2322 1.1812e-01     2.2155    184.207  0.000e+00
    287.000     -0.039    30.7473   0.000185    -0.0220    60.0000     0.2320 1.1797e-01     2.2177    184.465  0.000e+00
    287.250     -0.039    30.7470   0.000185    -4.0912-20510.0000     0.2320 1.1797e-01     2.2170    184.417  0.000e+00
    287.500     -0.041    30.7465   0.000185    29.9382 40750.0000     0.2318 1.1787e-01     2.2175    184.548  0.000e+00
    287.750     -0.041    30.7466   0.000188   -33.1260 40750.0000     0.2320 1.1797e-01     2.2190    184.730  0.000e+00
    288.000     -0.039    30.7458   0.000188   -60.6256 -1.302e+05     0.2322 1.1810e-01     2.2175    184.545  0.000e+00
    288.250     -0.041    30.7462   0.000188    11.4362 40750.0000     0.2324 1.1782e-01     2.2203    184.879  0.000e+00
    288.500     -0.043    30.7460   0.000185   -38.1867 -1.077e+05     0.2325 1.1802e-01     2.2193    184.813  0.000e+00
    288.750     -0.043    30.7461   0.000188   -28.8512 -3.101e+05     0.2322 1.1812e-01     2.2193    184.788  0.000e+00
    289.000     -0.043    30.7456   0.000179   -28.6308   530.0000     0.2333 1.1810e-01     2.2186    184.651  0.000e+00
    289.250     -0.043    30.7452   0.000179    -0.3452 40750.0000     0.2333 1.1794e-01     2.2191    184.705  0.000e+00
    289.500     -0.043    30.7449   0.000185   -13.8600 40750.0000     0.2337 1.1805e-01     2.2154    184.178  0.000e+00
    289.750     -0.043    30.7449   0.000179    29.9382 40750.0000     0.2322 1.1797e-01     2.2189    184.543  0.000e+00
    290.000     -0.041    30.7444   0.000185    10.3858 40750.0000     0.2323 1.1805e-01     2.2164    184.241  0.000e+00
    290.250     -0.043    30.7438   0.000185    -2.6883 40750.0000     0.2321 1.1805e-01     2.2170    184.247  0.000e+00
    290.500     -0.041    30.7436   0.000179   -34.7933-95830.0000     0.2318 1.1797e-01     2.2174    184.337  0.000e+00
    290.750     -0.039    30.7432   0.000167   -13.6617 40750.0000     0.2315 1.1807e-01     2.2170    184.307  0.000e+00
    291.000     -0.039    30.7430   0.000185    16.8568 40750.0000     0.2312 1.1802e-01     2.2142    183.976  0.000e+00
    291.250     -0.039    30.7425   0.000185     4.1279-79180.0000     0.2322 1.1807e-01     2.2200    184.717  0.000e+00
    291.500     -0.039    30.7418   0.000188   -67.3022 -1.249e+05     0.2325 1.1792e-01     2.2192    184.725  0.000e+00
    291.750     -0.041    30.7414   0.000188    29.9382-51730.0000     0.2319 1.1797e-01     2.2188    184.666  0.000e+00
    292.000     -0.043    30.7413   0.000185   -87.4128-34530.0000     0.2320 1.1805e-01     2.2197    184.838  0.000e+00
    292.250     -0.045    30.7412   0.000206     3.6358 -2590.0000     0.2321 1.1810e-01     2.2193    184.794  0.000e+00
    292.500     -0.039    30.7409   0.000559    19.1851 25300.0000     0.2320 1.1805e-01     2.2187    184.721  0.000e+00
    292.750     -0.041    30.7402   0.001399   -32.7367-24330.0000     0.2318 1.1802e-01     2.2219    185.120  0.000e+00
    293.000     -0.041    30.7402   0.001301   -11.1130-51400.0000     0.2315 1.1797e-01     2.2203    184.930  0.000e+00
    293.250     -0.041    30.7401   0.001292    -3.3787 40750.0000     0.2315 1.1802e-01     2.2193    184.686  0.000e+00
    293.500     -0.039    30.7396   0.001295    -2.0199-32620.0000     0.2335 1.1794e-01     2.2192    184.678  0.000e+00
    293.750     -0.041    30.7389   0.001274    15.9533 40750.0000     0.2335 1.1789e-01     2.2190    184.630  0.000e+00
    294.000     -0.041    30.7389   0.001265    -0.0367   120.0000     0.2335 1.1802e-01     2.2188    184.575  0.000e+00
    294.250     -0.041    30.7385   0.001247    -0.0367    10.0000     0.2324 1.1797e-01     2.2190    184.592  0.000e+00
    294.500     -0.039    30.7382   0.001241     6.2579 11310.0000     0.2320 1.1794e-01     2.2191    184.586  0.000e+00
    294.750     -0.043    30.7377   0.001241    -0.2571 40750.0000     0.2321 1.1792e-01     2.2195    184.609  0.000e+00
