cruises/P45_06/L1/CTD/P45_06_CTD_08.cnv
* Sea-Bird SBE19plus  Data File:
* FileName = C:\Users\OA_2023-03\Desktop\Bathymetry\ctd_casts\J2_17_04_2026001.hex
* Software version 2.3.0 SB_Terminal.dll
* Temperature SN = 8460
* Conductivity SN = 8460
* System UpLoad Time = Apr 17 2026 17:13:47
* <ApplicationData>
* <SeatermAF>
# nquan = 11
# nvalues = 2934                                  
# units = specified
# name 0 = timeS: Time, Elapsed [seconds]
# name 1 = prdM: Pressure, Strain Gauge [db]
# name 2 = tv290C: Temperature [ITS-90, deg C]
# name 3 = c0S/m: Conductivity [S/m]
# name 4 = flECO-AFL: Fluorescence, WET Labs ECO-AFL/FL [mg/m^3]
# name 5 = flECO-AFL1: Fluorescence, WET Labs ECO-AFL/FL, 2 [mg/m^3]
# name 6 = CStarAt0: Beam Attenuation, WET Labs C-Star [1/m]
# name 7 = par/sat/log: PAR/Logarithmic, Satlantic [umol photons/m^2/sec]
# name 8 = sbeox0V: Oxygen raw, SBE 43 [V]
# name 9 = sbeox0Mm/L: Oxygen, SBE 43 [umol/l]
# name 10 = flag:  0.000e+00
# span 0 =      0.000,    733.250                 
# span 1 =     -0.083,     59.020                 
# span 2 =    19.6278,    30.8306                 
# span 3 =  -0.315919,   5.875385                 
# span 4 =   -79.9063,    29.9382                 
# span 5 = -1.864e+05, 40750.0000                 
# span 6 =    -0.1020,    24.8803                 
# span 7 = 3.3441e+00, 1.9408e+03                 
# span 8 =     1.6516,     2.6927                 
# span 9 =    123.864,    236.390                 
# span 10 = 0.0000e+00, 0.0000e+00                
# interval = seconds: 0.25
# start_time = Apr 17 2026 14:51:22 [Instrument's time stamp, header]
# bad_flag = -9.990e-29
*END*
[from data line 525]
    131.250      4.189    29.7478   5.866589     0.0073   120.0000     0.2496 6.1811e+02     2.4067    173.528  0.000e+00
    131.500      4.400    29.7454   5.867270     0.0367   170.0000     0.1613 9.4596e+02     2.4356    178.350  0.000e+00
    131.750      4.520    29.7468   5.867888     0.0220   120.0000     0.1612 6.9380e+02     2.4438    180.866  0.000e+00
    132.000      4.569    29.7523   5.867951     0.0220   170.0000     0.1611 5.9528e+02     2.4464    182.100  0.000e+00
    132.250      4.578    29.7612   5.867650     0.0220   170.0000     0.1634 7.2135e+02     2.4471    182.230  0.000e+00
    132.500      4.563    29.7681   5.866573     0.0294    10.0000     0.1637 7.0409e+02     2.4446    180.967  0.000e+00
    132.750      4.553    29.7732   5.867761     0.0073   140.0000     0.1638 7.3665e+02     2.4305    177.749  0.000e+00
    133.000      4.591    29.7764   5.867840     0.0220   -50.0000     0.1641 7.4273e+02     2.4050    172.996  0.000e+00
    133.250      4.713    29.7765   5.866431     0.0147  -130.0000     0.0999 4.5630e+02     2.3679    166.999  0.000e+00
    133.500      4.945    29.7650   5.864175     0.0220    60.0000     0.0987 3.0415e+02     2.3317    161.381  0.000e+00
    133.750      5.222    29.7456   5.863083     0.0294   170.0000     0.0999 1.9626e+02     2.3219    159.079  0.000e+00
    134.000      5.511    29.7293   5.862284     0.0220   120.0000     0.0970 1.7226e+02     2.3387    160.320  0.000e+00
    134.250      5.780    29.7157   5.862553     0.0294   120.0000     0.0968 1.9045e+02     2.3665    163.724  0.000e+00
    134.500      6.031    29.7070   5.863875     0.0294   120.0000     0.0970 2.0060e+02     2.3894    167.550  0.000e+00
    134.750      6.251    29.7014   5.864628     0.0367   140.0000     0.0928 1.8465e+02     2.4003    170.734  0.000e+00
    135.000      6.423    29.7047   5.865689     0.0441    90.0000     0.0931 2.1605e+02     2.3980    172.509  0.000e+00
    135.250      6.560    29.7169   5.865950     0.0220   -50.0000     0.0926 2.2502e+02     2.3889    172.971  0.000e+00
    135.500      6.676    29.7361   5.865949     0.0294   140.0000     0.0928 2.1079e+02     2.3799    172.388  0.000e+00
    135.750      6.798    29.7517   5.865997     0.0220   250.0000     0.0931 1.8991e+02     2.3719    170.764  0.000e+00
    136.000      6.934    29.7607   5.865925     0.0220   200.0000     0.0931 1.8325e+02     2.3580    167.897  0.000e+00
    136.250      7.098    29.7609   5.864580     0.0220   200.0000     0.0931 1.9686e+02     2.3343    163.916  0.000e+00
    136.500      7.280    29.7402   5.857449     0.0294    10.0000     0.1016 2.7564e+02     2.3026    159.365  0.000e+00
    136.750      7.485    29.6955   5.852300     0.0220   120.0000     0.1019 2.3604e+02     2.2810    156.233  0.000e+00
    137.000      7.691    29.6467   5.852103     0.0367   -50.0000     0.1015 2.7972e+02     2.2817    155.950  0.000e+00
    137.250      7.889    29.6123   5.856067     0.0294   -20.0000     0.0895 3.5711e+02     2.2986    157.995  0.000e+00
    137.500      8.076    29.5874   5.859985     0.0441   140.0000     0.0896 2.7695e+02     2.3149    160.568  0.000e+00
    137.750      8.243    29.5804   5.862779     0.0441   140.0000     0.0898 2.9706e+02     2.3192    162.264  0.000e+00
    138.000      8.385    29.6075   5.862968     0.0294   -20.0000     0.0894 3.3919e+02     2.3072    162.262  0.000e+00
    138.250      8.521    29.6477   5.862928     0.0294   200.0000     0.0899 2.7297e+02     2.2909    161.493  0.000e+00
    138.500      8.654    29.6756   5.861914     0.0220    10.0000     0.0896 3.5665e+02     2.2687    159.497  0.000e+00
    138.750      8.790    29.6896   5.859018     0.0294    60.0000     0.0894 2.8628e+02     2.2428    156.198  0.000e+00
    139.000      8.949    29.6937   5.857989     0.0220    10.0000     0.0907 2.7785e+02     2.2168    152.136  0.000e+00
    139.250      9.134    29.6862   5.853203     0.0220   140.0000     0.0908 3.0593e+02     2.1902    147.856  0.000e+00
    139.500      9.349    29.6462   5.843225     0.0220   140.0000     0.0908 2.8683e+02     2.1704    144.778  0.000e+00
    139.750      9.585    29.5878   5.837062     0.0220    30.0000     0.0894 2.5950e+02     2.1704    144.570  0.000e+00
    140.000      9.810    29.5360   5.837253     0.0000   200.0000     0.0896 2.8727e+02     2.1961    148.061  0.000e+00
    140.250     10.019    29.4956   5.844366     0.0367   170.0000     0.0899 2.9745e+02     2.2368    154.042  0.000e+00
    140.500     10.205    29.4693   5.850415     0.0220   200.0000     0.0918 2.9083e+02     2.2680    159.726  0.000e+00
    140.750     10.347    29.4859   5.856443     0.0441   140.0000     0.0916 2.4078e+02     2.2823    163.607  0.000e+00
    141.000     10.412    29.5317   5.859536     0.0294   230.0000     0.0917 2.3143e+02     2.2855    165.742  0.000e+00
    141.250     10.349    29.5891   5.860255     0.0367    30.0000     0.0921 2.3244e+02     2.2788    165.920  0.000e+00
    141.500     10.230    29.6467   5.857990     0.0367    60.0000     0.0923 2.3933e+02     2.2824    166.128  0.000e+00
    141.750     10.110    29.6794   5.856067     0.0294    90.0000     0.0927 2.6690e+02     2.2963    166.654  0.000e+00
    142.000     10.005    29.6690   5.846244     0.0294   170.0000     0.0919 2.3537e+02     2.3026    166.114  0.000e+00
    142.250      9.941    29.6148   5.839733     0.0441   170.0000     0.0927 2.3558e+02     2.3072    165.585  0.000e+00
    142.500      9.929    29.5543   5.835491     0.0294   120.0000     0.0928 2.3229e+02     2.3139    165.844  0.000e+00
    142.750      9.969    29.5100   5.834623     0.0147    30.0000     0.0928 2.7755e+02     2.3308    167.743  0.000e+00
    143.000     10.081    29.4757   5.833913     0.0147    90.0000     0.0916 3.5611e+02     2.3493    170.188  0.000e+00
    143.250     10.254    29.4507   5.833092     0.0294  -110.0000     0.0908 3.2659e+02     2.3675    172.708  0.000e+00
    143.500     10.452    29.4343   5.833424     0.0367   120.0000     0.0914 2.2766e+02     2.3942    175.936  0.000e+00
    143.750     10.649    29.4240   5.840788     0.0220   120.0000     0.1090 2.0203e+02     2.3906    175.736  0.000e+00
    144.000     10.829    29.4174   5.844020     0.0220   -80.0000     0.1084 2.6788e+02     2.3769    174.155  0.000e+00
    144.250     10.958    29.4386   5.844803     0.0294   120.0000     0.1087 3.0626e+02     2.3606    171.691  0.000e+00
    144.500     11.007    29.4800   5.849625     0.0294   230.0000     0.1089 2.4878e+02     2.3436    168.546  0.000e+00
    144.750     10.967    29.5234   5.851546     0.0220    30.0000     0.0883 1.9690e+02     2.3292    165.363  0.000e+00
    145.000     10.847    29.5681   5.851845     0.0147    10.0000     0.0882 1.9020e+02     2.3218    163.036  0.000e+00
    145.250     10.658    29.5996   5.850603     0.0220   170.0000     0.0888 1.6683e+02     2.3139    161.060  0.000e+00
    145.500     10.447    29.6193   5.848570     0.0147    60.0000     0.0894 1.7163e+02     2.2980    158.714  0.000e+00
    145.750     10.236    29.6247   5.841795     0.0220   140.0000     0.0890 1.7610e+02     2.2727    156.089  0.000e+00
    146.000     10.078    29.5845   5.833840     0.0441   170.0000     0.0889 1.9758e+02     2.2579    154.729  0.000e+00
    146.250      9.994    29.5286   5.831400     0.0220   170.0000     0.0913 2.3907e+02     2.2723    156.678  0.000e+00
    146.500      9.989    29.4818   5.830390     0.0220    60.0000     0.0912 2.7126e+02     2.3046    161.039  0.000e+00
    146.750     10.056    29.4483   5.830723     0.0367   170.0000     0.0911 2.6580e+02     2.3358    165.756  0.000e+00
    147.000     10.192    29.4283   5.832508     0.0367    60.0000     0.0914 2.6986e+02     2.3556    169.487  0.000e+00
    147.250     10.350    29.4175   5.836015     0.0367   -80.0000     0.0896 2.6823e+02     2.3649    172.089  0.000e+00
    147.500     10.508    29.4099   5.836505     0.0220   200.0000     0.0900 2.7285e+02     2.3610    172.975  0.000e+00
    147.750     10.652    29.4168   5.839136     0.0220   -50.0000     0.0901 2.3948e+02     2.3413    171.305  0.000e+00
    148.000     10.765    29.4403   5.844115     0.0367   200.0000     0.0933 1.9444e+02     2.3185    167.942  0.000e+00
    148.250     10.823    29.4850   5.846090     0.0220  -160.0000     0.0927 1.6803e+02     2.3053    164.552  0.000e+00
    148.500     10.834    29.5248   5.846611     0.0220    90.0000     0.0929 1.9310e+02     2.3019    162.137  0.000e+00
    148.750     10.792    29.5548   5.846500     0.0367  -190.0000     0.0898 2.3537e+02     2.2990    160.422  0.000e+00
    149.000     10.687    29.5797   5.846310     0.0220    10.0000     0.0900 2.1963e+02     2.2872    158.489  0.000e+00
    149.250     10.541    29.5988   5.845297     0.0441   230.0000     0.0901 2.1230e+02     2.2643    155.852  0.000e+00
    149.500     10.365    29.6092   5.843858     0.0220   140.0000     0.0850 2.1661e+02     2.2373    153.010  0.000e+00
    149.750     10.196    29.6082   5.840444     0.0073  -130.0000     0.0852 2.2255e+02     2.2184    151.114  0.000e+00
    150.000     10.057    29.5765   5.834661     0.0073    10.0000     0.0851 2.3158e+02     2.2013    149.314  0.000e+00
    150.250      9.966    29.5279   5.831700     0.0367   170.0000     0.0852 2.5181e+02     2.1858    147.494  0.000e+00
    150.500      9.941    29.4845   5.830698     0.0294   280.0000     0.0877 2.7707e+02     2.1832    147.133  0.000e+00
    150.750      9.974    29.4540   5.830762     0.0220    90.0000     0.0876 2.7062e+02     2.1961    148.959  0.000e+00
    151.000     10.061    29.4338   5.833724     0.0367   250.0000     0.0880 2.8106e+02     2.2196    152.692  0.000e+00
    151.250     10.190    29.4220   5.836876     0.0294    10.0000     0.0835 2.6713e+02     2.2420    156.884  0.000e+00
    151.500     10.330    29.4145   5.838180     0.0294   170.0000     0.0839 2.5499e+02     2.2453    159.033  0.000e+00
    151.750     10.459    29.4282   5.838535     0.0220    30.0000     0.0837 2.6141e+02     2.2349    159.073  0.000e+00
    152.000     10.561    29.4605   5.839886     0.0294   170.0000     0.0852 2.4958e+02     2.2185    157.696  0.000e+00
    152.250     10.645    29.4932   5.842027     0.0220   140.0000     0.0855 2.0659e+02     2.2042    155.764  0.000e+00
    152.500     10.699    29.5307   5.842445     0.0220   140.0000     0.0852 2.0543e+02     2.1939    153.588  0.000e+00
    152.750     10.730    29.5576   5.842413     0.0220    90.0000     0.0848 2.0739e+02     2.1815    150.876  0.000e+00
    153.000     10.726    29.5635   5.841986     0.0220    90.0000     0.0827 2.0766e+02     2.1694    148.328  0.000e+00
    153.250     10.695    29.5635   5.841876     0.0220   -20.0000     0.0827 2.1600e+02     2.1581    146.383  0.000e+00
    153.500     10.632    29.5606   5.841725     0.0367    60.0000     0.0825 2.2575e+02     2.1444    144.822  0.000e+00
    153.750     10.537    29.5576   5.841109     0.0000   140.0000     0.0823 2.4177e+02     2.1301    143.506  0.000e+00
    154.000     10.426    29.5567   5.840058     0.0367   120.0000     0.0827 2.3264e+02     2.1158    142.212  0.000e+00
    154.250     10.315    29.5586   5.838414     0.0147    10.0000     0.0821 2.3902e+02     2.0965    140.256  0.000e+00
    154.500     10.225    29.5565   5.837814     0.0441   170.0000     0.0825 2.3234e+02     2.0831    138.830  0.000e+00
    154.750     10.168    29.5373   5.834773     0.0294   120.0000     0.0823 2.2092e+02     2.0679    137.316  0.000e+00
    155.000     10.163    29.5080   5.832862     0.0441   170.0000     0.0821 2.3400e+02     2.0565    136.263  0.000e+00
    155.250     10.194    29.4798   5.833802     0.0441    30.0000     0.1168 2.9719e+02     2.0572    136.644  0.000e+00
    155.500     10.254    29.4589   5.838116     0.0441  -110.0000     0.1162 3.4022e+02     2.0715    138.836  0.000e+00
    155.750     10.334    29.4417   5.840977     0.0073    60.0000     0.1164 3.1671e+02     2.0866    141.499  0.000e+00
    156.000     10.419    29.4502   5.841988     0.0367   200.0000     0.1167 2.5821e+02     2.0966    143.801  0.000e+00
    156.250     10.506    29.4976   5.841916     0.0367    60.0000     0.1318 2.5482e+02     2.0973    144.994  0.000e+00
    156.500     10.583    29.5438   5.841686     0.0220   170.0000     0.1315 2.4021e+02     2.0952    145.489  0.000e+00
    156.750     10.639    29.5753   5.841615     0.0073    10.0000     0.1316 2.6800e+02     2.0916    145.460  0.000e+00
    157.000     10.681    29.5956   5.841575     0.0220    90.0000     0.0818 2.4754e+02     2.0830    144.380  0.000e+00
    157.250     10.692    29.6078   5.841614     0.0294   200.0000     0.0815 2.1586e+02     2.0693    142.198  0.000e+00
    157.500     10.679    29.6160   5.841535     0.0073   200.0000     0.0814 1.8983e+02     2.0552    139.662  0.000e+00
    157.750     10.637    29.6199   5.841345     0.0367    60.0000     0.0863 1.7752e+02     2.0437    137.507  0.000e+00
    158.000     10.586    29.6193   5.840033     0.0367   -50.0000     0.0865 1.7041e+02     2.0342    135.880  0.000e+00
    158.250     10.524    29.6172   5.838721     0.0441    90.0000     0.0862 1.6912e+02     2.0252    134.643  0.000e+00
    158.500     10.475    29.6115   5.838390     0.0294    60.0000     0.0864 1.7140e+02     2.0183    133.846  0.000e+00
    158.750     10.444    29.5906   5.837703     0.0220   230.0000     0.0852 1.8349e+02     2.0162    133.824  0.000e+00
    159.000     10.437    29.5626   5.836692     0.0367    60.0000     0.0852 1.9584e+02     2.0122    133.866  0.000e+00
    159.250     10.464    29.5323   5.835713     0.0220    10.0000     0.0851 1.9690e+02     2.0055    133.717  0.000e+00
    159.500     10.524    29.5060   5.835318     0.0073    30.0000     0.0912 1.9618e+02     1.9998    133.586  0.000e+00
    159.750     10.619    29.4856   5.835753     0.0294   140.0000     0.0914 1.9554e+02     1.9920    133.074  0.000e+00
    160.000     10.728    29.4709   5.838234     0.0294    90.0000     0.0915 1.9289e+02     1.9908    133.163  0.000e+00
    160.250     10.824    29.4622   5.839926     0.0367   170.0000     0.0832 1.7515e+02     1.9907    133.360  0.000e+00
    160.500     10.888    29.4731   5.841000     0.0367    30.0000     0.0829 1.7515e+02     1.9896    133.412  0.000e+00
    160.750     10.908    29.5226   5.841142     0.0294   170.0000     0.0828 1.7115e+02     1.9906    133.617  0.000e+00
    161.000     10.866    29.5782   5.840974     0.0220   120.0000     0.0839 1.7840e+02     1.9928    134.057  0.000e+00
    161.250     10.766    29.6198   5.840594     0.0294    60.0000     0.0843 1.9119e+02     2.0071    135.939  0.000e+00
    161.500     10.619    29.6395   5.838942     0.0367   120.0000     0.0839 1.9810e+02     2.0324    139.232  0.000e+00
    161.750     10.450    29.6402   5.837559     0.0220    60.0000     0.0843 1.8807e+02     2.0576    142.783  0.000e+00
    162.000     10.290    29.6310   5.836201     0.0367   230.0000     0.0846 1.8690e+02     2.0758    145.598  0.000e+00
    162.250     10.166    29.5937   5.832149     0.0367    60.0000     0.0846 1.8465e+02     2.0919    148.166  0.000e+00
    162.500     10.106    29.5433   5.829860     0.0073   120.0000     0.0848 1.8136e+02     2.1209    152.016  0.000e+00
    162.750     10.097    29.4970   5.829450     0.0367   170.0000     0.0845 1.9934e+02     2.1652    157.479  0.000e+00
    163.000     10.144    29.4609   5.830312     0.0147    30.0000     0.0845 2.3274e+02     2.2159    163.666  0.000e+00
    163.250     10.243    29.4374   5.831813     0.0294   -50.0000     0.0843 2.5681e+02     2.2599    169.021  0.000e+00
    163.500     10.368    29.4243   5.833353     0.0220    10.0000     0.0815 3.0833e+02     2.2790    171.446  0.000e+00
