cruises/P45_06/L1/CTD/P45_06_CTD_01.cnv
* Sea-Bird SBE19plus  Data File:
* FileName = C:\Users\OA_2023-03\Desktop\Bathymetry\ctd_casts\J1_15_04_25001.hex
* Software version 2.3.0 SB_Terminal.dll
* Temperature SN = 8460
* Conductivity SN = 8460
* System UpLoad Time = Apr 15 2026 12:50:42
* <ApplicationData>
* <SeatermAF>
** FIRST MAURIE_CAST
# nquan = 11
# nvalues = 2883                                  
# units = specified
# name 0 = timeS: Time, Elapsed [seconds]
# name 1 = prdM: Pressure, Strain Gauge [db]
# name 2 = tv290C: Temperature [ITS-90, deg C]
# name 3 = c0S/m: Conductivity [S/m]
# name 4 = flECO-AFL: Fluorescence, WET Labs ECO-AFL/FL [mg/m^3]
# name 5 = flECO-AFL1: Fluorescence, WET Labs ECO-AFL/FL, 2 [mg/m^3]
# name 6 = CStarAt0: Beam Attenuation, WET Labs C-Star [1/m]
# name 7 = par/sat/log: PAR/Logarithmic, Satlantic [umol photons/m^2/sec]
# name 8 = sbeox0V: Oxygen raw, SBE 43 [V]
# name 9 = sbeox0Mm/L: Oxygen, SBE 43 [umol/l]
# name 10 = flag:  0.000e+00
# span 0 =      0.000,    720.500                 
# span 1 =     -0.056,     41.138                 
# span 2 =    22.3111,    31.1502                 
# span 3 =  -0.033667,   5.831016                 
# span 4 =   -87.4128,    29.9382                 
# span 5 = -3.101e+05, 3.0876e+05                 
# span 6 =     0.1279,    14.8299                 
# span 7 = 1.1776e-01, 1.1830e-01                 
# span 8 =     0.9897,     2.5253                 
# span 9 =     50.237,    194.461                 
# span 10 = 0.0000e+00, 0.0000e+00                
# interval = seconds: 0.25
# start_time = Apr 15 2026 11:42:49 [Instrument's time stamp, header]
# bad_flag = -9.990e-29
*END*
[from data line 2492]
    623.000     18.650    28.8679   5.757587     0.0588   120.0000     0.1425 1.1797e-01     2.4377    178.106  0.000e+00
    623.250     18.643    28.8842   5.757956     0.0441   200.0000     0.1432 1.1797e-01     2.4355    177.725  0.000e+00
    623.500     18.548    28.8954   5.757767     0.0441    60.0000     0.1433 1.1792e-01     2.4352    177.508  0.000e+00
    623.750     18.370    28.9013   5.757178     0.0367  -130.0000     0.1401 1.1797e-01     2.4320    177.047  0.000e+00
    624.000     18.123    28.9023   5.758026     0.0808    60.0000     0.1398 1.1797e-01     2.4290    176.605  0.000e+00
    624.250     17.819    28.9054   5.758505     0.0294  -160.0000     0.1399 1.1789e-01     2.4265    176.227  0.000e+00
    624.500     17.488    28.9109   5.759573     0.0220   120.0000     0.1402 1.1792e-01     2.4241    175.870  0.000e+00
    624.750     17.168    28.9187   5.761128     0.0441   140.0000     0.1412 1.1797e-01     2.4206    175.413  0.000e+00
    625.000     16.863    28.9311   5.762416     0.0220    10.0000     0.1408 1.1802e-01     2.4206    175.360  0.000e+00
    625.250     16.595    28.9458   5.762604     0.0588  -130.0000     0.1405 1.1792e-01     2.4225    175.588  0.000e+00
    625.500     16.377    28.9575   5.762713     0.0367   120.0000     0.1408 1.1797e-01     2.4246    175.915  0.000e+00
    625.750     16.199    28.9655   5.763232     0.0294    60.0000     0.1403 1.1797e-01     2.4252    176.159  0.000e+00
    626.000     16.074    28.9718   5.763561     0.0367  -160.0000     0.1407 1.1794e-01     2.4262    176.452  0.000e+00
    626.250     15.999    28.9778   5.763373     0.0661    30.0000     0.1418 1.1810e-01     2.4255    176.515  0.000e+00
    626.500     15.964    28.9804   5.763710     0.0441   120.0000     0.1423 1.1810e-01     2.4252    176.571  0.000e+00
    626.750     15.972    28.9836   5.764229     0.0294   170.0000     0.1422 1.1794e-01     2.4261    176.701  0.000e+00
    627.000     15.986    28.9892   5.764779     0.0367    60.0000     0.1468 1.1797e-01     2.4259    176.618  0.000e+00
    627.250     15.992    28.9963   5.765077     0.0220    30.0000     0.1464 1.1807e-01     2.4256    176.483  0.000e+00
    627.500     15.968    29.0030   5.765258     0.0367    30.0000     0.1470 1.1797e-01     2.4242    176.238  0.000e+00
    627.750     15.897    29.0077   5.764669     0.0367    60.0000     0.1468 1.1794e-01     2.4221    175.948  0.000e+00
    628.000     15.784    29.0092   5.764228     0.0220    60.0000     0.1396 1.1799e-01     2.4232    176.005  0.000e+00
    628.250     15.617    29.0074   5.764558     0.0147   200.0000     0.1398 1.1805e-01     2.4205    175.699  0.000e+00
    628.500     15.419    29.0070   5.764739     0.0294   140.0000     0.1399 1.1794e-01     2.4196    175.543  0.000e+00
    628.750     15.197    29.0080   5.764927     0.0441   140.0000     0.1408 1.1802e-01     2.4188    175.404  0.000e+00
    629.000     14.955    29.0094   5.765257     0.0441   230.0000     0.1413 1.1789e-01     2.4197    175.487  0.000e+00
    629.250     14.714    29.0114   5.765218     0.0441    90.0000     0.1411 1.1787e-01     2.4187    175.420  0.000e+00
    629.500     14.484    29.0130   5.765477     0.0441   140.0000     0.1425 1.1805e-01     2.4181    175.397  0.000e+00
    629.750     14.279    29.0149   5.765445     0.0220   120.0000     0.1426 1.1797e-01     2.4180    175.416  0.000e+00
    630.000     14.114    29.0160   5.765555     0.0220   140.0000     0.1422 1.1792e-01     2.4173    175.351  0.000e+00
    630.250     13.975    29.0174   5.765775     0.0367   200.0000     0.1427 1.1792e-01     2.4183    175.516  0.000e+00
    630.500     13.863    29.0190   5.766034     0.0441    30.0000     0.1531 1.1797e-01     2.4184    175.561  0.000e+00
    630.750     13.772    29.0212   5.766074     0.0441    90.0000     0.1532 1.1792e-01     2.4187    175.613  0.000e+00
    631.000     13.690    29.0232   5.766074     0.0441    90.0000     0.1532 1.1797e-01     2.4191    175.657  0.000e+00
    631.250     13.597    29.0245   5.765924     0.0441   120.0000     0.1460 1.1789e-01     2.4196    175.758  0.000e+00
    631.500     13.499    29.0252   5.765963     0.0220    30.0000     0.1459 1.1807e-01     2.4194    175.767  0.000e+00
    631.750     13.379    29.0253   5.765735     0.0220    90.0000     0.1458 1.1812e-01     2.4189    175.713  0.000e+00
    632.000     13.235    29.0247   5.765625     0.0514   120.0000     0.1422 1.1794e-01     2.4190    175.709  0.000e+00
    632.250     13.070    29.0234   5.765665     0.0294    90.0000     0.1422 1.1797e-01     2.4185    175.622  0.000e+00
    632.500     12.892    29.0230   5.765735     0.0367   170.0000     0.1425 1.1810e-01     2.4184    175.578  0.000e+00
    632.750     12.721    29.0233   5.765994     0.0367   -20.0000     0.1425 1.1797e-01     2.4171    175.401  0.000e+00
    633.000     12.561    29.0242   5.766104     0.0294  -160.0000     0.1450 1.1805e-01     2.4171    175.368  0.000e+00
    633.250     12.421    29.0255   5.766254     0.0441   140.0000     0.1450 1.1792e-01     2.4168    175.309  0.000e+00
    633.500     12.294    29.0268   5.766442     0.0441    90.0000     0.1451 1.1797e-01     2.4162    175.236  0.000e+00
    633.750     12.177    29.0286   5.766591     0.0220   200.0000     0.1429 1.1805e-01     2.4165    175.266  0.000e+00
    634.000     12.061    29.0303   5.766733     0.0441  -130.0000     0.1423 1.1797e-01     2.4164    175.252  0.000e+00
    634.250     11.934    29.0317   5.766733     0.0220    30.0000     0.1427 1.1794e-01     2.4162    175.252  0.000e+00
    634.500     11.779    29.0331   5.766591     0.0367   -20.0000     0.1422 1.1805e-01     2.4160    175.243  0.000e+00
    634.750     11.601    29.0337   5.766473     0.0367   140.0000     0.1428 1.1782e-01     2.4151    175.161  0.000e+00
    635.000     11.405    29.0331   5.766402     0.0441   -20.0000     0.1423 1.1810e-01     2.4146    175.088  0.000e+00
    635.250     11.190    29.0323   5.766842     0.0147  -160.0000     0.1387 1.1799e-01     2.4147    175.094  0.000e+00
    635.500     10.970    29.0332   5.766960     0.0441   140.0000     0.1389 1.1792e-01     2.4155    175.185  0.000e+00
    635.750     10.763    29.0346   5.767101     0.0147    90.0000     0.1388 1.1792e-01     2.4168    175.334  0.000e+00
    636.000     10.566    29.0365   5.767730     0.0220    60.0000     0.1389 1.1810e-01     2.4178    175.478  0.000e+00
    636.250     10.388    29.0390   5.768068     0.0367    30.0000     0.1425 1.1797e-01     2.4178    175.511  0.000e+00
    636.500     10.228    29.0425   5.768068     0.0367   -50.0000     0.1425 1.1807e-01     2.4190    175.678  0.000e+00
    636.750     10.086    29.0449   5.767957     0.0367    30.0000     0.1422 1.1810e-01     2.4183    175.638  0.000e+00
    637.000      9.961    29.0457   5.768177     0.0367   230.0000     0.1401 1.1805e-01     2.4196    175.774  0.000e+00
    637.250      9.834    29.0467   5.768358     0.0367   170.0000     0.1405 1.1805e-01     2.4184    175.622  0.000e+00
    637.500      9.708    29.0488   5.768138     0.0220   120.0000     0.1409 1.1805e-01     2.4176    175.464  0.000e+00
    637.750      9.577    29.0491   5.767988     0.0220   -20.0000     0.1394 1.1810e-01     2.4171    175.333  0.000e+00
    638.000      9.437    29.0489   5.768138     0.0220    30.0000     0.1392 1.1792e-01     2.4180    175.381  0.000e+00
    638.250      9.283    29.0493   5.767878     0.0294   -50.0000     0.1392 1.1797e-01     2.4189    175.470  0.000e+00
    638.500      9.125    29.0491   5.768027     0.0294    30.0000     0.1398 1.1797e-01     2.4202    175.612  0.000e+00
    638.750      8.963    29.0490   5.768137     0.0294   230.0000     0.1409 1.1802e-01     2.4201    175.645  0.000e+00
    639.000      8.806    29.0494   5.768397     0.0441   170.0000     0.1409 1.1787e-01     2.4192    175.555  0.000e+00
    639.250      8.650    29.0508   5.768507     0.0220   120.0000     0.1408 1.1807e-01     2.4183    175.474  0.000e+00
    639.500      8.503    29.0525   5.768585     0.0220    10.0000     0.1390 1.1797e-01     2.4192    175.557  0.000e+00
    639.750      8.366    29.0542   5.768915     0.0220    90.0000     0.1394 1.1794e-01     2.4184    175.441  0.000e+00
    640.000      8.225    29.0567   5.769064     0.0073   120.0000     0.1394 1.1802e-01     2.4181    175.333  0.000e+00
    640.250      8.057    29.0592   5.769284     0.0220   170.0000     0.1438 1.1792e-01     2.4180    175.270  0.000e+00
    640.500      7.876    29.0614   5.769064     0.0220   -20.0000     0.1439 1.1782e-01     2.4184    175.293  0.000e+00
    640.750      7.676    29.0623   5.768844     0.0367   -20.0000     0.1439 1.1810e-01     2.4194    175.427  0.000e+00
    641.000      7.454    29.0618   5.769064     0.0220   120.0000     0.1442 1.1799e-01     2.4212    175.670  0.000e+00
    641.250      7.223    29.0622   5.769244     0.0294   -80.0000     0.1386 1.1805e-01     2.4187    175.441  0.000e+00
    641.500      7.003    29.0634   5.769284     0.0294   140.0000     0.1386 1.1784e-01     2.4206    175.623  0.000e+00
    641.750      6.794    29.0646   5.769464     0.0367   120.0000     0.1385 1.1799e-01     2.4200    175.588  0.000e+00
    642.000      6.607    29.0665   5.769613     0.0220    90.0000     0.1372 1.1799e-01     2.4186    175.411  0.000e+00
    642.250      6.450    29.0678   5.769653     0.0441   140.0000     0.1373 1.1797e-01     2.4184    175.334  0.000e+00
    642.500      6.323    29.0688   5.769763     0.0147    10.0000     0.1370 1.1810e-01     2.4173    175.154  0.000e+00
    642.750      6.227    29.0703   5.770281     0.0220    30.0000     0.1371 1.1805e-01     2.4170    175.050  0.000e+00
    643.000      6.143    29.0726   5.770281     0.0220   -80.0000     0.1375 1.1810e-01     2.4168    174.985  0.000e+00
    643.250      6.065    29.0745   5.770352     0.0220    30.0000     0.1369 1.1815e-01     2.4184    175.192  0.000e+00
    643.500      5.979    29.0760   5.770721     0.0220  -350.0000     0.1400 1.1817e-01     2.4212    175.505  0.000e+00
    643.750      5.874    29.0785   5.770839     0.0147   -20.0000     0.1397 1.1805e-01     2.4206    175.529  0.000e+00
    644.000      5.739    29.0812   5.770760     0.0367    10.0000     0.1394 1.1792e-01     2.4187    175.389  0.000e+00
    644.250      5.552    29.0822   5.770210     0.0147    10.0000     0.1399 1.1794e-01     2.4188    175.400  0.000e+00
    644.500      5.307    29.0815   5.770351     0.0220   -20.0000     0.1396 1.1799e-01     2.4184    175.351  0.000e+00
    644.750      5.012    29.0805   5.770909     0.0220   -50.0000     0.1398 1.1802e-01     2.4176    175.211  0.000e+00
    645.000      4.678    29.0817   5.771318     0.0220   140.0000     0.1396 1.1797e-01     2.4169    175.056  0.000e+00
    645.250      4.332    29.0845   5.771868     0.0147   -80.0000     0.1394 1.1797e-01     2.4160    174.850  0.000e+00
    645.500      3.996    29.0886   5.772536     0.0147  -130.0000     0.1392 1.1799e-01     2.4152    174.687  0.000e+00
    645.750      3.685    29.0944   5.772795     0.0294  -130.0000     0.1390 1.1792e-01     2.4150    174.657  0.000e+00
    646.000      3.461    29.0990   5.772905     0.0367   -20.0000     0.1514 1.1792e-01     2.4153    174.705  0.000e+00
    646.250      3.325    29.1021   5.772874     0.0220   230.0000     0.1514 1.1779e-01     2.4163    174.823  0.000e+00
    646.500      3.252    29.1039   5.774242     0.0220   140.0000     0.1513 1.1797e-01     2.4171    174.954  0.000e+00
    646.750      3.230    29.1091   5.778355     0.0367   200.0000     0.1516 1.1817e-01     2.4171    174.973  0.000e+00
    647.000      3.238    29.1252   5.781910     0.0000   -20.0000     0.1380 1.1810e-01     2.4159    174.825  0.000e+00
    647.250      3.249    29.1514   5.785364     0.0073   -50.0000     0.1376 1.1787e-01     2.4165    174.826  0.000e+00
    647.500      3.225    29.1807   5.785694    -0.0073    60.0000     0.1377 1.1792e-01     2.4170    174.823  0.000e+00
    647.750      3.143    29.2024   5.788590     0.0220   -20.0000     0.2816 1.1802e-01     2.4176    174.813  0.000e+00
    648.000      2.989    29.2224   5.788290     0.0220   -80.0000     0.2817 1.1792e-01     2.4168    174.659  0.000e+00
    648.250      2.750    29.2378   5.788148     0.0220   -50.0000     0.2816 1.1817e-01     2.4166    174.570  0.000e+00
    648.500      2.443    29.2438   5.789337     0.0294    60.0000     0.1372 1.1805e-01     2.4155    174.398  0.000e+00
    648.750      2.083    29.2507   5.789147     0.0220    10.0000     0.1373 1.1792e-01     2.4149    174.303  0.000e+00
    649.000      1.732    29.2552   5.792194     0.0294  -110.0000     0.1375 1.1799e-01     2.4158    174.345  0.000e+00
    649.250      1.489    29.2655   5.794800     0.0000    60.0000     0.1375 1.1797e-01     2.4181    174.536  0.000e+00
    649.500      1.369    29.2829   5.796698     0.0367   -80.0000     0.1454 1.1805e-01     2.4197    174.700  0.000e+00
    649.750      1.329    29.3015   5.800495     0.0220  -440.0000     0.1456 1.1797e-01     2.4230    175.063  0.000e+00
    650.000      1.352    29.3267   5.810599     0.0220    60.0000     0.1458 1.1810e-01     2.4256    175.344  0.000e+00
    650.250      1.445    29.3744   5.812459     0.0220   -20.0000     0.1324 1.1797e-01     2.4279    175.584  0.000e+00
    650.500      1.547    29.4184   5.814153     0.0294   140.0000     0.1325 1.1805e-01     2.4307    175.870  0.000e+00
    650.750      1.663    29.4505   5.810518     0.0000   -20.0000     0.1321 1.1792e-01     2.4336    176.191  0.000e+00
    651.000      1.758    29.4588   5.809327     0.0147    90.0000     0.1330 1.1792e-01     2.4339    176.213  0.000e+00
    651.250      1.834    29.4556   5.810628     0.0220  -130.0000     0.1329 1.1787e-01     2.4352    176.296  0.000e+00
    651.500      1.883    29.4556   5.810147     0.0073    10.0000     0.1331 1.1794e-01     2.4333    176.002  0.000e+00
    651.750      1.900    29.4557   5.810297     0.0294  -220.0000     0.1313 1.1805e-01     2.4322    175.713  0.000e+00
    652.000      1.885    29.4552   5.809248     0.0220  -110.0000     0.1319 1.1805e-01     2.4294    175.249  0.000e+00
    652.250      1.867    29.4520   5.808129    -0.0073   -20.0000     0.1315 1.1792e-01     2.4285    174.976  0.000e+00
    652.500      1.843    29.4451   5.808019     0.0220   -80.0000     0.1315 1.1787e-01     2.4269    174.652  0.000e+00
    652.750      1.827    29.4398   5.807908     0.0294    30.0000     0.1326 1.1797e-01     2.4253    174.367  0.000e+00
    653.000      1.814    29.4363   5.806379    -0.0073  -220.0000     0.1323 1.1799e-01     2.4243    174.225  0.000e+00
    653.250      1.809    29.4297   5.805481     0.0661  -190.0000     0.1327 1.1792e-01     2.4239    174.182  0.000e+00
    653.500      1.789    29.4218   5.805741     0.0220  -300.0000     0.1429 1.1810e-01     2.4235    174.220  0.000e+00
    653.750      1.752    29.4173   5.806080     0.0073  -110.0000     0.1429 1.1797e-01     2.4231    174.253  0.000e+00
    654.000      1.703    29.4159   5.805709     0.0220   -80.0000     0.1429 1.1797e-01     2.4233    174.367  0.000e+00
    654.250      1.643    29.4146   5.805528     0.0220   280.0000     0.1368 1.1797e-01     2.4218    174.261  0.000e+00
    654.500      1.578    29.4135   5.808240     0.0073  -270.0000     0.1365 1.1810e-01     2.4222    174.335  0.000e+00
    654.750      1.532    29.4196   5.809438    -0.0588  -220.0000     0.1366 1.1805e-01     2.4214    174.273  0.000e+00
    655.000      1.531    29.4290   5.809067     0.0220    30.0000     0.1366 1.1807e-01     2.4228    174.425  0.000e+00
    655.250      1.576    29.4362   5.808358     0.0220   -80.0000     0.1343 1.1802e-01     2.4246    174.653  0.000e+00
