cruises/P45_06/L2/CTD/Align_CTD/P45_06_CTD_10_al.cnv
* Sea-Bird SBE19plus  Data File:
* FileName = C:\Users\OA_2023-03\Desktop\Bathymetry\ctd_casts\S2_18_04_26002.hex
* Software version 2.3.0 SB_Terminal.dll
* Temperature SN = 8460
* Conductivity SN = 8460
* System UpLoad Time = Apr 18 2026 16:40:21
* <ApplicationData>
* <SeatermAF>
** cast for s2
# nquan = 11
# nvalues = 2580                        
# units = specified
# name 0 = timeS: Time, Elapsed [seconds]
# name 1 = prdM: Pressure, Strain Gauge [db]
# name 2 = tv290C: Temperature [ITS-90, deg C]
# name 3 = c0S/m: Conductivity [S/m]
# name 4 = flECO-AFL: Fluorescence, WET Labs ECO-AFL/FL [mg/m^3]
# name 5 = flECO-AFL1: Fluorescence, WET Labs ECO-AFL/FL, 2 [mg/m^3]
# name 6 = CStarAt0: Beam Attenuation, WET Labs C-Star [1/m]
# name 7 = par/sat/log: PAR/Logarithmic, Satlantic [umol photons/m^2/sec]
# name 8 = sbeox0V: Oxygen raw, SBE 43 [V]
# name 9 = sbeox0Mm/L: Oxygen, SBE 43 [umol/l]
# name 10 = flag:  0.000e+00
# span 0 =      0.000,    644.750       
# span 1 =     -0.126,     72.020       
# span 2 =    19.4874,    29.7711       
# span 3 =  -0.256820,   5.857944       
# span 4 =   -27.7935,    29.9382       
# span 5 = -1.448e+05, 40750.0000       
# span 6 =    -0.0853,    27.5054       
# span 7 = 2.2999e-01, 1.5045e+03       
# span 8 =     1.6095,     2.6886       
# span 9 =    119.708,    237.279       
# span 10 = 0.0000e+00, 0.0000e+00      
# interval = seconds: 0.25
# start_time = Apr 18 2026 15:53:20 [Instrument's time stamp, header]
# bad_flag = -9.990e-29
*END*
[from data line 2361]
    590.250      2.176    29.7099   5.849244     0.0367  -160.0000     0.0999 2.6414e+02     2.6384    192.718 0.0000e+00
    590.500      1.909    29.7127   5.849845     0.0367   -20.0000     0.1005 2.6000e+02     2.6377    192.633 0.0000e+00
    590.750      1.625    29.7162   5.850517     0.0294   140.0000     0.1013 2.4717e+02     2.6368    192.756 0.0000e+00
    591.000      1.380    29.7194   5.851023     0.0294    30.0000     0.1029 2.7695e+02     2.6373    192.770 0.0000e+00
    591.250      1.278    29.7227   5.851197     0.0220    90.0000     0.1031 2.9514e+02     2.6384    192.867 0.0000e+00
    591.500      1.282    29.7266   5.851798     0.0294    10.0000     0.1028 4.1893e+02     2.6390    193.188 0.0000e+00
    591.750      1.318    29.7310   5.852138     0.0441    60.0000     0.1055 4.5081e+02     2.6404    193.548 0.0000e+00
    592.000      1.404    29.7360   5.852739     0.0367    60.0000     0.1055 1.9478e+02     2.6410    193.699 0.0000e+00
    592.250      1.522    29.7397   5.853269     0.0514    90.0000     0.1057 2.8677e+02     2.6406    193.829 0.0000e+00
    592.500      1.634    29.7407   5.853308     0.0220    30.0000     0.1061 2.7392e+02     2.6390    193.861 0.0000e+00
    592.750      1.729    29.7401   5.853158     0.0441   140.0000     0.1013 3.4519e+02     2.6389    193.732 0.0000e+00
    593.000      1.776    29.7396   5.852842     0.0441    90.0000     0.1013 3.9602e+02     2.6379    193.692 0.0000e+00
    593.250      1.787    29.7403   5.853008     0.0220  -110.0000     0.1014 2.3244e+02     2.6387    193.456 0.0000e+00
    593.500      1.765    29.7412   5.853198     0.0294    90.0000     0.1019 4.5522e+02     2.6370    193.335 0.0000e+00
    593.750      1.731    29.7392   5.853419     0.0367    90.0000     0.1022 3.0613e+02     2.6370    193.089 0.0000e+00
    594.000      1.694    29.7374   5.852406     0.0441   230.0000     0.1023 5.9412e+02     2.6362    193.088 0.0000e+00
    594.250      1.667    29.7371   5.852668     0.0441   170.0000     0.1107 4.7473e+02     2.6363    193.158 0.0000e+00
    594.500      1.645    29.7348   5.852802     0.0294    60.0000     0.1109 4.9593e+02     2.6373    193.306 0.0000e+00
    594.750      1.624    29.7328   5.852027     0.0367    60.0000     0.1113 5.5259e+02     2.6383    193.295 0.0000e+00
    595.000      1.605    29.7313   5.852066     0.0367    10.0000     0.1167 4.9841e+02     2.6399    193.257 0.0000e+00
    595.250      1.587    29.7307   5.852027     0.0441  -240.0000     0.1165 3.5388e+02     2.6404    193.181 0.0000e+00
    595.500      1.574    29.7303   5.852027     0.0294    90.0000     0.1167 5.2304e+02     2.6410    193.094 0.0000e+00
    595.750      1.582    29.7293   5.851987     0.0294   120.0000     0.1170 6.8057e+02     2.6397    192.978 0.0000e+00
    596.000      1.609    29.7284   5.851821     0.0147  -190.0000     0.1103 3.4081e+02     2.6374    192.978 0.0000e+00
    596.250      1.665    29.7279   5.851790     0.0367    30.0000     0.1100 4.1676e+02     2.6359    193.083 0.0000e+00
    596.500      1.740    29.7273   5.851750     0.0367    10.0000     0.1103 5.4463e+02     2.6358    193.173 0.0000e+00
    596.750      1.793    29.7259   5.851647     0.0441    60.0000     0.1031 5.2033e+02     2.6368    193.391 0.0000e+00
    597.000      1.811    29.7257   5.851426     0.0441    90.0000     0.1028 5.2679e+02     2.6381    193.536 0.0000e+00
    597.250      1.794    29.7255   5.851608     0.0661   170.0000     0.1027 5.9812e+02     2.6397    193.550 0.0000e+00
    597.500      1.740    29.7235   5.851576     0.0367    90.0000     0.1038 3.6666e+02     2.6413    193.403 0.0000e+00
    597.750      1.654    29.7226   5.851007     0.0588   170.0000     0.1037 3.7242e+02     2.6416    193.361 0.0000e+00
    598.000      1.562    29.7223   5.851244     0.0220   140.0000     0.1044 7.9168e+02     2.6420    193.192 0.0000e+00
    598.250      1.493    29.7221   5.851205     0.0661    30.0000     0.1041 5.3947e+02     2.6412    193.204 0.0000e+00
    598.500      1.453    29.7221   5.851307     0.0367   -50.0000     0.1001 5.6749e+02     2.6398    192.980 0.0000e+00
    598.750      1.445    29.7220   5.851276     0.0220   120.0000     0.1003 2.9108e+02     2.6370    192.933 0.0000e+00
    599.000      1.498    29.7223   5.851236     0.0294    60.0000     0.1006 6.2025e+02     2.6361    192.847 0.0000e+00
    599.250      1.594    29.7236   5.851276     0.0441   -20.0000     0.1020 4.0076e+02     2.6355    192.877 0.0000e+00
    599.500      1.723    29.7253   5.851608     0.0441    30.0000     0.1022 5.2565e+02     2.6352    193.020 0.0000e+00
    599.750      1.836    29.7267   5.851798     0.0367   -20.0000     0.1020 4.7350e+02     2.6350    193.159 0.0000e+00
    600.000      1.920    29.7273   5.851877     0.0000   -20.0000     0.1005 6.4586e+02     2.6347    193.386 0.0000e+00
    600.250      1.953    29.7272   5.851798     0.0294    90.0000     0.1007 6.3974e+02     2.6358    193.496 0.0000e+00
    600.500      1.938    29.7259   5.851727     0.0367  -190.0000     0.1001 2.8148e+02     2.6365    193.625 0.0000e+00
    600.750      1.862    29.7240   5.851497     0.0294    10.0000     0.0951 5.3332e+02     2.6389    193.517 0.0000e+00
    601.000      1.740    29.7229   5.851276     0.0441    10.0000     0.0950 3.2321e+02     2.6395    193.244 0.0000e+00
    601.250      1.589    29.7222   5.851157     0.0294    60.0000     0.0957 6.2659e+02     2.6403    193.004 0.0000e+00
    601.500      1.460    29.7223   5.851244     0.0294    60.0000     0.0947 4.2102e+02     2.6409    192.880 0.0000e+00
    601.750      1.360    29.7223   5.851426     0.0220   -50.0000     0.1037 3.6014e+02     2.6397    192.907 0.0000e+00
    602.000      1.331    29.7231   5.851347     0.0367  -160.0000     0.1034 4.9754e+02     2.6402    193.026 0.0000e+00
    602.250      1.367    29.7250   5.851458     0.0441    90.0000     0.1036 7.7189e+02     2.6403    193.241 0.0000e+00
    602.500      1.453    29.7280   5.851948     0.0441  -190.0000     0.0990 6.3300e+02     2.6414    193.498 0.0000e+00
    602.750      1.578    29.7298   5.852407     0.0514  -110.0000     0.0993 5.7864e+02     2.6410    193.642 0.0000e+00
    603.000      1.711    29.7308   5.852217     0.0294   200.0000     0.0990 5.9695e+02     2.6400    193.784 0.0000e+00
    603.250      1.822    29.7304   5.852256     0.0441    90.0000     0.0981 5.8582e+02     2.6388    193.720 0.0000e+00
    603.500      1.849    29.7295   5.852114     0.0294  -130.0000     0.0985 5.1362e+02     2.6394    193.525 0.0000e+00
    603.750      1.803    29.7279   5.852027     0.0294   -20.0000     0.0981 4.3887e+02     2.6395    193.119 0.0000e+00
    604.000      1.754    29.7267   5.851727     0.0220   170.0000     0.0986 3.2405e+02     2.6383    192.898 0.0000e+00
    604.250      1.685    29.7270   5.851647     0.0367    90.0000     0.0990 6.4964e+02     2.6372    192.715 0.0000e+00
    604.500      1.596    29.7275   5.851948     0.0441   140.0000     0.0988 6.2972e+02     2.6367    192.610 0.0000e+00
    604.750      1.531    29.7276   5.852067     0.0441   120.0000     0.0991 3.7266e+02     2.6376    192.578 0.0000e+00
    605.000      1.494    29.7273   5.851972     0.0367   -80.0000     0.1063 2.7985e+02     2.6387    192.565 0.0000e+00
    605.250      1.483    29.7270   5.851837     0.0367   -50.0000     0.1063 9.0590e+02     2.6383    192.756 0.0000e+00
    605.500      1.482    29.7272   5.851837     0.0514   200.0000     0.1066 5.6321e+02     2.6386    192.921 0.0000e+00
    605.750      1.480    29.7271   5.851916     0.0367   140.0000     0.1084 4.7565e+02     2.6382    193.291 0.0000e+00
    606.000      1.465    29.7275   5.851877     0.0294   -20.0000     0.1085 6.7369e+02     2.6377    193.439 0.0000e+00
    606.250      1.449    29.7284   5.852027     0.0514   170.0000     0.1086 3.8838e+02     2.6332    193.590 0.0000e+00
    606.500      1.416    29.7289   5.852217     0.0367   -20.0000     0.1088 9.2551e+02     2.6233    193.684 0.0000e+00
    606.750      1.387    29.7297   5.852138     0.0220    60.0000     0.0967 1.1138e+03     2.6109    193.567 0.0000e+00
    607.000      1.363    29.7306   5.852256     0.0367    60.0000     0.0963 8.9441e+02     2.6042    193.577 0.0000e+00
    607.250      1.314    29.7322   5.852438     0.0514    10.0000     0.0966 9.2092e+02     2.5997    193.519 0.0000e+00
    607.500      1.273    29.7334   5.852707     0.0294   -50.0000     0.0954 9.6414e+02     2.5927    193.581 0.0000e+00
    607.750      1.256    29.7328   5.852707     0.0441    10.0000     0.0952 1.4235e+03     2.5831    193.485 0.0000e+00
    608.000      1.271    29.7316   5.852367     0.0294   140.0000     0.0956 8.8441e+02     2.5706    193.355 0.0000e+00
    608.250      1.289    29.7322   5.852217     0.0294  -110.0000     0.0993 5.6394e+02     2.5625    193.194 0.0000e+00
    608.500      1.280    29.7329   5.852549     0.0220    30.0000     0.0999 3.9507e+02     2.5569    193.224 0.0000e+00
    608.750      1.242    29.7339   5.852557     0.0441    10.0000     0.1005 5.6199e+02     2.5557    193.239 0.0000e+00
    609.000      1.171    29.7352   5.852739     0.0294    10.0000     0.1008 3.5928e+02     2.5605    193.080 0.0000e+00
    609.250      1.060    29.7329   5.853039     0.0294   140.0000     0.1010 4.6507e+02     2.5699    192.929 0.0000e+00
    609.500      0.902    29.7301   5.851987     0.0367   120.0000     0.1006 4.9039e+02     2.5803    192.841 0.0000e+00
    609.750      0.724    29.7294   5.851947     0.0441    90.0000     0.1007 3.5588e+02     2.5848    192.953 0.0000e+00
    610.000      0.551    29.7306   5.851931     0.0441   170.0000     0.1095 5.2610e+02     2.5888    193.111 0.0000e+00
    610.250      0.402    29.7330   5.852620     0.0441    10.0000     0.1095 8.3009e+02     2.5926    193.106 0.0000e+00
    610.500      0.269    29.7355   5.852888     0.0441    90.0000     0.1089 8.0011e+02     2.5953    193.146 0.0000e+00
    610.750      0.175    29.7376   5.853197     0.0441  -130.0000     3.0792 7.7759e+02     2.5989    193.128 0.0000e+00
    611.000      0.164    29.7400   5.853197     0.0661   -20.0000     3.0805 7.7056e+02     2.6011    193.107 0.0000e+00
    611.250      0.256    29.7423   5.853268     0.0514  -110.0000     3.0792 7.9632e+02     2.6011    192.607 0.0000e+00
    611.500      0.469    29.7436   5.853458     0.0441   -50.0000     6.0906 5.5103e+02     2.6017    191.413 0.0000e+00
    611.750      0.711    29.7427   5.853490     0.0367    30.0000     6.0900 2.5648e+02     2.6007    189.796 0.0000e+00
    612.000      0.925    29.7421   5.852912     0.0220    10.0000     6.0885 2.6181e+02     2.5999    188.724 0.0000e+00
    612.250      1.060    29.7419   5.852944     0.0220    30.0000     6.0912 2.9617e+02     2.6005    187.959 0.0000e+00
    612.500      1.098    29.7415   5.852889     0.0367   120.0000     0.2015 2.8658e+02     2.6025    187.015 0.0000e+00
    612.750      1.049    29.7409   5.852817     0.0441   200.0000     0.2010 3.2469e+02     2.6024    185.869 0.0000e+00
    613.000      0.920    29.7391   5.852738     0.0441    10.0000     0.2015 4.9219e+02     2.6033    184.475 0.0000e+00
    613.250      0.724    29.7375   5.852438     0.0000   -20.0000     0.4545 4.6952e+02     2.6040    183.653 0.0000e+00
    613.500      0.518    29.7360   5.852176    -0.0073   120.0000     0.4543 7.5848e+02     2.6032    183.208 0.0000e+00
    613.750      0.356    29.7360   5.848143     0.1175  -520.0000     0.4546 7.7742e+02     2.6039    183.312 0.0000e+00
    614.000      0.416    29.7370   5.847882     0.0220   730.0000     4.1943 7.0898e+02     2.6037    184.053 0.0000e+00
    614.250      0.524    29.7382   5.850365     0.1102  -130.0000     4.1941 3.4147e+02     2.6038    185.482 0.0000e+00
    614.500      0.654    29.7391   5.853039     0.0294   -50.0000     4.1943 2.7338e+02     2.6043    187.261 0.0000e+00
    614.750      0.740    29.7401   5.852098     0.0367    30.0000     1.3545 3.0049e+02     2.6026    188.541 0.0000e+00
    615.000      0.827    29.7411   5.852857     0.0367    90.0000     1.1018 2.7209e+02     2.6013    189.638 0.0000e+00
    615.250      0.913    29.7447   5.851876     0.0441    10.0000     1.1009 2.9159e+02     2.6001    190.465 0.0000e+00
    615.500      1.034    29.7497   5.854218     0.0367    10.0000     1.1007 2.9298e+02     2.6017    190.911 0.0000e+00
    615.750      1.133    29.7546   5.854835     0.0294  -240.0000     0.2106 3.3380e+02     2.6035    191.203 0.0000e+00
    616.000      1.196    29.7580   5.855491     0.0441    10.0000     0.2106 3.7234e+02     2.6034    191.159 0.0000e+00
    616.250      1.229    29.7576   5.855491     0.0441   -20.0000     0.2106 4.0015e+02     2.6052    190.815 0.0000e+00
    616.500      1.229    29.7572   5.854961     0.0367    90.0000     0.1615 4.4625e+02     2.6076    190.588 0.0000e+00
    616.750      1.209    29.7545   5.854961     0.0294    10.0000     0.1618 3.7753e+02     2.6112    190.296 0.0000e+00
    617.000      1.176    29.7500   5.854288     0.0441    90.0000     0.1615 4.6076e+02     2.6149    190.015 0.0000e+00
    617.250      1.147    29.7451   5.853379     0.0367    30.0000     0.2129 3.9687e+02     2.6149    189.910 0.0000e+00
    617.500      1.123    29.7414   5.852667     0.0147   -50.0000     0.2133 5.0165e+02     2.6142    190.011 0.0000e+00
    617.750      1.103    29.7393   5.851932     0.0367   120.0000     0.2134 3.9782e+02     2.6115    189.944 0.0000e+00
    618.000      1.093    29.7397   5.851916     0.0514   -50.0000     0.2136 3.5304e+02     2.6079    190.032 0.0000e+00
    618.250      1.089    29.7432   5.852928     0.0367   -20.0000     0.2519 4.1929e+02     2.6068    190.133 0.0000e+00
    618.500      1.089    29.7466   5.853680     0.0367    60.0000     0.2515 3.6571e+02     2.6090    190.059 0.0000e+00
    618.750      1.093    29.7502   5.854099     0.0441   -20.0000     0.2517 3.4736e+02     2.6089    190.148 0.0000e+00
    619.000      1.094    29.7523   5.854099     0.0441   -80.0000     0.2702 5.1730e+02     2.6060    190.108 0.0000e+00
    619.250      1.100    29.7537   5.854724     0.0367  -110.0000     0.2698 4.1829e+02     2.5959    190.057 0.0000e+00
    619.500      1.100    29.7549   5.854739     0.0367   -80.0000     0.2701 4.8500e+02     2.5730    190.062 0.0000e+00
    619.750      1.067    29.7569   5.855080     0.0294   170.0000     0.1946 4.4702e+02     2.5479    189.853 0.0000e+00
    620.000      1.000    29.7575   5.855530     0.0661    90.0000     0.1947 5.2827e+02     2.5286    189.655 0.0000e+00
    620.250      0.925    29.7548   5.855190     0.0367    90.0000     0.1947 4.2670e+02     2.5143    189.481 0.0000e+00
    620.500      0.871    29.7519   5.854170     0.0441   170.0000     0.1949 8.8135e+02     2.5045    189.632 0.0000e+00
    620.750      0.820    29.7500   5.853988     0.0147    10.0000     0.2087 4.1622e+02     2.5030    189.825 0.0000e+00
    621.000      0.802    29.7500   5.853798     0.0220   140.0000     0.2091 7.7156e+02     2.5035    189.869 0.0000e+00
    621.250      0.849    29.7522   5.854249     0.0441   120.0000     0.2089 7.7793e+02     2.4964    190.115 0.0000e+00
    621.500      0.914    29.7578   5.854961     0.0294  -160.0000     0.1888 6.4754e+02     2.4729    190.445 0.0000e+00
    621.750      0.993    29.7631   5.856290     0.0367   -20.0000     0.1887 8.0411e+02     2.4320    190.944 0.0000e+00
    622.000      1.060    29.7658   5.856361     0.0441  -160.0000     0.1888 4.4078e+02     2.3881    191.445 0.0000e+00
    622.250      1.069    29.7672   5.856242     0.0073    90.0000     0.1981 7.2778e+02     2.3466    191.526 0.0000e+00
    622.500      1.020    29.7711   5.856171     0.0441    90.0000     0.1983 9.9896e+02     2.3143    191.431 0.0000e+00
