cruises/P45_06/L2/CTD/Align_CTD/P45_06_CTD_02_al.cnv
* Sea-Bird SBE19plus  Data File:
* FileName = C:\Users\OA_2023-03\Desktop\Bathymetry\ctd_casts\J3_15_04_25002.hex
* Software version 2.3.0 SB_Terminal.dll
* Temperature SN = 8460
* Conductivity SN = 8460
* System UpLoad Time = Apr 15 2026 17:07:40
* <ApplicationData>
* <SeatermAF>
# nquan = 11
# nvalues = 4648                        
# units = specified
# name 0 = timeS: Time, Elapsed [seconds]
# name 1 = prdM: Pressure, Strain Gauge [db]
# name 2 = tv290C: Temperature [ITS-90, deg C]
# name 3 = c0S/m: Conductivity [S/m]
# name 4 = flECO-AFL: Fluorescence, WET Labs ECO-AFL/FL [mg/m^3]
# name 5 = flECO-AFL1: Fluorescence, WET Labs ECO-AFL/FL, 2 [mg/m^3]
# name 6 = CStarAt0: Beam Attenuation, WET Labs C-Star [1/m]
# name 7 = par/sat/log: PAR/Logarithmic, Satlantic [umol photons/m^2/sec]
# name 8 = sbeox0V: Oxygen raw, SBE 43 [V]
# name 9 = sbeox0Mm/L: Oxygen, SBE 43 [umol/l]
# name 10 = flag:  0.000e+00
# span 0 =      0.000,   1161.750       
# span 1 =     -0.086,    166.180       
# span 2 =    16.1425,    30.5526       
# span 3 =  -0.000099,   5.863078       
# span 4 =   -49.0499,    29.9382       
# span 5 = -2.549e+05, 3.0652e+05       
# span 6 =    -0.1028,    15.9730       
# span 7 = 1.1779e-01, 1.7699e+03       
# span 8 =     1.2862,     2.7244       
# span 9 =     91.170,    231.446       
# span 10 = 0.0000e+00, 0.0000e+00      
# interval = seconds: 0.25
# start_time = Apr 15 2026 15:54:22 [Instrument's time stamp, header]
# bad_flag = -9.990e-29
*END*
[from data line 3148]
    787.000     67.412    19.4096   4.830732     0.3819   340.0000     0.0880 1.2993e+00     1.5700    113.649 0.0000e+00
    787.250     67.224    19.4245   4.832013     0.3599   370.0000     0.0883 1.2982e+00     1.5716    113.726 0.0000e+00
    787.500     67.010    19.4357   4.832814     0.3085   420.0000     0.0861 1.3001e+00     1.5732    113.886 0.0000e+00
    787.750     66.795    19.4438   4.833455     0.3305   250.0000     0.0863 1.3007e+00     1.5745    114.044 0.0000e+00
    788.000     66.586    19.4518   4.833964     0.3893   340.0000     0.0864 1.3623e+00     1.5770    114.346 0.0000e+00
    788.250     66.408    19.4592   4.834926     0.3966   370.0000     0.0871 1.3314e+00     1.5791    114.575 0.0000e+00
    788.500     66.264    19.4674   4.835407     0.3819   250.0000     0.0868 1.3724e+00     1.5817    114.912 0.0000e+00
    788.750     66.159    19.4753   4.836434     0.3819   500.0000     0.0869 1.4455e+00     1.5840    115.056 0.0000e+00
    789.000     66.092    19.4814   4.837264     0.3526   370.0000     0.0866 1.4386e+00     1.5865    115.279 0.0000e+00
    789.250     66.068    19.4883   4.837425     0.3966   390.0000     0.0868 1.4030e+00     1.5889    115.557 0.0000e+00
    789.500     66.064    19.4959   4.838423     0.3673   420.0000     0.0869 1.3632e+00     1.5907    115.827 0.0000e+00
    789.750     66.081    19.4992   4.839319     0.3819   370.0000     0.0862 1.3205e+00     1.5925    115.922 0.0000e+00
    790.000     66.084    19.5013   4.838641     0.3599   500.0000     0.0870 1.3329e+00     1.5946    116.016 0.0000e+00
    790.250     66.048    19.5062   4.839064     0.3232   390.0000     0.0872 1.3843e+00     1.5969    116.100 0.0000e+00
    790.500     65.961    19.5120   4.840055     0.3819   450.0000     0.0868 1.4896e+00     1.5973    116.086 0.0000e+00
    790.750     65.819    19.5188   4.840791     0.3599   390.0000     0.0827 1.5245e+00     1.5991    115.941 0.0000e+00
    791.000     65.624    19.5308   4.841593     0.3746   450.0000     0.0831 1.4768e+00     1.6016    115.909 0.0000e+00
    791.250     65.394    19.5558   4.844072     0.3746   560.0000     0.0831 1.4402e+00     1.6031    115.738 0.0000e+00
    791.500     65.148    19.5882   4.850081     0.3819   280.0000     0.0711 1.4631e+00     1.6050    115.738 0.0000e+00
    791.750     64.888    19.6190   4.854488     0.4040   370.0000     0.0708 1.4723e+00     1.6061    115.734 0.0000e+00
    792.000     64.639    19.6427   4.857612     0.3746   340.0000     0.0706 1.5394e+00     1.6086    115.831 0.0000e+00
    792.250     64.395    19.6615   4.859195     0.3746   370.0000     0.0710 1.5515e+00     1.6099    115.998 0.0000e+00
    792.500     64.186    19.6796   4.860612     0.3819   450.0000     0.0657 1.6324e+00     1.6118    116.230 0.0000e+00
    792.750     64.012    19.6949   4.862963     0.5142   480.0000     0.0654 1.6895e+00     1.6142    116.434 0.0000e+00
    793.000     63.883    19.7060   4.864160     0.4260   420.0000     0.0655 1.7075e+00     1.6161    116.781 0.0000e+00
    793.250     63.797    19.7160   4.864934     0.4113   420.0000     0.0713 1.7265e+00     1.6177    117.112 0.0000e+00
    793.500     63.733    19.7249   4.865190     0.3893   370.0000     0.0712 1.6797e+00     1.6188    117.484 0.0000e+00
    793.750     63.686    19.7286   4.866015     0.4040   340.0000     0.0710 1.6616e+00     1.6208    117.825 0.0000e+00
    794.000     63.650    19.7318   4.865547     0.3819   310.0000     0.0778 1.6888e+00     1.6232    118.169 0.0000e+00
    794.250     63.599    19.7398   4.865971     0.4040   280.0000     0.0775 1.7035e+00     1.6247    118.508 0.0000e+00
    794.500     63.521    19.7513   4.867483     0.3966   480.0000     0.0775 1.7201e+00     1.6261    118.725 0.0000e+00
    794.750     63.414    19.7611   4.869018     0.4113   560.0000     0.0757 1.7543e+00     1.6287    118.905 0.0000e+00
    795.000     63.266    19.7685   4.869580     0.4627   450.0000     0.0743 1.7631e+00     1.6306    119.075 0.0000e+00
    795.250     63.106    19.7755   4.869814     0.3966   530.0000     0.0737 1.7661e+00     1.6306    119.282 0.0000e+00
    795.500     62.948    19.7858   4.870786     0.3966   310.0000     0.0738 1.7981e+00     1.6328    119.205 0.0000e+00
    795.750     62.788    19.8009   4.873081     0.3893   310.0000     0.0659 1.8090e+00     1.6339    119.300 0.0000e+00
    796.000     62.648    19.8163   4.875668     0.3819   280.0000     0.0656 1.8311e+00     1.6354    119.492 0.0000e+00
    796.250     62.534    19.8331   4.878096     0.4187   280.0000     0.0656 1.8366e+00     1.6368    119.585 0.0000e+00
    796.500     62.448    19.8518   4.880626     0.4187   530.0000     0.0590 1.8562e+00     1.6390    119.750 0.0000e+00
    796.750     62.403    19.8683   4.883413     0.4040   420.0000     0.0590 1.8687e+00     1.6402    119.790 0.0000e+00
    797.000     62.386    19.8788   4.885038     0.3819   590.0000     0.0589 1.8748e+00     1.6426    120.030 0.0000e+00
    797.250     62.384    19.8854   4.885103     0.4260   340.0000     0.0575 1.8590e+00     1.6452    120.147 0.0000e+00
    797.500     62.377    19.8924   4.885652     0.3746   480.0000     0.0575 1.8157e+00     1.6479    120.376 0.0000e+00
    797.750     62.354    19.9005   4.886728     0.3893   500.0000     0.0570 1.8606e+00     1.6500    120.634 0.0000e+00
    798.000     62.299    19.9091   4.888118     0.3819   420.0000     0.0570 1.9224e+00     1.6529    120.830 0.0000e+00
    798.250     62.203    19.9171   4.889421     0.3746   370.0000     0.0556 1.9328e+00     1.6555    120.994 0.0000e+00
    798.500     62.066    19.9234   4.890299     0.3746   420.0000     0.0559 1.9395e+00     1.6578    121.080 0.0000e+00
    798.750     61.899    19.9271   4.890753     0.3966   280.0000     0.0561 1.9577e+00     1.6599    121.278 0.0000e+00
    799.000     61.715    19.9313   4.890819     0.3966   340.0000     0.0528 1.9480e+00     1.6614    121.524 0.0000e+00
    799.250     61.530    19.9376   4.891595     0.4187   420.0000     0.0530 1.9606e+00     1.6651    121.674 0.0000e+00
    799.500     61.359    19.9459   4.892993     0.4113   390.0000     0.0532 2.0297e+00     1.6672    121.771 0.0000e+00
    799.750     61.210    19.9618   4.894458     0.4113   420.0000     0.0464 2.0372e+00     1.6691    122.034 0.0000e+00
    800.000     61.077    19.9795   4.898691     0.4187   250.0000     0.0463 2.1057e+00     1.6704    122.242 0.0000e+00
    800.250     60.981    19.9958   4.900779     0.3746   390.0000     0.0466 2.1094e+00     1.6726    122.167 0.0000e+00
    800.500     60.895    20.0090   4.902442     0.3819   590.0000     0.0464 2.0903e+00     1.6747    122.342 0.0000e+00
    800.750     60.819    20.0206   4.903644     0.3746   370.0000     0.0392 2.1103e+00     1.6760    122.367 0.0000e+00
    801.000     60.746    20.0356   4.905022     0.3673   590.0000     0.0392 2.1044e+00     1.6777    122.436 0.0000e+00
    801.250     60.668    20.0552   4.908116     0.4040   310.0000     0.0391 2.1332e+00     1.6800    122.530 0.0000e+00
    801.500     60.570    20.0761   4.911283     0.3746   390.0000     0.0396 2.1048e+00     1.6822    122.713 0.0000e+00
    801.750     60.448    20.0949   4.913799     0.3673   310.0000     0.0397 2.1365e+00     1.6844    122.768 0.0000e+00
    802.000     60.308    20.1092   4.915244     0.3526   340.0000     0.0399 2.1305e+00     1.6887    123.043 0.0000e+00
    802.250     60.139    20.1212   4.916219     0.3893   370.0000     0.0391 2.1875e+00     1.6905    123.389 0.0000e+00
    802.500     59.957    20.1317   4.917224     0.3673   390.0000     0.0387 2.1851e+00     1.6935    123.734 0.0000e+00
    802.750     59.777    20.1406   4.918354     0.3746   370.0000     0.0394 2.2295e+00     1.6968    124.023 0.0000e+00
    803.000     59.614    20.1512   4.919139     0.3526   480.0000     0.0390 2.2758e+00     1.7013    124.409 0.0000e+00
    803.250     59.485    20.1602   4.920996     0.3673   370.0000     0.0394 2.3015e+00     1.7051    124.758 0.0000e+00
    803.500     59.388    20.1683   4.921392     0.3305   310.0000     0.0389 2.3155e+00     1.7080    125.036 0.0000e+00
    803.750     59.332    20.1784   4.922669     0.3746   340.0000     0.0392 2.3468e+00     1.7119    125.267 0.0000e+00
    804.000     59.292    20.1836   4.924049     0.3746   340.0000     0.0382 2.3090e+00     1.7150    125.358 0.0000e+00
    804.250     59.268    20.1897   4.923557     0.3893   340.0000     0.0381 2.3045e+00     1.7184    125.744 0.0000e+00
    804.500     59.239    20.1993   4.925055     0.3452   340.0000     0.0383 2.3544e+00     1.7206    125.948 0.0000e+00
    804.750     59.192    20.2093   4.926722     0.3746   370.0000     0.0376 2.4095e+00     1.7232    126.117 0.0000e+00
    805.000     59.116    20.2185   4.927765     0.3819   310.0000     0.0379 2.4252e+00     1.7255    126.163 0.0000e+00
    805.250     58.992    20.2270   4.928705     0.3599   280.0000     0.0377 2.4106e+00     1.7283    126.324 0.0000e+00
    805.500     58.823    20.2368   4.929586     0.3379   450.0000     0.0396 2.4263e+00     1.7315    126.506 0.0000e+00
    805.750     58.610    20.2511   4.930849     0.2718   370.0000     0.0394 2.4321e+00     1.7338    126.572 0.0000e+00
    806.000     58.376    20.2730   4.933105     0.3526   280.0000     0.0396 2.4612e+00     1.7368    126.671 0.0000e+00
    806.250     58.123    20.2984   4.936360     0.3746   250.0000     0.0409 2.4912e+00     1.7367    126.792 0.0000e+00
    806.500     57.874    20.3233   4.938955     0.3673   560.0000     0.0411 2.5633e+00     1.7408    126.985 0.0000e+00
    806.750     57.636    20.3449   4.941204     0.3819   450.0000     0.0413 2.6025e+00     1.7429    127.197 0.0000e+00
    807.000     57.437    20.3621   4.942645     0.3819   340.0000     0.0417 2.6825e+00     1.7453    127.739 0.0000e+00
    807.250     57.286    20.3738   4.943895     0.3819   390.0000     0.0425 2.7733e+00     1.7473    127.950 0.0000e+00
    807.500     57.185    20.3831   4.943990     0.3526   280.0000     0.0427 2.8760e+00     1.7503    128.332 0.0000e+00
    807.750     57.116    20.3928   4.944711     0.3966   390.0000     0.0428 2.8285e+00     1.7527    128.791 0.0000e+00
    808.000     57.076    20.3995   4.945821     0.3966   450.0000     0.0442 2.7757e+00     1.7555    129.388 0.0000e+00
    808.250     57.050    20.4014   4.946005     0.4040   420.0000     0.0443 2.7128e+00     1.7583    129.923 0.0000e+00
    808.500     57.028    20.4054   4.945468     0.4040   370.0000     0.0443 2.7435e+00     1.7605    130.306 0.0000e+00
    808.750     56.994    20.4140   4.946512     0.3966   480.0000     0.0466 2.8084e+00     1.7618    130.790 0.0000e+00
    809.000     56.932    20.4244   4.947844     0.4554   450.0000     0.0466 2.9129e+00     1.7636    131.127 0.0000e+00
    809.250     56.841    20.4344   4.949050     0.4113   420.0000     0.0473 2.9174e+00     1.7650    131.536 0.0000e+00
    809.500     56.736    20.4434   4.949992     0.3893   480.0000     0.0472 2.9934e+00     1.7670    131.697 0.0000e+00
    809.750     56.638    20.4530   4.950691     0.3746   390.0000     0.0461 3.0038e+00     1.7690    131.856 0.0000e+00
    810.000     56.559    20.4627   4.951773     0.4260   590.0000     0.0463 3.0019e+00     1.7700    131.946 0.0000e+00
    810.250     56.510    20.4716   4.952567     0.4187   420.0000     0.0461 2.9805e+00     1.7732    132.128 0.0000e+00
    810.500     56.483    20.4781   4.953517     0.3966   560.0000     0.0476 2.9010e+00     1.7758    132.409 0.0000e+00
    810.750     56.478    20.4837   4.953590     0.4334   530.0000     0.0480 2.9338e+00     1.7789    132.569 0.0000e+00
    811.000     56.470    20.4906   4.954150     0.3819   370.0000     0.0479 2.9041e+00     1.7812    132.868 0.0000e+00
    811.250     56.465    20.5005   4.955040     0.4113   700.0000     0.0478 2.9960e+00     1.7841    132.727 0.0000e+00
    811.500     56.443    20.5113   4.956498     0.3893   280.0000     0.0477 3.0569e+00     1.7876    133.154 0.0000e+00
    811.750     56.410    20.5203   4.957455     0.4187   610.0000     0.0480 3.1231e+00     1.7928    133.338 0.0000e+00
    812.000     56.374    20.5277   4.958051     0.4627   450.0000     0.0486 3.1694e+00     1.7962    133.548 0.0000e+00
    812.250     56.340    20.5342   4.958515     0.4995   370.0000     0.0480 3.1639e+00     1.8026    133.697 0.0000e+00
    812.500     56.305    20.5398   4.959097     0.4554   670.0000     0.0481 3.1797e+00     1.8083    133.992 0.0000e+00
    812.750     56.267    20.5449   4.959575     0.4627   450.0000     0.0480 3.1360e+00     1.8158    134.266 0.0000e+00
    813.000     56.221    20.5491   4.960017     0.4407   530.0000     0.0492 3.0768e+00     1.8238    134.597 0.0000e+00
    813.250     56.154    20.5538   4.960275     0.4187   500.0000     0.0488 3.1728e+00     1.8327    134.975 0.0000e+00
    813.500     56.067    20.5590   4.960798     0.4040   450.0000     0.0491 3.1935e+00     1.8417    135.151 0.0000e+00
    813.750     55.951    20.5647   4.961416     0.4187   640.0000     0.0513 3.1879e+00     1.8499    135.253 0.0000e+00
    814.000     55.805    20.5722   4.962116     0.4187   340.0000     0.0512 3.2345e+00     1.8561    135.382 0.0000e+00
    814.250     55.641    20.5829   4.963110     0.4113   730.0000     0.0511 3.2331e+00     1.8589    135.428 0.0000e+00
    814.500     55.467    20.5974   4.964591     0.3966   530.0000     0.0525 3.2605e+00     1.8615    135.516 0.0000e+00
    814.750     55.305    20.6203   4.966536     0.4407   560.0000     0.0527 3.3782e+00     1.8624    135.635 0.0000e+00
    815.000     55.161    20.6460   4.970037     0.4701   390.0000     0.0526 3.4588e+00     1.8605    135.598 0.0000e+00
    815.250     55.036    20.6674   4.972617     0.4480   390.0000     0.0585 3.4558e+00     1.8586    135.868 0.0000e+00
    815.500     54.923    20.6888   4.973951     0.5068   500.0000     0.0585 3.4573e+00     1.8544    136.157 0.0000e+00
    815.750     54.812    20.7167   4.976178     0.4848   390.0000     0.0590 3.4912e+00     1.8505    136.539 0.0000e+00
    816.000     54.701    20.7503   4.979851     0.4334   590.0000     0.0587 3.4558e+00     1.8463    136.815 0.0000e+00
    816.250     54.571    20.7893   4.983746     0.4921   560.0000     0.0584 3.5025e+00     1.8423    137.134 0.0000e+00
    816.500     54.431    20.8302   4.988618     0.5288   500.0000     0.0580 3.5760e+00     1.8389    137.513 0.0000e+00
    816.750     54.274    20.8752   4.991851     0.5068   480.0000     0.0581 3.6267e+00     1.8370    138.145 0.0000e+00
    817.000     54.107    20.9108   4.996622     0.5288   480.0000     0.0607 3.7004e+00     1.8340    138.558 0.0000e+00
    817.250     53.943    20.9351   4.997634     0.4627   700.0000     0.0607 3.7641e+00     1.8317    139.336 0.0000e+00
    817.500     53.796    20.9495   4.996806     0.5509   500.0000     0.0613 3.8150e+00     1.8303    140.112 0.0000e+00
    817.750     53.672    20.9535   4.995889     0.5509   560.0000     0.0861 3.8623e+00     1.8294    141.192 0.0000e+00
    818.000     53.565    20.9507   4.992380     0.5362   420.0000     0.0858 3.8590e+00     1.8276    142.425 0.0000e+00
    818.250     53.480    20.9456   4.989817     0.5509   670.0000     0.0862 3.8431e+00     1.8278    143.783 0.0000e+00
    818.500     53.398    20.9392   4.987883     0.5803   500.0000     0.0865 3.8381e+00     1.8262    145.156 0.0000e+00
    818.750     53.314    20.9321   4.986237     0.6023   970.0000     0.0919 3.8858e+00     1.8259    146.386 0.0000e+00
    819.000     53.222    20.9256   4.983890     0.5729   590.0000     0.0920 3.9811e+00     1.8267    147.298 0.0000e+00
    819.250     53.112    20.9211   4.982458     0.6390   950.0000     0.0920 4.0436e+00     1.8262    147.531 0.0000e+00
