cruises/P45_06/L2/CTD/Align_CTD/P45_06_CTD_02_al.cnv
* Sea-Bird SBE19plus  Data File:
* FileName = C:\Users\OA_2023-03\Desktop\Bathymetry\ctd_casts\J3_15_04_25002.hex
* Software version 2.3.0 SB_Terminal.dll
* Temperature SN = 8460
* Conductivity SN = 8460
* System UpLoad Time = Apr 15 2026 17:07:40
* <ApplicationData>
* <SeatermAF>
# nquan = 11
# nvalues = 4648                        
# units = specified
# name 0 = timeS: Time, Elapsed [seconds]
# name 1 = prdM: Pressure, Strain Gauge [db]
# name 2 = tv290C: Temperature [ITS-90, deg C]
# name 3 = c0S/m: Conductivity [S/m]
# name 4 = flECO-AFL: Fluorescence, WET Labs ECO-AFL/FL [mg/m^3]
# name 5 = flECO-AFL1: Fluorescence, WET Labs ECO-AFL/FL, 2 [mg/m^3]
# name 6 = CStarAt0: Beam Attenuation, WET Labs C-Star [1/m]
# name 7 = par/sat/log: PAR/Logarithmic, Satlantic [umol photons/m^2/sec]
# name 8 = sbeox0V: Oxygen raw, SBE 43 [V]
# name 9 = sbeox0Mm/L: Oxygen, SBE 43 [umol/l]
# name 10 = flag:  0.000e+00
# span 0 =      0.000,   1161.750       
# span 1 =     -0.086,    166.180       
# span 2 =    16.1425,    30.5526       
# span 3 =  -0.000099,   5.863078       
# span 4 =   -49.0499,    29.9382       
# span 5 = -2.549e+05, 3.0652e+05       
# span 6 =    -0.1028,    15.9730       
# span 7 = 1.1779e-01, 1.7699e+03       
# span 8 =     1.2862,     2.7244       
# span 9 =     91.170,    231.446       
# span 10 = 0.0000e+00, 0.0000e+00      
# interval = seconds: 0.25
# start_time = Apr 15 2026 15:54:22 [Instrument's time stamp, header]
# bad_flag = -9.990e-29
*END*
[from data line 132]
     33.000      3.244    29.8397   5.836644     0.0294   -50.0000     0.0640 4.4030e+02     2.1836    163.370 0.0000e+00
     33.250      3.332    29.8490   5.837552     0.0441    60.0000     0.0640 4.8816e+02     2.1690    163.698 0.0000e+00
     33.500      3.410    29.8512   5.837694     0.0294   140.0000     0.0641 4.4983e+02     2.1550    162.249 0.0000e+00
     33.750      3.492    29.8385   5.835972     0.0367    60.0000     0.0760 6.4474e+02     2.1427    159.406 0.0000e+00
     34.000      3.617    29.8160   5.831161     0.0220   -20.0000     0.0757 5.9028e+02     2.1305    155.452 0.0000e+00
     34.250      3.806    29.7964   5.825059     0.0220    30.0000     0.0755 5.2770e+02     2.1266    151.811 0.0000e+00
     34.500      4.046    29.7835   5.823189     0.0367    90.0000     0.0614 5.6589e+02     2.1398    149.859 0.0000e+00
     34.750      4.313    29.7738   5.822700     0.0220   230.0000     0.0611 4.3603e+02     2.1723    150.568 0.0000e+00
     35.000      4.588    29.7678   5.822756     0.0220    30.0000     0.0606 4.5266e+02     2.2139    153.999 0.0000e+00
     35.250      4.848    29.7636   5.823301     0.0073  -110.0000     0.0591 4.4422e+02     2.2482    158.144 0.0000e+00
     35.500      5.086    29.7666   5.827453     0.0220    90.0000     0.0595 2.9247e+02     2.2721    161.649 0.0000e+00
     35.750      5.290    29.7800   5.827382     0.0294    60.0000     0.0591 5.4949e+02     2.2857    163.910 0.0000e+00
     36.000      5.468    29.7912   5.828124     0.0220    60.0000     0.0593 8.5877e+02     2.2905    164.419 0.0000e+00
     36.250      5.622    29.7970   5.829032     0.0294    60.0000     0.0575 5.5235e+02     2.2864    163.345 0.0000e+00
     36.500      5.775    29.7878   5.829071     0.0073   -20.0000     0.0570 4.4202e+02     2.2785    161.398 0.0000e+00
     36.750      5.935    29.7555   5.827792     0.0441  -110.0000     0.0572 2.7792e+02     2.2679    158.702 0.0000e+00
     37.000      6.086    29.7249   5.826411     0.0147   200.0000     0.0611 3.1276e+02     2.2560    155.698 0.0000e+00
     37.250      6.237    29.7029   5.827872     0.0220    90.0000     0.0616 3.7859e+02     2.2400    152.990 0.0000e+00
     37.500      6.373    29.6874   5.831616     0.0367    90.0000     0.0614 4.2514e+02     2.2232    150.789 0.0000e+00
     37.750      6.513    29.6860   5.832532     0.0367   120.0000     0.0611 3.4736e+02     2.2066    149.366 0.0000e+00
     38.000      6.644    29.6751   5.831166     0.0220   120.0000     0.0615 3.8620e+02     2.1919    148.320 0.0000e+00
     38.250      6.782    29.6316   5.824763     0.0367    60.0000     0.0618 5.1140e+02     2.1897    146.980 0.0000e+00
     38.500      6.959    29.5566   5.810217     0.0441   170.0000     0.0614 5.2679e+02     2.2020    145.730 0.0000e+00
     38.750      7.160    29.4784   5.792229     0.0220    30.0000     0.0626 4.0687e+02     2.2245    144.768 0.0000e+00
     39.000      7.389    29.4151   5.781794     0.0441    10.0000     0.0622 2.9565e+02     2.2531    143.845 0.0000e+00
     39.250      7.611    29.3701   5.776683     0.0073    30.0000     0.0625 2.8136e+02     2.2782    143.825 0.0000e+00
     39.500      7.838    29.3387   5.773939     0.0294    60.0000     0.0620 2.6006e+02     2.2921    145.822 0.0000e+00
     39.750      8.058    29.3160   5.772903     0.0441   230.0000     0.0621 3.0660e+02     2.2944    150.289 0.0000e+00
     40.000      8.262    29.3004   5.773391     0.0294    60.0000     0.0629 3.6603e+02     2.2818    156.327 0.0000e+00
     40.250      8.448    29.2892   5.772463     0.0367   170.0000     0.0655 3.7306e+02     2.2657    162.030 0.0000e+00
     40.500      8.618    29.2815   5.773054     0.0294   200.0000     0.0655 3.4355e+02     2.2450    166.540 0.0000e+00
     40.750      8.782    29.2757   5.773533     0.0367    10.0000     0.0657 3.2800e+02     2.2226    169.482 0.0000e+00
     41.000      8.933    29.2708   5.774092     0.0294   140.0000     0.0650 3.2850e+02     2.1971    170.689 0.0000e+00
     41.250      9.066    29.2671   5.774721     0.0441    90.0000     0.0646 3.1946e+02     2.1710    169.905 0.0000e+00
     41.500      9.186    29.2666   5.775280     0.0367   -50.0000     0.0647 2.7487e+02     2.1453    167.673 0.0000e+00
     41.750      9.295    29.2690   5.776019     0.0294    90.0000     0.0651 2.7834e+02     2.1221    164.519 0.0000e+00
     42.000      9.406    29.2677   5.776318     0.0514   200.0000     0.0669 3.3721e+02     2.1013    161.172 0.0000e+00
     42.250      9.520    29.2653   5.774132     0.0367   250.0000     0.0663 2.7386e+02     2.0838    157.778 0.0000e+00
     42.500      9.671    29.2639   5.771757     0.0220   200.0000     0.0668 2.5983e+02     2.0680    154.725 0.0000e+00
     42.750      9.835    29.2570   5.768464     0.0441    90.0000     0.0646 2.7582e+02     2.0542    152.100 0.0000e+00
     43.000     10.031    29.2476   5.766067     0.0441   230.0000     0.0648 2.0164e+02     2.0428    150.036 0.0000e+00
     43.250     10.242    29.2390   5.764441     0.0441  -130.0000     0.0646 1.3607e+02     2.0347    149.709 0.0000e+00
     43.500     10.444    29.2403   5.764142     0.0367   200.0000     0.0753 1.2016e+02     2.0295    151.388 0.0000e+00
     43.750     10.524    29.2579   5.769652     0.0220   170.0000     0.0751 1.3230e+02     2.0252    154.682 0.0000e+00
     44.000     10.551    29.2728   5.771240     0.0367   -20.0000     0.0751 1.2938e+02     2.0230    159.146 0.0000e+00
     44.250     10.546    29.2810   5.773354     0.0220   120.0000     0.0750 1.1552e+02     2.0238    163.528 0.0000e+00
     44.500     10.533    29.2863   5.775351     0.0294   -50.0000     0.0644 1.0462e+02     2.0248    166.651 0.0000e+00
     44.750     10.495    29.2928   5.776609     0.0294   200.0000     0.0647 1.0597e+02     2.0237    168.050 0.0000e+00
     45.000     10.466    29.3018   5.777128     0.0294   200.0000     0.0644 1.0458e+02     2.0195    167.010 0.0000e+00
     45.250     10.431    29.3066   5.778355     0.0367   -20.0000     0.0654 1.0395e+02     2.0148    164.531 0.0000e+00
     45.500     10.413    29.3085   5.779134     0.0514    60.0000     0.0651 1.0392e+02     2.0162    160.754 0.0000e+00
     45.750     10.417    29.3025   5.777757     0.0441   -80.0000     0.0660 1.0951e+02     2.0270    156.404 0.0000e+00
     46.000     10.440    29.2919   5.776278     0.0367   230.0000     0.2605 1.2308e+02     2.0452    151.738 0.0000e+00
     46.250     10.475    29.2842   5.775052     0.0220   200.0000     0.2609 1.3914e+02     2.0667    147.357 0.0000e+00
     46.500     10.517    29.2781   5.775760     0.0367   230.0000     0.2606 1.8073e+02     2.0852    143.561 0.0000e+00
     46.750     10.558    29.2712   5.779653     0.0367   200.0000     0.2609 1.8803e+02     2.0942    140.548 0.0000e+00
     47.000     10.597    29.2830   5.782431     0.0147    90.0000     0.0619 1.5524e+02     2.0934    138.278 0.0000e+00
     47.250     10.626    29.3095   5.783210     0.0441   140.0000     0.0618 1.3926e+02     2.0890    136.628 0.0000e+00
     47.500     10.655    29.3357   5.783878     0.0441   170.0000     0.0623 1.3239e+02     2.0874    135.396 0.0000e+00
     47.750     10.675    29.3571   5.783917     0.0294    60.0000     0.0624 1.4292e+02     2.0807    134.541 0.0000e+00
     48.000     10.676    29.3751   5.783728     0.0294   120.0000     0.0624 1.8023e+02     2.0740    134.069 0.0000e+00
     48.250     10.662    29.3925   5.783877     0.0441    30.0000     0.0632 2.0060e+02     2.0727    134.016 0.0000e+00
     48.500     10.627    29.4051   5.783916     0.0441   170.0000     0.0648 1.9024e+02     2.0734    134.290 0.0000e+00
     48.750     10.582    29.4123   5.784285     0.0294  -130.0000     0.0645 2.0965e+02     2.0718    134.624 0.0000e+00
     49.000     10.518    29.4174   5.785363     0.0367   140.0000     0.0644 1.8930e+02     2.0674    135.117 0.0000e+00
     49.250     10.467    29.4188   5.786512     0.0441    90.0000     0.0670 1.8987e+02     2.0587    135.899 0.0000e+00
     49.500     10.433    29.4163   5.785654     0.0367    10.0000     0.0667 1.9745e+02     2.0565    136.675 0.0000e+00
     49.750     10.431    29.3920   5.784175     0.0367   -20.0000     0.0673 1.7383e+02     2.0769    137.147 0.0000e+00
     50.000     10.462    29.3573   5.780091     0.0441   200.0000     0.0669 1.7840e+02     2.1141    137.138 0.0000e+00
     50.250     10.524    29.3242   5.773312     0.0367   120.0000     0.0745 1.9210e+02     2.1624    136.919 0.0000e+00
     50.500     10.615    29.2995   5.770318     0.0514   140.0000     0.0742 2.2053e+02     2.2039    137.225 0.0000e+00
     50.750     10.711    29.2843   5.769501     0.0441   140.0000     0.0743 2.0901e+02     2.2345    138.577 0.0000e+00
     51.000     10.804    29.2733   5.770468     0.0294    10.0000     0.0611 2.1220e+02     2.2474    140.870 0.0000e+00
     51.250     10.880    29.2698   5.778316     0.0441   -50.0000     0.0612 1.9239e+02     2.2495    143.698 0.0000e+00
     51.500     10.940    29.3033   5.784248     0.0441   170.0000     0.0613 1.7883e+02     2.2422    146.427 0.0000e+00
     51.750     10.958    29.3492   5.786995     0.0294   120.0000     0.0602 1.6633e+02     2.2276    148.179 0.0000e+00
     52.000     10.955    29.3837   5.785956     0.0441   230.0000     0.0608 1.6586e+02     2.2082    148.556 0.0000e+00
     52.250     10.909    29.4054   5.785475     0.0294   170.0000     0.0603 1.9428e+02     2.1884    148.014 0.0000e+00
     52.500     10.836    29.4192   5.786584     0.0367   170.0000     0.0607 2.0793e+02     2.1698    147.222 0.0000e+00
     52.750     10.731    29.4302   5.787221     0.0367    90.0000     0.0622 2.1816e+02     2.1542    145.510 0.0000e+00
     53.000     10.611    29.4353   5.789188     0.0367    90.0000     0.0624 2.0309e+02     2.1519    143.616 0.0000e+00
     53.250     10.486    29.4377   5.789220     0.0514    90.0000     0.0620 1.7976e+02     2.1674    142.441 0.0000e+00
     53.500     10.369    29.4273   5.785394     0.0514    90.0000     0.0674 1.9169e+02     2.1915    141.910 0.0000e+00
     53.750     10.289    29.3897   5.784324     0.0514    90.0000     0.0673 1.9956e+02     2.2171    141.572 0.0000e+00
     54.000     10.264    29.3412   5.775796     0.0441    90.0000     0.0674 2.1006e+02     2.2426    141.250 0.0000e+00
     54.250     10.296    29.2985   5.767094     0.0367    60.0000     0.0663 2.1024e+02     2.2583    140.532 0.0000e+00
     54.500     10.382    29.2677   5.763732     0.0441   170.0000     0.0660 2.0757e+02     2.2627    140.417 0.0000e+00
     54.750     10.513    29.2486   5.762554     0.0220   170.0000     0.0656 1.9177e+02     2.2561    142.915 0.0000e+00
     55.000     10.655    29.2373   5.762296     0.0294   120.0000     0.0664 1.7860e+02     2.2471    147.605 0.0000e+00
     55.250     10.778    29.2313   5.763773     0.0367    90.0000     0.0627 1.4979e+02     2.2393    153.950 0.0000e+00
     55.500     10.860    29.2382   5.767357     0.0441    30.0000     0.0627 1.5168e+02     2.2273    160.017 0.0000e+00
     55.750     10.884    29.2517   5.767506     0.0367    90.0000     0.0631 1.6454e+02     2.2103    165.050 0.0000e+00
     56.000     10.849    29.2701   5.769951     0.0367   200.0000     0.0669 1.7107e+02     2.1917    167.791 0.0000e+00
     56.250     10.760    29.3000   5.775981     0.0441  -110.0000     0.0673 1.9878e+02     2.1716    168.505 0.0000e+00
     56.500     10.634    29.3170   5.777837     0.0441   170.0000     0.0671 1.8521e+02     2.1482    167.032 0.0000e+00
     56.750     10.498    29.3269   5.778237     0.0367  -160.0000     0.0666 1.7572e+02     2.1282    163.536 0.0000e+00
     57.000     10.371    29.3274   5.775421     0.0294   140.0000     0.0669 1.4982e+02     2.1170    158.896 0.0000e+00
     57.250     10.293    29.3108   5.773502     0.0294   140.0000     0.0665 1.3199e+02     2.1197    154.111 0.0000e+00
     57.500     10.256    29.2851   5.769391     0.0294   120.0000     0.0657 1.3815e+02     2.1423    149.942 0.0000e+00
     57.750     10.271    29.2623   5.764510     0.0294   140.0000     0.0657 1.4947e+02     2.1765    146.816 0.0000e+00
     58.000     10.336    29.2455   5.762445     0.0367    30.0000     0.0661 1.7576e+02     2.2089    145.921 0.0000e+00
     58.250     10.438    29.2366   5.762115     0.0294    10.0000     0.0656 1.6967e+02     2.2299    147.745 0.0000e+00
     58.500     10.558    29.2312   5.762257     0.0661   -20.0000     0.0619 1.3669e+02     2.2384    151.334 0.0000e+00
     58.750     10.671    29.2282   5.763255     0.0441   140.0000     0.0623 1.2493e+02     2.2366    155.691 0.0000e+00
     59.000     10.762    29.2321   5.767726     0.0367   140.0000     0.0626 1.1665e+02     2.2271    160.307 0.0000e+00
     59.250     10.814    29.2445   5.767357     0.0661   -20.0000     0.0626 1.4077e+02     2.2132    163.781 0.0000e+00
     59.500     10.829    29.2564   5.767137     0.0441    10.0000     0.0624 1.6365e+02     2.1981    165.497 0.0000e+00
     59.750     10.800    29.2729   5.769911     0.0220   250.0000     0.0628 1.7898e+02     2.1824    165.139 0.0000e+00
     60.000     10.742    29.2951   5.773166     0.0147    90.0000     0.0642 1.8545e+02     2.1648    163.519 0.0000e+00
     60.250     10.651    29.3108   5.774313     0.0441   140.0000     0.0642 1.7304e+02     2.1514    161.289 0.0000e+00
     60.500     10.551    29.3199   5.775170     0.0367    30.0000     0.0641 1.6418e+02     2.1481    158.370 0.0000e+00
     60.750     10.453    29.3234   5.775240     0.0514    60.0000     0.0636 1.4863e+02     2.1527    154.980 0.0000e+00
     61.000     10.371    29.3177   5.773204     0.0367    10.0000     0.0645 1.5093e+02     2.1614    151.646 0.0000e+00
     61.250     10.329    29.2975   5.771725     0.0441    60.0000     0.0643 1.5136e+02     2.1668    148.559 0.0000e+00
     61.500     10.334    29.2720   5.766836     0.0220    30.0000     0.0642 1.5080e+02     2.1695    145.498 0.0000e+00
     61.750     10.396    29.2529   5.762884     0.0294   -20.0000     0.0643 1.5038e+02     2.1656    143.053 0.0000e+00
     62.000     10.513    29.2392   5.761926     0.0441   170.0000     0.0644 1.6795e+02     2.1534    141.695 0.0000e+00
     62.250     10.644    29.2304   5.761298     0.0147   120.0000     0.0643 1.6633e+02     2.1408    142.154 0.0000e+00
     62.500     10.771    29.2249   5.761817     0.0294   200.0000     0.0647 1.3601e+02     2.1329    145.374 0.0000e+00
     62.750     10.864    29.2269   5.765102     0.0367   230.0000     0.0646 1.5791e+02     2.1234    150.561 0.0000e+00
     63.000     10.905    29.2385   5.765330     0.0220   200.0000     0.0644 1.8242e+02     2.1170    156.087 0.0000e+00
     63.250     10.894    29.2519   5.766878     0.0955   140.0000     0.0644 1.8046e+02     2.1141    160.500 0.0000e+00
     63.500     10.831    29.2688   5.769911     0.0367   230.0000     0.0621 1.6894e+02     2.1091    163.181 0.0000e+00
     63.750     10.727    29.2853   5.771538     0.0294   200.0000     0.0621 1.7775e+02     2.1023    163.902 0.0000e+00
     64.000     10.624    29.2952   5.771907     0.0367   170.0000     0.0624 1.9310e+02     2.0905    162.733 0.0000e+00
     64.250     10.533    29.2937   5.770979     0.0441    10.0000     0.0634 1.9169e+02     2.0858    160.056 0.0000e+00
     64.500     10.478    29.2817   5.769949     0.0441   200.0000     0.0633 1.7898e+02     2.0985    156.543 0.0000e+00
     64.750     10.473    29.2652   5.766955     0.0073   230.0000     0.0633 1.5987e+02     2.1216    152.873 0.0000e+00
     65.000     10.500    29.2505   5.764330     0.0367   170.0000     0.0661 1.4966e+02     2.1442    149.355 0.0000e+00
     65.250     10.553    29.2393   5.762814     0.0441    90.0000     0.0659 1.4172e+02     2.1588    146.858 0.0000e+00
