cruises/P45_06/L2/CTD/Align_CTD/P45_06_CTD_03_al.cnv
* Sea-Bird SBE19plus  Data File:
* FileName = C:\Users\OA_2023-03\Desktop\Bathymetry\ctd_casts\P1_16_04_25001.hex
* Software version 2.3.0 SB_Terminal.dll
* Temperature SN = 8460
* Conductivity SN = 8460
* System UpLoad Time = Apr 16 2026 12:24:13
* <ApplicationData>
* <SeatermAF>
** cast
# nquan = 11
# nvalues = 2764                        
# units = specified
# name 0 = timeS: Time, Elapsed [seconds]
# name 1 = prdM: Pressure, Strain Gauge [db]
# name 2 = tv290C: Temperature [ITS-90, deg C]
# name 3 = c0S/m: Conductivity [S/m]
# name 4 = flECO-AFL: Fluorescence, WET Labs ECO-AFL/FL [mg/m^3]
# name 5 = flECO-AFL1: Fluorescence, WET Labs ECO-AFL/FL, 2 [mg/m^3]
# name 6 = CStarAt0: Beam Attenuation, WET Labs C-Star [1/m]
# name 7 = par/sat/log: PAR/Logarithmic, Satlantic [umol photons/m^2/sec]
# name 8 = sbeox0V: Oxygen raw, SBE 43 [V]
# name 9 = sbeox0Mm/L: Oxygen, SBE 43 [umol/l]
# name 10 = flag:  0.000e+00
# span 0 =      0.000,    690.750       
# span 1 =     -0.081,     39.130       
# span 2 =    21.6180,    29.5159       
# span 3 =  -0.542794,   5.834018       
# span 4 =   -61.8743,    29.9382       
# span 5 = -3.277e+05, 56360.0000       
# span 6 =    -0.1131,    23.3755       
# span 7 = 3.4793e+01, 3.9562e+03       
# span 8 =     1.8443,     2.4954       
# span 9 =    129.739,    190.088       
# span 10 = 0.0000e+00, 0.0000e+00      
# interval = seconds: 0.25
# start_time = Apr 16 2026 11:16:12 [Instrument's time stamp, header]
# bad_flag = -9.990e-29
*END*
[from data line 1574]
    393.500     25.760    26.0678   5.486480     0.5068   390.0000     0.1670 1.4789e+02     2.4044    187.092 0.0000e+00
    393.750     26.042    25.9114   5.465252     0.3673   420.0000     0.1874 1.2144e+02     2.4081    187.478 0.0000e+00
    394.000     26.300    25.8079   5.457971     0.3746   370.0000     0.1874 1.2260e+02     2.4112    187.334 0.0000e+00
    394.250     26.520    25.7211   5.454261     0.4848   480.0000     0.1872 1.4558e+02     2.4101    186.718 0.0000e+00
    394.500     26.682    25.6411   5.447706     0.4040   370.0000     0.1870 1.6785e+02     2.4097    185.767 0.0000e+00
    394.750     26.744    25.5961   5.440134     0.4480   390.0000     0.2058 1.7744e+02     2.4077    184.916 0.0000e+00
    395.000     26.717    25.5757   5.442527     0.4480   390.0000     0.2060 1.7729e+02     2.4047    184.023 0.0000e+00
    395.250     26.650    25.5737   5.441922     0.4407   590.0000     0.2058 1.7941e+02     2.4001    182.956 0.0000e+00
    395.500     26.566    25.6016   5.443670     0.4921   590.0000     0.2078 1.7546e+02     2.3956    181.962 0.0000e+00
    395.750     26.506    25.6242   5.450171     0.5729   370.0000     0.2082 1.8023e+02     2.3925    181.636 0.0000e+00
    396.000     26.502    25.6313   5.450063     0.4187   480.0000     0.2078 1.8109e+02     2.3873    181.548 0.0000e+00
    396.250     26.575    25.6212   5.448552     0.4627   310.0000     0.2125 1.7887e+02     2.3831    181.946 0.0000e+00
    396.500     26.739    25.5624   5.445455     0.4848   390.0000     0.2123 1.6415e+02     2.3784    182.421 0.0000e+00
    396.750     26.971    25.4956   5.433487     0.4334   420.0000     0.2124 1.5168e+02     2.3739    182.949 0.0000e+00
    397.000     27.220    25.4038   5.428802     0.3232   230.0000     0.2133 1.3435e+02     2.3698    183.313 0.0000e+00
    397.250     27.480    25.2883   5.416866     0.3305   390.0000     0.2141 1.1789e+02     2.3652    183.405 0.0000e+00
    397.500     27.742    25.1958   5.402223     0.4187   310.0000     0.2138 1.0779e+02     2.3571    183.731 0.0000e+00
    397.750     27.977    25.1357   5.398108     0.4774   500.0000     0.2139 1.0703e+02     2.3494    184.252 0.0000e+00
    398.000     28.204    25.0875   5.395666     0.5435   390.0000     0.2040 1.1373e+02     2.3406    185.158 0.0000e+00
    398.250     28.402    25.0418   5.391705     0.5803   670.0000     0.2033 1.2783e+02     2.3298    186.201 0.0000e+00
    398.500     28.539    24.9942   5.387119     0.6611  1030.0000     0.2038 1.3935e+02     2.3172    187.219 0.0000e+00
    398.750     28.631    24.9519   5.381841     0.6757   750.0000     0.2048 1.4364e+02     2.3037    188.183 0.0000e+00
    399.000     28.700    24.9221   5.378952     0.7345   610.0000     0.2054 1.4423e+02     2.2901    189.053 0.0000e+00
    399.250     28.751    24.8971   5.377832     0.7345   860.0000     0.2046 1.4410e+02     2.2769    189.275 0.0000e+00
    399.500     28.802    24.8787   5.375225     0.7272  1000.0000     0.2076 1.4111e+02     2.2631    189.269 0.0000e+00
    399.750     28.868    24.8682   5.365746     0.7492   860.0000     0.2073 1.4056e+02     2.2479    188.898 0.0000e+00
    400.000     28.975    24.8594   5.374387     0.7492  1140.0000     0.2073 1.3752e+02     2.2319    188.085 0.0000e+00
    400.250     29.120    24.8424   5.373435     0.7786   700.0000     0.2076 1.2983e+02     2.2177    187.109 0.0000e+00
    400.500     29.313    24.8131   5.369998     0.8153  1060.0000     0.2159 1.1507e+02     2.2098    186.191 0.0000e+00
    400.750     29.522    24.7836   5.365610     0.8594  1030.0000     0.2159 1.0460e+02     2.2064    185.543 0.0000e+00
    401.000     29.740    24.7557   5.363296     1.0063  1140.0000     0.2158 9.8217e+01     2.2067    184.771 0.0000e+00
    401.250     29.964    24.7220   5.360357     0.9034  1140.0000     0.2385 9.9802e+01     2.2106    184.236 0.0000e+00
    401.500     30.171    24.6795   5.355737     0.9255  1140.0000     0.2388 1.0117e+02     2.2188    183.693 0.0000e+00
    401.750     30.357    24.6193   5.350883     0.9548  1060.0000     0.2387 1.0654e+02     2.2233    183.262 0.0000e+00
    402.000     30.497    24.5330   5.341795     1.0283  1140.0000     0.2571 1.0770e+02     2.2307    182.987 0.0000e+00
    402.250     30.600    24.4325   5.328674     1.0503  1670.0000     0.2571 1.0775e+02     2.2393    182.758 0.0000e+00
    402.500     30.684    24.3412   5.318852     1.0577  1280.0000     0.2567 1.0585e+02     2.2468    182.108 0.0000e+00
    402.750     30.759    24.2841   5.311571     1.0136  1220.0000     0.2575 1.0361e+02     2.2544    181.432 0.0000e+00
    403.000     30.851    24.2487   5.311406     1.0136  1170.0000     0.2562 1.0004e+02     2.2600    180.535 0.0000e+00
    403.250     30.977    24.2111   5.310194     1.0283  1170.0000     0.2572 9.7098e+01     2.2650    179.232 0.0000e+00
    403.500     31.144    24.1552   5.304766     1.0063  1140.0000     0.2564 9.4446e+01     2.2671    177.642 0.0000e+00
    403.750     31.346    24.0519   5.296856     1.0136  1170.0000     0.2597 9.1134e+01     2.2657    175.879 0.0000e+00
    404.000     31.562    23.8753   5.281013     0.9916  1140.0000     0.2594 9.0056e+01     2.2623    174.206 0.0000e+00
    404.250     31.782    23.7089   5.253275     0.9034  1030.0000     0.2600 8.6373e+01     2.2560    172.810 0.0000e+00
    404.500     31.988    23.5706   5.243862     0.8520  1170.0000     0.3015 8.4947e+01     2.2474    171.477 0.0000e+00
    404.750     32.166    23.4683   5.235593     0.7786   890.0000     0.3012 8.3887e+01     2.2366    169.959 0.0000e+00
    405.000     32.308    23.3944   5.230878     0.7712  1030.0000     0.3013 8.2021e+01     2.2233    168.306 0.0000e+00
    405.250     32.419    23.3366   5.227927     0.7712  1110.0000     0.3149 8.0492e+01     2.2119    166.864 0.0000e+00
    405.500     32.495    23.2981   5.223756     0.8226   970.0000     0.3150 8.0701e+01     2.2014    166.310 0.0000e+00
    405.750     32.555    23.2687   5.222809     0.7712  1000.0000     0.3151 8.2716e+01     2.1917    166.499 0.0000e+00
    406.000     32.597    23.2423   5.220844     0.8006  1000.0000     0.3151 8.5870e+01     2.1847    167.364 0.0000e+00
    406.250     32.644    23.2239   5.218812     0.7712  1060.0000     0.3029 8.6936e+01     2.1768    168.938 0.0000e+00
    406.500     32.715    23.2143   5.218203     0.7712   860.0000     0.3031 8.7748e+01     2.1709    171.304 0.0000e+00
    406.750     32.821    23.2058   5.218204     0.6904   640.0000     0.3024 8.4288e+01     2.1658    173.326 0.0000e+00
    407.000     32.971    23.1801   5.217120     0.7125   860.0000     0.3067 7.9781e+01     2.1591    175.588 0.0000e+00
    407.250     33.159    23.1188   5.212147     0.7492  1030.0000     0.3068 7.5271e+01     2.1543    177.776 0.0000e+00
    407.500     33.364    23.0244   5.199621     0.8373   970.0000     0.3076 6.8852e+01     2.1461    179.593 0.0000e+00
    407.750     33.586    22.9358   5.185630     0.8594  1110.0000     0.2632 6.4011e+01     2.1371    181.220 0.0000e+00
    408.000     33.810    22.8703   5.180026     0.8447  1110.0000     0.2622 6.1820e+01     2.1275    182.373 0.0000e+00
    408.250     34.028    22.8234   5.176007     0.8814  1140.0000     0.2627 6.1115e+01     2.1184    183.186 0.0000e+00
    408.500     34.221    22.7906   5.173496     0.8961  1060.0000     0.2630 6.1261e+01     2.1088    183.376 0.0000e+00
    408.750     34.390    22.7649   5.171254     0.9255  1090.0000     0.2108 6.0970e+01     2.0985    182.993 0.0000e+00
    409.000     34.533    22.7434   5.169111     0.8741   950.0000     0.2101 6.1261e+01     2.0942    182.053 0.0000e+00
    409.250     34.646    22.7258   5.167170     0.9548  1060.0000     0.2101 6.2465e+01     2.0885    180.582 0.0000e+00
    409.500     34.735    22.7139   5.166069     0.9255  1090.0000     0.2148 6.4080e+01     2.0820    178.709 0.0000e+00
    409.750     34.815    22.7057   5.165702     0.8887   950.0000     0.2154 6.6122e+01     2.0775    176.478 0.0000e+00
    410.000     34.884    22.6994   5.165230     0.8814  1110.0000     0.2154 6.6726e+01     2.0717    173.938 0.0000e+00
    410.250     34.964    22.6946   5.164631     0.8814  1110.0000     0.2134 6.5638e+01     2.0643    171.697 0.0000e+00
    410.500     35.072    22.6882   5.164301     0.8741   840.0000     0.2133 6.3914e+01     2.0590    169.786 0.0000e+00
    410.750     35.233    22.6629   5.163193     0.8741  1000.0000     0.2134 5.8985e+01     2.0511    168.247 0.0000e+00
    411.000     35.444    22.6076   5.156991     0.7933   970.0000     0.2171 5.2869e+01     2.0427    167.352 0.0000e+00
    411.250     35.682    22.5294   5.147193     0.8667   920.0000     0.2177 4.6383e+01     2.0325    166.685 0.0000e+00
    411.500     35.917    22.4702   5.136731     0.8373  1060.0000     0.2171 4.2750e+01     2.0218    166.544 0.0000e+00
    411.750     36.152    22.4354   5.134901     0.7859  1030.0000     0.2169 4.2355e+01     2.0115    166.651 0.0000e+00
    412.000     36.366    22.4147   5.134341     0.8373   950.0000     0.2213 4.4970e+01     2.0025    166.542 0.0000e+00
    412.250     36.541    22.4021   5.133976     0.8373  1090.0000     0.2215 4.8918e+01     1.9929    166.513 0.0000e+00
    412.500     36.670    22.3949   5.133610     0.7712   860.0000     0.2212 5.1192e+01     1.9841    165.928 0.0000e+00
    412.750     36.768    22.3909   5.133117     0.8373   840.0000     0.2250 5.1392e+01     1.9780    165.059 0.0000e+00
    413.000     36.837    22.3890   5.133147     0.8594  1030.0000     0.2252 5.0850e+01     1.9710    163.927 0.0000e+00
    413.250     36.913    22.3865   5.133117     0.8594  1110.0000     0.2250 5.0445e+01     1.9660    162.795 0.0000e+00
    413.500     36.999    22.3837   5.132452     0.7492   970.0000     0.2221 5.0086e+01     1.9605    161.503 0.0000e+00
    413.750     37.095    22.3799   5.132078     0.8373   970.0000     0.2225 4.9826e+01     1.9552    160.106 0.0000e+00
    414.000     37.215    22.3746   5.131428     0.7565  1000.0000     0.2228 4.8235e+01     1.9496    159.594 0.0000e+00
    414.250     37.352    22.3644   5.130397     0.7859   810.0000     0.2219 4.5914e+01     1.9429    159.071 0.0000e+00
    414.500     37.483    22.3346   5.128477     0.7933  1110.0000     0.2222 4.4180e+01     1.9371    158.628 0.0000e+00
    414.750     37.583    22.2944   5.121397     0.8447   810.0000     0.2227 4.3799e+01     1.9316    158.554 0.0000e+00
    415.000     37.690    22.2603   5.116867     0.8667  1000.0000     0.2225 4.3695e+01     1.9261    158.380 0.0000e+00
    415.250     37.783    22.2226   5.115121     0.8520  1060.0000     0.2251 4.3789e+01     1.9198    157.929 0.0000e+00
    415.500     37.866    22.1777   5.109713     0.8961  1000.0000     0.2252 4.3960e+01     1.9149    157.680 0.0000e+00
    415.750     37.924    22.1384   5.104471     0.8153  1000.0000     0.2252 4.4419e+01     1.9086    156.997 0.0000e+00
    416.000     37.923    22.1201   5.101937     0.8814  1090.0000     0.2336 4.5765e+01     1.9039    156.029 0.0000e+00
    416.250     37.890    22.1166   5.103913     0.8226  1000.0000     0.2336 4.7367e+01     1.8982    154.780 0.0000e+00
    416.500     37.861    22.1058   5.103913     0.8373  1000.0000     0.2342 4.6949e+01     1.8930    153.370 0.0000e+00
    416.750     37.855    22.0943   5.101408     0.8300   970.0000     0.2619 4.5974e+01     1.8878    151.917 0.0000e+00
    417.000     37.875    22.0835   5.100626     0.8814  1000.0000     0.2617 4.4931e+01     1.8816    150.719 0.0000e+00
    417.250     37.913    22.0703   5.099508     0.8814   970.0000     0.2619 4.4371e+01     1.8765    149.518 0.0000e+00
    417.500     37.964    22.0470   5.097765     0.8447   920.0000     0.2759 4.4400e+01     1.8722    148.453 0.0000e+00
    417.750     38.017    22.0205   5.093556     0.9695  1060.0000     0.2759 4.4990e+01     1.8677    147.941 0.0000e+00
    418.000     38.081    21.9952   5.090733     0.8594  1060.0000     0.2755 4.4708e+01     1.8652    147.462 0.0000e+00
    418.250     38.144    21.9616   5.089043     0.8741  1140.0000     0.2755 4.4075e+01     1.8621    147.332 0.0000e+00
    418.500     38.197    21.9232   5.083885     0.7786   890.0000     0.2757 4.3318e+01     1.8598    147.210 0.0000e+00
    418.750     38.228    21.8918   5.079822     0.8814  1090.0000     0.2761 4.2834e+01     1.8575    147.099 0.0000e+00
    419.000     38.255    21.8635   5.077896     0.8814  1170.0000     0.2762 4.2658e+01     1.8584    146.887 0.0000e+00
    419.250     38.297    21.8418   5.075092     0.8814  1060.0000     0.2862 4.1908e+01     1.8549    146.456 0.0000e+00
    419.500     38.361    21.8267   5.073940     0.8594   950.0000     0.2866 4.1144e+01     1.8541    146.026 0.0000e+00
    419.750     38.448    21.8099   5.073635     0.8594   860.0000     0.2865 4.0640e+01     1.8523    145.502 0.0000e+00
    420.000     38.561    21.7829   5.071264     0.9842   970.0000     0.2915 4.0316e+01     1.8524    144.988 0.0000e+00
    420.250     38.672    21.7498   5.066952     0.7492  1000.0000     0.2920 3.9986e+01     1.8514    144.343 0.0000e+00
    420.500     38.768    21.7124   5.063170     0.8447   920.0000     0.2920 4.0064e+01     1.8507    143.912 0.0000e+00
    420.750     38.832    21.6864   5.058543     0.8079  1000.0000     0.2927 4.0816e+01     1.8488    143.329 0.0000e+00
    421.000     38.863    21.6726   5.058447     0.8667  1060.0000     0.3062 4.1260e+01     1.8474    142.948 0.0000e+00
    421.250     38.850    21.6691   5.058321     0.8300  1030.0000     0.3065 4.1745e+01     1.8459    142.457 0.0000e+00
    421.500     38.814    21.6674   5.059688     0.8594  1090.0000     0.3066 4.2144e+01     1.8449    141.954 0.0000e+00
    421.750     38.768    21.6634   5.059027     0.8153  1090.0000     0.3175 4.2291e+01     1.8443    141.438 0.0000e+00
    422.000     38.721    21.6611   5.058091     0.9328  1090.0000     0.3174 4.2778e+01     1.8451    140.808 0.0000e+00
    422.250     38.688    21.6624   5.058321     0.9108  1030.0000     0.3178 4.2474e+01     1.8462    140.296 0.0000e+00
    422.500     38.677    21.6649   5.058923     0.8447  1000.0000     0.3295 4.1881e+01     1.8468    139.866 0.0000e+00
    422.750     38.704    21.6656   5.059072     0.8373  1090.0000     0.3299 4.0869e+01     1.8478    139.463 0.0000e+00
    423.000     38.757    21.6644   5.058708     0.7492  1090.0000     0.3298 3.9762e+01     1.8481    139.317 0.0000e+00
    423.250     38.832    21.6617   5.058485     0.8594   590.0000     0.3301 3.8634e+01     1.8483    139.183 0.0000e+00
    423.500     38.937    21.6553   5.057995     0.8153  1000.0000     0.3408 3.7530e+01     1.8494    139.172 0.0000e+00
    423.750     39.030    21.6426   5.056658     0.7786  1000.0000     0.3408 3.7255e+01     1.8479    139.197 0.0000e+00
    424.000     39.095    21.6283   5.054483     0.8961   860.0000     0.3410 3.8467e+01     1.8471    139.672 0.0000e+00
    424.250     39.130    21.6204   5.052954     0.7639  1060.0000     0.3312 3.9436e+01     1.8465    139.575 0.0000e+00
    424.500     39.124    21.6180   5.053377     1.5792  1090.0000     0.3311 4.0640e+01     1.8468    139.723 0.0000e+00
    424.750     39.063    21.6188   5.054045     0.8153  1000.0000     0.3315 4.1547e+01     1.8465    139.694 0.0000e+00
    425.000     38.952    21.6203   5.054075     0.8373   840.0000     0.3285 4.2017e+01     1.8472    139.852 0.0000e+00
    425.250     38.817    21.6247   5.054253     0.8300   860.0000     0.3284 4.2649e+01     1.8475    139.870 0.0000e+00
    425.500     38.666    21.6324   5.055196     0.8226   970.0000     0.3281 4.2778e+01     1.8492    139.866 0.0000e+00
    425.750     38.537    21.6455   5.056413     0.8961   950.0000     0.3281 4.2982e+01     1.8512    139.668 0.0000e+00
