cruises/P45_06/L2/CTD/Align_CTD/P45_06_CTD_10_al.cnv
* Sea-Bird SBE19plus  Data File:
* FileName = C:\Users\OA_2023-03\Desktop\Bathymetry\ctd_casts\S2_18_04_26002.hex
* Software version 2.3.0 SB_Terminal.dll
* Temperature SN = 8460
* Conductivity SN = 8460
* System UpLoad Time = Apr 18 2026 16:40:21
* <ApplicationData>
* <SeatermAF>
** cast for s2
# nquan = 11
# nvalues = 2580                        
# units = specified
# name 0 = timeS: Time, Elapsed [seconds]
# name 1 = prdM: Pressure, Strain Gauge [db]
# name 2 = tv290C: Temperature [ITS-90, deg C]
# name 3 = c0S/m: Conductivity [S/m]
# name 4 = flECO-AFL: Fluorescence, WET Labs ECO-AFL/FL [mg/m^3]
# name 5 = flECO-AFL1: Fluorescence, WET Labs ECO-AFL/FL, 2 [mg/m^3]
# name 6 = CStarAt0: Beam Attenuation, WET Labs C-Star [1/m]
# name 7 = par/sat/log: PAR/Logarithmic, Satlantic [umol photons/m^2/sec]
# name 8 = sbeox0V: Oxygen raw, SBE 43 [V]
# name 9 = sbeox0Mm/L: Oxygen, SBE 43 [umol/l]
# name 10 = flag:  0.000e+00
# span 0 =      0.000,    644.750       
# span 1 =     -0.126,     72.020       
# span 2 =    19.4874,    29.7711       
# span 3 =  -0.256820,   5.857944       
# span 4 =   -27.7935,    29.9382       
# span 5 = -1.448e+05, 40750.0000       
# span 6 =    -0.0853,    27.5054       
# span 7 = 2.2999e-01, 1.5045e+03       
# span 8 =     1.6095,     2.6886       
# span 9 =    119.708,    237.279       
# span 10 = 0.0000e+00, 0.0000e+00      
# interval = seconds: 0.25
# start_time = Apr 18 2026 15:53:20 [Instrument's time stamp, header]
# bad_flag = -9.990e-29
*END*
[from data line 1050]
    262.500      1.742    29.7643   5.855982     0.0220   200.0000     0.1081 5.1074e+02     2.6027    189.319 0.0000e+00
    262.750      1.756    29.7635   5.855982     0.0514   -20.0000     0.1082 5.8355e+02     2.6015    189.335 0.0000e+00
    263.000      1.780    29.7630   5.855910     0.0367   200.0000     0.1084 4.8114e+02     2.5993    189.180 0.0000e+00
    263.250      1.815    29.7627   5.855871     0.0514    60.0000     0.1115 3.8528e+02     2.5944    188.854 0.0000e+00
    263.500      1.869    29.7620   5.855855     0.0294    90.0000     0.1111 3.6327e+02     2.5906    188.589 0.0000e+00
    263.750      1.916    29.7598   5.855673     0.0220    60.0000     0.1111 2.4743e+02     2.5879    188.639 0.0000e+00
    264.000      1.962    29.7573   5.855341     0.0294    60.0000     0.1169 3.0349e+02     2.5878    188.854 0.0000e+00
    264.250      1.980    29.7573   5.855001     0.0220   140.0000     0.1165 4.6366e+02     2.5902    188.852 0.0000e+00
    264.500      1.973    29.7584   5.855381     0.0441  -130.0000     0.1162 2.3696e+02     2.5928    188.690 0.0000e+00
    264.750      1.933    29.7596   5.855610     0.0441   200.0000     0.1159 2.8185e+02     2.5960    188.867 0.0000e+00
    265.000      1.865    29.7602   5.855760     0.0220   -80.0000     0.1155 3.9920e+02     2.5996    189.088 0.0000e+00
    265.250      1.773    29.7608   5.855610     0.0367    30.0000     0.1152 3.0382e+02     2.5993    189.254 0.0000e+00
    265.500      1.684    29.7608   5.855642     0.0294   230.0000     0.1154 2.8142e+02     2.5996    189.186 0.0000e+00
    265.750      1.602    29.7607   5.855641     0.0661   170.0000     0.1091 2.3209e+02     2.6004    188.996 0.0000e+00
    266.000      1.551    29.7607   5.855705     0.0367  -130.0000     0.1091 2.5018e+02     2.6028    189.062 0.0000e+00
    266.250      1.553    29.7603   5.855681     0.0367  -110.0000     0.1087 2.5050e+02     2.6053    189.470 0.0000e+00
    266.500      1.600    29.7595   5.855681     0.0588    10.0000     0.1099 2.1437e+02     2.6083    189.583 0.0000e+00
    266.750      1.687    29.7577   5.855491     0.0514    60.0000     0.1097 2.0525e+02     2.6089    189.751 0.0000e+00
    267.000      1.798    29.7564   5.855080     0.0367   120.0000     0.1099 2.1363e+02     2.6071    189.996 0.0000e+00
    267.250      1.916    29.7551   5.855151     0.0220   170.0000     0.1059 2.2619e+02     2.6057    190.354 0.0000e+00
    267.500      2.031    29.7542   5.854977     0.0441   -80.0000     0.1061 2.1854e+02     2.6032    190.304 0.0000e+00
    267.750      2.111    29.7533   5.854946     0.0514   -20.0000     0.1061 2.0978e+02     2.5993    190.164 0.0000e+00
    268.000      2.145    29.7531   5.854874     0.0294    60.0000     0.1065 2.0086e+02     2.5975    189.822 0.0000e+00
    268.250      2.131    29.7529   5.854874     0.0147  -130.0000     0.1141 2.1340e+02     2.5932    189.113 0.0000e+00
    268.500      2.067    29.7528   5.854851     0.0514   120.0000     0.1139 2.2737e+02     2.5902    188.522 0.0000e+00
    268.750      1.960    29.7531   5.854890     0.0588   170.0000     0.1137 2.1859e+02     2.5912    188.012 0.0000e+00
    269.000      1.845    29.7536   5.854930     0.0441   170.0000     0.1084 2.1840e+02     2.5945    187.834 0.0000e+00
    269.250      1.718    29.7538   5.854961     0.0661    30.0000     0.1083 2.0632e+02     2.5976    188.042 0.0000e+00
    269.500      1.609    29.7545   5.855040     0.0441    10.0000     0.1081 2.3517e+02     2.5979    188.431 0.0000e+00
    269.750      1.531    29.7549   5.855127     0.0441   120.0000     0.1189 3.1946e+02     2.5982    188.982 0.0000e+00
    270.000      1.487    29.7558   5.855119     0.0441    90.0000     0.1176 2.2565e+02     2.5988    189.637 0.0000e+00
    270.250      1.473    29.7567   5.855301     0.0367   120.0000     0.1184 2.2934e+02     2.5995    189.886 0.0000e+00
    270.500      1.484    29.7569   5.855380     0.0441   120.0000     0.1175 2.2092e+02     2.5963    190.072 0.0000e+00
    270.750      1.538    29.7564   5.855341     0.0441   140.0000     0.1173 2.7073e+02     2.5950    190.195 0.0000e+00
    271.000      1.636    29.7555   5.855191     0.0441   140.0000     0.1172 2.6051e+02     2.5947    190.405 0.0000e+00
    271.250      1.789    29.7540   5.854945     0.0588   120.0000     0.1171 2.1638e+02     2.5944    190.591 0.0000e+00
    271.500      2.005    29.7519   5.854811     0.0661   230.0000     0.1131 2.1051e+02     2.5895    190.869 0.0000e+00
    271.750      2.236    29.7505   5.854439     0.0441   -20.0000     0.1131 2.2580e+02     2.5849    190.905 0.0000e+00
    272.000      2.387    29.7495   5.854440     0.0220   230.0000     0.1129 2.6317e+02     2.5833    190.695 0.0000e+00
    272.250      2.425    29.7492   5.854511     0.0441   230.0000     0.1115 2.4240e+02     2.5860    190.521 0.0000e+00
    272.500      2.351    29.7484   5.854471     0.0294   120.0000     0.1117 2.2974e+02     2.5902    190.151 0.0000e+00
    272.750      2.187    29.7484   5.854400     0.0441   170.0000     0.1115 2.2317e+02     2.5944    189.561 0.0000e+00
    273.000      1.942    29.7493   5.854439     0.0441    90.0000     0.1109 2.0938e+02     2.5970    189.142 0.0000e+00
    273.250      1.655    29.7515   5.854661     0.0367   -50.0000     0.1107 2.5438e+02     2.5976    188.485 0.0000e+00
    273.500      1.358    29.7537   5.855056     0.0294   -20.0000     0.1104 2.7810e+02     2.5983    187.994 0.0000e+00
    273.750      1.155    29.7555   5.855198     0.0441   120.0000     0.1105 2.7666e+02     2.5974    188.029 0.0000e+00
    274.000      1.149    29.7569   5.855269     0.0808   -20.0000     0.1206 2.6997e+02     2.5987    188.461 0.0000e+00
    274.250      1.286    29.7580   5.855451     0.0955    30.0000     0.1208 3.1317e+02     2.5989    188.967 0.0000e+00
    274.500      1.496    29.7576   5.855531     0.0294   -20.0000     0.1203 2.5515e+02     2.5973    189.229 0.0000e+00
    274.750      1.769    29.7551   5.855301     0.0514    90.0000     0.1170 2.9687e+02     2.5950    189.494 0.0000e+00
    275.000      1.989    29.7540   5.854629     0.0294  -130.0000     0.1169 2.8240e+02     2.5952    189.715 0.0000e+00
    275.250      2.158    29.7532   5.854890     0.0367  -190.0000     0.1171 2.3865e+02     2.5957    189.927 0.0000e+00
    275.500      2.244    29.7529   5.854811     0.0514  -110.0000     0.1141 2.6678e+02     2.5952    189.582 0.0000e+00
    275.750      2.247    29.7524   5.854851     0.0441    90.0000     0.1137 2.5821e+02     2.5937    189.307 0.0000e+00
    276.000      2.187    29.7526   5.854835     0.0367    10.0000     0.1136 2.6271e+02     2.5925    189.096 0.0000e+00
    276.250      2.049    29.7527   5.854811     0.0367    30.0000     0.1073 2.5748e+02     2.5907    188.952 0.0000e+00
    276.500      1.876    29.7531   5.854930     0.0367   -20.0000     0.1070 2.6192e+02     2.5888    188.377 0.0000e+00
    276.750      1.720    29.7541   5.854961     0.0367   -20.0000     0.1074 2.5681e+02     2.5854    187.769 0.0000e+00
    277.000      1.609    29.7554   5.855119     0.0367   200.0000     0.1072 2.5598e+02     2.5848    187.482 0.0000e+00
    277.250      1.549    29.7564   5.855270     0.0367   170.0000     0.1172 2.7936e+02     2.5843    187.736 0.0000e+00
    277.500      1.536    29.7569   5.855309     0.0441   170.0000     0.1175 2.4685e+02     2.5854    188.292 0.0000e+00
    277.750      1.565    29.7573   5.855309     0.0367   140.0000     0.1170 2.1736e+02     2.5883    188.899 0.0000e+00
    278.000      1.613    29.7571   5.855309     0.0367   -50.0000     0.1067 1.9904e+02     2.5925    189.393 0.0000e+00
    278.250      1.664    29.7567   5.855191     0.0367    30.0000     0.1066 1.9588e+02     2.5951    189.699 0.0000e+00
    278.500      1.705    29.7564   5.855001     0.0441   120.0000     0.1067 1.9943e+02     2.5963    190.005 0.0000e+00
    278.750      1.731    29.7555   5.854811     0.0441    90.0000     0.1231 2.1257e+02     2.5982    190.006 0.0000e+00
    279.000      1.762    29.7549   5.854360     0.0441    90.0000     0.1231 2.3019e+02     2.5986    190.078 0.0000e+00
    279.250      1.789    29.7548   5.854961     0.0367    10.0000     0.1232 2.3415e+02     2.5971    189.933 0.0000e+00
    279.500      1.829    29.7546   5.855040     0.0441   200.0000     0.1234 2.3199e+02     2.5960    189.597 0.0000e+00
    279.750      1.887    29.7542   5.855040     0.0367    60.0000     0.1363 2.3319e+02     2.5963    189.186 0.0000e+00
    280.000      1.955    29.7541   5.855056     0.0220    60.0000     0.1360 2.3093e+02     2.5961    189.099 0.0000e+00
    280.250      2.004    29.7538   5.855041     0.0294   -80.0000     0.1357 2.2979e+02     2.5947    189.104 0.0000e+00
    280.500      2.016    29.7537   5.855041     0.0367   120.0000     0.1329 2.2619e+02     2.5937    189.037 0.0000e+00
    280.750      1.995    29.7532   5.855001     0.0294   140.0000     0.1331 2.1816e+02     2.5960    188.871 0.0000e+00
    281.000      1.933    29.7532   5.854930     0.0441    90.0000     0.1335 2.2453e+02     2.5962    188.716 0.0000e+00
    281.250      1.845    29.7533   5.854930     0.0367   170.0000     0.1551 2.4797e+02     2.5976    188.520 0.0000e+00
    281.500      1.727    29.7529   5.854906     0.0441   170.0000     0.1551 2.6380e+02     2.5974    188.320 0.0000e+00
    281.750      1.618    29.7528   5.854874     0.0441    90.0000     0.1549 2.5720e+02     2.5982    187.932 0.0000e+00
    282.000      1.531    29.7533   5.854874     0.0441    30.0000     0.1599 2.4356e+02     2.5987    187.784 0.0000e+00
    282.250      1.509    29.7529   5.854850     0.0367    60.0000     0.1601 2.3461e+02     2.5995    187.691 0.0000e+00
    282.500      1.549    29.7527   5.854890     0.0367   140.0000     0.1595 2.2502e+02     2.5981    187.839 0.0000e+00
    282.750      1.655    29.7518   5.854811     0.0294   -50.0000     0.1597 2.2390e+02     2.5965    188.252 0.0000e+00
    283.000      1.805    29.7513   5.854700     0.0220  -110.0000     0.1855 2.4042e+02     2.5933    188.864 0.0000e+00
    283.250      1.960    29.7510   5.854629     0.0588    10.0000     0.1857 2.3486e+02     2.5886    189.362 0.0000e+00
    283.500      2.076    29.7508   5.854661     0.0441   170.0000     0.1856 2.2899e+02     2.5885    189.696 0.0000e+00
    283.750      2.129    29.7501   5.854590     0.0441    10.0000     0.1722 2.2653e+02     2.5907    190.046 0.0000e+00
    284.000      2.113    29.7493   5.854511     0.0441  -240.0000     0.1717 2.3009e+02     2.5953    190.145 0.0000e+00
    284.250      2.042    29.7491   5.854471     0.0441    30.0000     0.1720 2.4177e+02     2.5994    189.950 0.0000e+00
    284.500      1.925    29.7488   5.854471     0.0367    60.0000     0.1832 2.4472e+02     2.6021    189.690 0.0000e+00
    284.750      1.780    29.7481   5.854439     0.0367    10.0000     0.1834 2.4356e+02     2.6027    189.536 0.0000e+00
    285.000      1.635    29.7473   5.854289     0.0220   -20.0000     0.1833 2.3492e+02     2.6039    189.356 0.0000e+00
    285.250      1.511    29.7464   5.854170     0.0441   120.0000     0.1832 2.2039e+02     2.6038    189.098 0.0000e+00
    285.500      1.453    29.7447   5.854075     0.0294    10.0000     0.1551 2.1996e+02     2.6037    188.917 0.0000e+00
    285.750      1.484    29.7397   5.853909     0.0367    10.0000     0.1551 2.0820e+02     2.6036    189.123 0.0000e+00
    286.000      1.629    29.7356   5.852478     0.0367   120.0000     0.1549 2.0744e+02     2.5981    189.208 0.0000e+00
    286.250      1.847    29.7333   5.852589     0.0441   -20.0000     0.1487 2.2880e+02     2.5921    189.445 0.0000e+00
    286.500      2.040    29.7333   5.852668     0.0441   170.0000     0.1490 2.2216e+02     2.5885    189.505 0.0000e+00
    286.750      2.184    29.7331   5.852968     0.0588    30.0000     0.1483 2.6443e+02     2.5931    189.626 0.0000e+00
    287.000      2.242    29.7335   5.852858     0.0514   140.0000     0.1515 3.0369e+02     2.5968    189.728 0.0000e+00
    287.250      2.200    29.7339   5.852968     0.0220   200.0000     0.1508 2.2890e+02     2.6013    189.855 0.0000e+00
    287.500      2.054    29.7337   5.852873     0.0441    10.0000     0.1513 2.3907e+02     2.6042    189.688 0.0000e+00
    287.750      1.829    29.7331   5.852802     0.0441  -110.0000     0.1513 2.6164e+02     2.6052    189.430 0.0000e+00
    288.000      1.591    29.7328   5.852707     0.0514   -20.0000     0.1369 2.6034e+02     2.6063    189.006 0.0000e+00
    288.250      1.398    29.7325   5.852667     0.0367   170.0000     0.1372 3.4022e+02     2.6074    188.376 0.0000e+00
    288.500      1.291    29.7324   5.852667     0.0367    60.0000     0.1371 3.9482e+02     2.6077    188.228 0.0000e+00
    288.750      1.315    29.7342   5.852667     0.0588    60.0000     0.1043 2.4488e+02     2.6064    188.385 0.0000e+00
    289.000      1.475    29.7351   5.853269     0.0588   140.0000     0.1043 2.6649e+02     2.6047    188.912 0.0000e+00
    289.250      1.709    29.7334   5.852968     0.0367    90.0000     0.1045 2.4878e+02     2.6001    189.495 0.0000e+00
    289.500      1.933    29.7315   5.852478     0.0367   120.0000     0.1205 2.3537e+02     2.5968    190.029 0.0000e+00
    289.750      2.104    29.7319   5.852367     0.0441    10.0000     0.1208 2.9572e+02     2.5925    190.340 0.0000e+00
    290.000      2.211    29.7328   5.852779     0.0441    60.0000     0.1201 3.9465e+02     2.5901    190.664 0.0000e+00
    290.250      2.231    29.7326   5.852929     0.0441    90.0000     0.1129 3.4593e+02     2.5907    190.743 0.0000e+00
    290.500      2.156    29.7324   5.852707     0.0367   140.0000     0.1126 3.0873e+02     2.5947    190.648 0.0000e+00
    290.750      2.013    29.7322   5.852668     0.0441    30.0000     0.1122 3.1215e+02     2.5975    190.462 0.0000e+00
    291.000      1.805    29.7331   5.852707     0.0220    10.0000     0.1123 2.8448e+02     2.5986    189.656 0.0000e+00
    291.250      1.576    29.7344   5.852818     0.0441   170.0000     0.1093 2.6500e+02     2.5981    188.758 0.0000e+00
    291.500      1.385    29.7352   5.853095     0.0441    90.0000     0.1095 2.5466e+02     2.5995    188.126 0.0000e+00
    291.750      1.276    29.7369   5.853229     0.0661   250.0000     0.1092 2.5328e+02     2.5997    188.457 0.0000e+00
    292.000      1.253    29.7387   5.853269     0.0441   120.0000     0.1143 2.8155e+02     2.5998    188.851 0.0000e+00
    292.250      1.327    29.7382   5.853648     0.0514   140.0000     0.1145 2.8615e+02     2.6003    189.465 0.0000e+00
    292.500      1.482    29.7365   5.853118     0.0441    60.0000     0.1141 3.7201e+02     2.6011    190.010 0.0000e+00
    292.750      1.662    29.7351   5.852857     0.0367   140.0000     0.1055 2.6638e+02     2.6022    190.402 0.0000e+00
    293.000      1.842    29.7320   5.852945     0.0220   200.0000     0.1053 2.8405e+02     2.6033    190.813 0.0000e+00
    293.250      1.998    29.7286   5.852185     0.0294   200.0000     0.1053 2.6632e+02     2.6020    191.105 0.0000e+00
    293.500      2.107    29.7263   5.851948     0.0514    60.0000     0.1059 4.2394e+02     2.5974    191.127 0.0000e+00
    293.750      2.151    29.7254   5.851877     0.0367   -80.0000     0.1173 3.2126e+02     2.5947    190.804 0.0000e+00
    294.000      2.124    29.7252   5.851838     0.0588   140.0000     0.1174 3.0986e+02     2.5952    190.425 0.0000e+00
    294.250      2.034    29.7250   5.851988     0.0441    10.0000     0.1171 2.8758e+02     2.5970    189.724 0.0000e+00
    294.500      1.905    29.7252   5.851948     0.0514  -110.0000     0.0981 3.1994e+02     2.5961    189.172 0.0000e+00
    294.750      1.765    29.7250   5.851972     0.0441   140.0000     0.0982 3.3222e+02     2.5935    188.538 0.0000e+00
