cruises/P45_06/L2/CTD/Align_CTD/P45_06_CTD_03_al.cnv
* Sea-Bird SBE19plus  Data File:
* FileName = C:\Users\OA_2023-03\Desktop\Bathymetry\ctd_casts\P1_16_04_25001.hex
* Software version 2.3.0 SB_Terminal.dll
* Temperature SN = 8460
* Conductivity SN = 8460
* System UpLoad Time = Apr 16 2026 12:24:13
* <ApplicationData>
* <SeatermAF>
** cast
# nquan = 11
# nvalues = 2764                        
# units = specified
# name 0 = timeS: Time, Elapsed [seconds]
# name 1 = prdM: Pressure, Strain Gauge [db]
# name 2 = tv290C: Temperature [ITS-90, deg C]
# name 3 = c0S/m: Conductivity [S/m]
# name 4 = flECO-AFL: Fluorescence, WET Labs ECO-AFL/FL [mg/m^3]
# name 5 = flECO-AFL1: Fluorescence, WET Labs ECO-AFL/FL, 2 [mg/m^3]
# name 6 = CStarAt0: Beam Attenuation, WET Labs C-Star [1/m]
# name 7 = par/sat/log: PAR/Logarithmic, Satlantic [umol photons/m^2/sec]
# name 8 = sbeox0V: Oxygen raw, SBE 43 [V]
# name 9 = sbeox0Mm/L: Oxygen, SBE 43 [umol/l]
# name 10 = flag:  0.000e+00
# span 0 =      0.000,    690.750       
# span 1 =     -0.081,     39.130       
# span 2 =    21.6180,    29.5159       
# span 3 =  -0.542794,   5.834018       
# span 4 =   -61.8743,    29.9382       
# span 5 = -3.277e+05, 56360.0000       
# span 6 =    -0.1131,    23.3755       
# span 7 = 3.4793e+01, 3.9562e+03       
# span 8 =     1.8443,     2.4954       
# span 9 =    129.739,    190.088       
# span 10 = 0.0000e+00, 0.0000e+00      
# interval = seconds: 0.25
# start_time = Apr 16 2026 11:16:12 [Instrument's time stamp, header]
# bad_flag = -9.990e-29
*END*
[from data line 525]
    131.250     10.738    28.7719   5.755292     0.0441    30.0000     0.1007 5.7440e+02     2.4660    180.066 0.0000e+00
    131.500     10.705    28.7727   5.755370     0.0441   120.0000     0.1005 6.8043e+02     2.4650    180.074 0.0000e+00
    131.750     10.727    28.7732   5.755441     0.0367   -50.0000     0.1007 7.0928e+02     2.4654    180.207 0.0000e+00
    132.000     10.810    28.7739   5.755480     0.0441    30.0000     0.1030 6.6371e+02     2.4652    180.292 0.0000e+00
    132.250     10.930    28.7736   5.755519     0.0367    60.0000     0.1031 6.0384e+02     2.4647    180.457 0.0000e+00
    132.500     11.056    28.7724   5.755370     0.0441   230.0000     0.1035 5.9605e+02     2.4634    180.641 0.0000e+00
    132.750     11.158    28.7698   5.755111     0.0588   120.0000     0.1015 5.3587e+02     2.4624    180.809 0.0000e+00
    133.000     11.230    28.7670   5.754742     0.0294    90.0000     0.1015 5.0975e+02     2.4615    180.729 0.0000e+00
    133.250     11.252    28.7649   5.754412     0.0661    60.0000     0.1015 4.8933e+02     2.4622    180.640 0.0000e+00
    133.500     11.205    28.7645   5.754373     0.0294    30.0000     0.1017 5.9954e+02     2.4633    180.449 0.0000e+00
    133.750     11.101    28.7645   5.754522     0.0441    90.0000     0.1023 7.5635e+02     2.4647    180.325 0.0000e+00
    134.000     10.958    28.7654   5.754632     0.0661    10.0000     0.1018 7.2464e+02     2.4647    180.149 0.0000e+00
    134.250     10.803    28.7668   5.754742     0.0441    90.0000     0.1019 5.9438e+02     2.4656    179.964 0.0000e+00
    134.500     10.669    28.7690   5.754962     0.0661   -20.0000     0.1008 4.7217e+02     2.4663    179.862 0.0000e+00
    134.750     10.585    28.7711   5.755292     0.0588    60.0000     0.1011 6.7384e+02     2.4666    180.079 0.0000e+00
    135.000     10.570    28.7724   5.755331     0.0294  -110.0000     0.1013 8.8786e+02     2.4660    180.313 0.0000e+00
    135.250     10.614    28.7745   5.755480     0.0147   -20.0000     0.1041 6.4405e+02     2.4661    180.509 0.0000e+00
    135.500     10.714    28.7758   5.755770     0.0588   120.0000     0.1043 5.8862e+02     2.4652    180.657 0.0000e+00
    135.750     10.854    28.7749   5.755661     0.0294   120.0000     0.1049 6.1318e+02     2.4633    180.878 0.0000e+00
    136.000     11.001    28.7724   5.755331     0.0294   140.0000     0.1024 4.6932e+02     2.4621    180.964 0.0000e+00
    136.250     11.130    28.7695   5.755001     0.0588   250.0000     0.1023 5.1107e+02     2.4634    180.906 0.0000e+00
    136.500     11.221    28.7664   5.754671     0.0441    10.0000     0.1021 6.6141e+02     2.4641    180.756 0.0000e+00
    136.750     11.261    28.7629   5.754224     0.0294   200.0000     0.1024 7.0928e+02     2.4653    180.698 0.0000e+00
    137.000     11.230    28.7619   5.754004     0.0441   -20.0000     0.1019 5.5582e+02     2.4670    180.619 0.0000e+00
    137.250     11.141    28.7622   5.754224     0.0514   120.0000     0.1015 5.3125e+02     2.4666    180.521 0.0000e+00
    137.500     11.005    28.7630   5.754373     0.0367    60.0000     0.1015 5.8570e+02     2.4655    180.332 0.0000e+00
    137.750     10.850    28.7638   5.754483     0.0294   200.0000     0.1060 7.1576e+02     2.4679    180.160 0.0000e+00
    138.000     10.709    28.7663   5.754671     0.0367    90.0000     0.1059 6.0188e+02     2.4683    180.041 0.0000e+00
    138.250     10.616    28.7683   5.755001     0.0514   -20.0000     0.1059 5.5330e+02     2.4686    180.112 0.0000e+00
    138.500     10.600    28.7698   5.755182     0.0588    30.0000     0.1061 6.5232e+02     2.4684    180.244 0.0000e+00
    138.750     10.663    28.7708   5.755182     0.0294    90.0000     0.1063 6.1146e+02     2.4672    180.425 0.0000e+00
    139.000     10.796    28.7709   5.755292     0.0367   -20.0000     0.1061 5.7727e+02     2.4657    180.492 0.0000e+00
    139.250     10.963    28.7698   5.755111     0.0514    90.0000     0.1006 4.9433e+02     2.4650    180.667 0.0000e+00
    139.500     11.130    28.7671   5.754962     0.0735    90.0000     0.1006 5.6102e+02     2.4642    180.832 0.0000e+00
    139.750     11.269    28.7640   5.754295     0.0441  -110.0000     0.1005 5.0536e+02     2.4632    180.914 0.0000e+00
    140.000     11.343    28.7623   5.754044     0.0514    10.0000     0.1006 5.1318e+02     2.4623    180.859 0.0000e+00
    140.250     11.341    28.7618   5.754114     0.0514   170.0000     0.1066 5.4357e+02     2.4618    180.833 0.0000e+00
    140.500     11.249    28.7617   5.754224     0.0441   -50.0000     0.1069 5.8760e+02     2.4618    180.676 0.0000e+00
    140.750     11.090    28.7622   5.754224     0.0514   120.0000     0.1072 6.8842e+02     2.4631    180.395 0.0000e+00
    141.000     10.874    28.7635   5.754373     0.0588    90.0000     0.1022 5.9143e+02     2.4633    180.186 0.0000e+00
    141.250     10.636    28.7663   5.754703     0.0588    30.0000     0.1028 5.2519e+02     2.4629    180.258 0.0000e+00
    141.500     10.401    28.7685   5.754962     0.0441   -50.0000     0.1026 5.4146e+02     2.4631    180.310 0.0000e+00
    141.750     10.190    28.7715   5.755221     0.0441   -20.0000     0.1015 6.5049e+02     2.4625    180.456 0.0000e+00
    142.000     10.027    28.7749   5.755660     0.0367    60.0000     0.1016 6.4894e+02     2.4628    180.709 0.0000e+00
    142.250      9.916    28.7813   5.755958     0.0367  -130.0000     0.1014 6.5430e+02     2.4631    180.737 0.0000e+00
    142.500      9.850    28.7913   5.757026     0.0441   140.0000     0.1013 7.2589e+02     2.4641    180.665 0.0000e+00
    142.750      9.821    28.8007   5.758613     0.0514   140.0000     0.1039 6.7690e+02     2.4652    180.937 0.0000e+00
    143.000      9.827    28.8086   5.759202     0.0367   170.0000     0.1037 6.0006e+02     2.4667    180.976 0.0000e+00
    143.250      9.827    28.8171   5.759790     0.0294    90.0000     0.1036 5.3796e+02     2.4673    180.948 0.0000e+00
    143.500      9.805    28.8255   5.760827     0.0514   200.0000     0.1095 5.7839e+02     2.4682    180.867 0.0000e+00
    143.750      9.752    28.8313   5.761495     0.0367    30.0000     0.1097 5.9773e+02     2.4675    180.661 0.0000e+00
    144.000      9.654    28.8356   5.761714     0.0441   120.0000     0.1097 6.3836e+02     2.4668    180.410 0.0000e+00
    144.250      9.527    28.8397   5.761895     0.0220    90.0000     0.1054 7.0622e+02     2.4678    180.282 0.0000e+00
    144.500      9.389    28.8442   5.762374     0.0441   120.0000     0.1055 7.1622e+02     2.4664    180.116 0.0000e+00
    144.750      9.256    28.8483   5.762892     0.0294   200.0000     0.1056 6.2700e+02     2.4642    179.898 0.0000e+00
    145.000      9.145    28.8528   5.763151     0.0367    10.0000     0.1001 5.7527e+02     2.4649    179.745 0.0000e+00
    145.250      9.058    28.8573   5.763670     0.0220   170.0000     0.0995 6.3382e+02     2.4654    179.666 0.0000e+00
    145.500      8.989    28.8636   5.764228     0.0294    60.0000     0.0998 7.2245e+02     2.4662    179.662 0.0000e+00
    145.750      8.931    28.8695   5.764927     0.0367    10.0000     0.1000 6.4852e+02     2.4669    179.853 0.0000e+00
    146.000      8.860    28.8732   5.765335     0.0441   120.0000     0.0983 6.6056e+02     2.4673    179.927 0.0000e+00
    146.250      8.780    28.8753   5.765555     0.0220   140.0000     0.0980 8.1250e+02     2.4680    179.925 0.0000e+00
    146.500      8.678    28.8767   5.765406     0.0441   170.0000     0.0976 7.9769e+02     2.4685    179.981 0.0000e+00
    146.750      8.543    28.8787   5.765594     0.0514   -50.0000     0.0969 6.5785e+02     2.4689    179.943 0.0000e+00
    147.000      8.387    28.8819   5.765814     0.0220    60.0000     0.0963 7.2480e+02     2.4687    179.980 0.0000e+00
    147.250      8.212    28.8863   5.766474     0.0147   -80.0000     0.0969 9.3842e+02     2.4689    179.996 0.0000e+00
    147.500      8.040    28.8908   5.766812     0.0220   120.0000     0.0975 5.9028e+02     2.4682    180.080 0.0000e+00
    147.750      7.892    28.8957   5.767330     0.0441    30.0000     0.0977 5.8191e+02     2.4669    180.186 0.0000e+00
    148.000      7.774    28.9008   5.767920     0.0294  -110.0000     0.0977 9.8033e+02     2.4670    180.377 0.0000e+00
    148.250      7.694    28.9093   5.768509     0.0367   170.0000     0.0973 9.2531e+02     2.4660    180.482 0.0000e+00
    148.500      7.636    28.9198   5.769845     0.0000   250.0000     0.0955 7.8690e+02     2.4671    180.589 0.0000e+00
    148.750      7.596    28.9289   5.770985     0.0367  -130.0000     0.0957 6.8753e+02     2.4675    180.509 0.0000e+00
    149.000      7.560    28.9363   5.771582     0.0220   -50.0000     0.0959 5.7739e+02     2.4681    180.373 0.0000e+00
    149.250      7.505    28.9408   5.772171     0.0000  -110.0000     0.0950 7.8435e+02     2.4682    180.402 0.0000e+00
    149.500      7.423    28.9416   5.772211     0.0294    90.0000     0.0950 8.3839e+02     2.4689    180.172 0.0000e+00
    149.750      7.313    28.9433   5.771731     0.0294    60.0000     0.0951 6.4572e+02     2.4684    179.835 0.0000e+00
    150.000      7.169    28.9469   5.772281     0.0073   140.0000     0.1113 1.2229e+03     2.4681    179.812 0.0000e+00
    150.250      7.000    28.9515   5.772879     0.0441    90.0000     0.1110 1.2024e+03     2.4689    179.817 0.0000e+00
    150.500      6.813    28.9569   5.773539     0.0367    90.0000     0.1113 7.6194e+02     2.4695    179.893 0.0000e+00
    150.750      6.627    28.9612   5.773987     0.0441  -110.0000     0.1115 5.9541e+02     2.4699    179.997 0.0000e+00
    151.000      6.458    28.9663   5.774396     0.0147    90.0000     0.0929 1.0855e+03     2.4695    180.077 0.0000e+00
    151.250      6.311    28.9728   5.775024     0.0220    30.0000     0.0933 1.3936e+03     2.4692    180.178 0.0000e+00
    151.500      6.193    28.9806   5.776023     0.0441    30.0000     0.0930 6.6027e+02     2.4683    180.282 0.0000e+00
    151.750      6.085    28.9874   5.776762     0.0220    90.0000     0.0929 5.7877e+02     2.4675    180.355 0.0000e+00
    152.000      5.985    28.9927   5.777430     0.0220    10.0000     0.0920 9.5418e+02     2.4681    180.285 0.0000e+00
    152.250      5.876    28.9968   5.777650     0.0220    10.0000     0.0926 1.0822e+03     2.4685    180.252 0.0000e+00
    152.500      5.755    28.9978   5.777870    -0.0147   -20.0000     0.0893 9.6247e+02     2.4682    180.122 0.0000e+00
    152.750      5.620    28.9991   5.777579     0.0367  -130.0000     0.0894 9.5150e+02     2.4696    179.922 0.0000e+00
    153.000      5.480    29.0047   5.777799     0.0367    10.0000     0.0895 7.7725e+02     2.4703    179.877 0.0000e+00
    153.250      5.331    29.0123   5.779357     0.0073   -80.0000     0.0873 6.4866e+02     2.4718    179.707 0.0000e+00
    153.500      5.182    29.0198   5.780135     0.0367    30.0000     0.0875 8.1655e+02     2.4721    179.770 0.0000e+00
    153.750      5.046    29.0263   5.780835     0.0294    30.0000     0.0872 1.0761e+03     2.4727    179.790 0.0000e+00
    154.000      4.926    29.0322   5.781394     0.0294    60.0000     0.0872 1.2139e+03     2.4724    179.864 0.0000e+00
    154.250      4.822    29.0375   5.781842     0.0000   -50.0000     0.0888 8.8747e+02     2.4712    179.892 0.0000e+00
    154.500      4.731    29.0426   5.782393     0.0220   -50.0000     0.0886 7.0852e+02     2.4708    179.998 0.0000e+00
    154.750      4.660    29.0475   5.782912     0.0367   140.0000     0.0890 8.2027e+02     2.4693    179.974 0.0000e+00
    155.000      4.578    29.0533   5.783431     0.0294    30.0000     0.0880 1.2917e+03     2.4673    179.921 0.0000e+00
    155.250      4.480    29.0552   5.784139     0.0220    30.0000     0.0874 1.3117e+03     2.4669    179.988 0.0000e+00
    155.500      4.346    29.0560   5.783549     0.0441    60.0000     0.0876 8.1285e+02     2.4675    180.008 0.0000e+00
    155.750      4.177    29.0601   5.783690     0.0294   -50.0000     0.0935 6.8043e+02     2.4689    180.035 0.0000e+00
    156.000      3.977    29.0660   5.784737     0.0220    90.0000     0.0936 9.4903e+02     2.4702    179.984 0.0000e+00
    156.250      3.768    29.0720   5.785366     0.0441  -300.0000     0.0939 1.3730e+03     2.4722    179.918 0.0000e+00
    156.500      3.551    29.0783   5.786145     0.0220    90.0000     0.0940 1.5338e+03     2.4754    179.775 0.0000e+00
    156.750      3.326    29.0834   5.786703     0.0147    60.0000     0.0855 1.0620e+03     2.4773    179.647 0.0000e+00
    157.000      3.111    29.0888   5.787073     0.0294   200.0000     0.0859 1.0768e+03     2.4795    179.656 0.0000e+00
    157.250      2.929    29.0933   5.787742     0.0147    30.0000     0.0858 9.0375e+02     2.4805    179.647 0.0000e+00
    157.500      2.780    29.0995   5.788033     0.0000    30.0000     0.0942 1.3300e+03     2.4802    179.590 0.0000e+00
    157.750      2.677    29.1077   5.788962     0.0367  -110.0000     0.0943 1.5434e+03     2.4801    179.743 0.0000e+00
    158.000      2.619    29.1172   5.790119     0.0367  -130.0000     0.0945 1.7631e+03     2.4786    179.845 0.0000e+00
    158.250      2.588    29.1262   5.791378     0.0441   -50.0000     0.0841 1.3816e+03     2.4780    180.032 0.0000e+00
    158.500      2.566    29.1342   5.792047     0.0441   120.0000     0.0840 1.0168e+03     2.4763    180.099 0.0000e+00
    158.750      2.533    29.1430   5.792937     0.0220  -160.0000     0.0842 1.1453e+03     2.4734    180.168 0.0000e+00
    159.000      2.468    29.1502   5.794055     0.0147   -50.0000     0.0843 8.4549e+02     2.4746    180.102 0.0000e+00
    159.250      2.342    29.1551   5.794393     0.0073   230.0000     0.0860 1.0377e+03     2.4750    179.927 0.0000e+00
    159.500      2.142    29.1637   5.794543     0.0220  -240.0000     0.0865 2.5456e+03     2.4753    179.803 0.0000e+00
    159.750      1.884    29.1783   5.796441     0.0000   -20.0000     0.0861 1.3450e+03     2.4744    179.529 0.0000e+00
    160.000      1.571    29.2043   5.798890     0.0220  -110.0000     0.0832 1.2478e+03     2.4741    179.184 0.0000e+00
    160.250      1.255    29.2418   5.803775     0.0441  -240.0000     0.0832 1.5694e+03     2.4747    178.968 0.0000e+00
    160.500      1.017    29.2857   5.809182     0.0220   -80.0000     0.0831 1.7865e+03     2.4753    178.891 0.0000e+00
    160.750      0.917    29.3300   5.814890     0.0147   -20.0000     0.0863 9.1694e+02     2.4773    178.916 0.0000e+00
    161.000      0.888    29.3733   5.819378     0.0294  -220.0000     0.0865 2.0835e+03     2.4794    178.997 0.0000e+00
    161.250      0.924    29.4068   5.824128     0.0147    60.0000     0.0865 1.4371e+03     2.4794    179.178 0.0000e+00
    161.500      1.039    29.4280   5.825398     0.0367   -20.0000     0.0868 1.8374e+03     2.4788    179.536 0.0000e+00
    161.750      1.182    29.4352   5.826036     0.0441   140.0000     0.0834 1.3317e+03     2.4798    179.808 0.0000e+00
    162.000      1.321    29.4347   5.824686     0.0073  -110.0000     0.0834 1.7989e+03     2.4789    180.125 0.0000e+00
    162.250      1.430    29.4348   5.823865     0.0073  -130.0000     0.0831 1.9354e+03     2.4788    180.276 0.0000e+00
    162.500      1.495    29.4365   5.824426     0.0000  -160.0000     0.0831 1.3744e+03     2.4794    180.230 0.0000e+00
    162.750      1.506    29.4383   5.824836    -0.0073  -300.0000     0.0836 2.0087e+03     2.4787    180.141 0.0000e+00
    163.000      1.490    29.4381   5.824955     0.0441  -270.0000     0.0838 1.6994e+03     2.4789    179.862 0.0000e+00
    163.250      1.439    29.4411   5.824505    -0.0147   840.0000     0.0843 1.4421e+03     2.4790    179.651 0.0000e+00
    163.500      1.366    29.4459   5.825776     0.0294    30.0000     0.0841 7.8198e+02     2.4794    179.304 0.0000e+00
