cruises/P45_06/L2/CTD/Align_CTD/P45_06_CTD_03_al.cnv
* Sea-Bird SBE19plus  Data File:
* FileName = C:\Users\OA_2023-03\Desktop\Bathymetry\ctd_casts\P1_16_04_25001.hex
* Software version 2.3.0 SB_Terminal.dll
* Temperature SN = 8460
* Conductivity SN = 8460
* System UpLoad Time = Apr 16 2026 12:24:13
* <ApplicationData>
* <SeatermAF>
** cast
# nquan = 11
# nvalues = 2764                        
# units = specified
# name 0 = timeS: Time, Elapsed [seconds]
# name 1 = prdM: Pressure, Strain Gauge [db]
# name 2 = tv290C: Temperature [ITS-90, deg C]
# name 3 = c0S/m: Conductivity [S/m]
# name 4 = flECO-AFL: Fluorescence, WET Labs ECO-AFL/FL [mg/m^3]
# name 5 = flECO-AFL1: Fluorescence, WET Labs ECO-AFL/FL, 2 [mg/m^3]
# name 6 = CStarAt0: Beam Attenuation, WET Labs C-Star [1/m]
# name 7 = par/sat/log: PAR/Logarithmic, Satlantic [umol photons/m^2/sec]
# name 8 = sbeox0V: Oxygen raw, SBE 43 [V]
# name 9 = sbeox0Mm/L: Oxygen, SBE 43 [umol/l]
# name 10 = flag:  0.000e+00
# span 0 =      0.000,    690.750       
# span 1 =     -0.081,     39.130       
# span 2 =    21.6180,    29.5159       
# span 3 =  -0.542794,   5.834018       
# span 4 =   -61.8743,    29.9382       
# span 5 = -3.277e+05, 56360.0000       
# span 6 =    -0.1131,    23.3755       
# span 7 = 3.4793e+01, 3.9562e+03       
# span 8 =     1.8443,     2.4954       
# span 9 =    129.739,    190.088       
# span 10 = 0.0000e+00, 0.0000e+00      
# interval = seconds: 0.25
# start_time = Apr 16 2026 11:16:12 [Instrument's time stamp, header]
# bad_flag = -9.990e-29
*END*
[from data line 2099]
    524.750      2.718    29.2339   5.802168     0.0220    10.0000     0.0813 8.1585e+02     2.4767    179.471 0.0000e+00
    525.000      2.551    29.2471   5.805564     0.0220   -20.0000     0.0807 1.4951e+03     2.4787    179.334 0.0000e+00
    525.250      2.429    29.2555   5.805634     0.0147    30.0000     0.0803 1.0926e+03     2.4792    179.305 0.0000e+00
    525.500      2.342    29.2613   5.805863     0.0220    10.0000     0.0807 8.3984e+02     2.4807    179.237 0.0000e+00
    525.750      2.316    29.2743   5.806272     0.0220  -160.0000     0.0807 2.1282e+03     2.4806    179.312 0.0000e+00
    526.000      2.355    29.2944   5.809662    -0.0147  -110.0000     0.0811 1.1548e+03     2.4802    179.414 0.0000e+00
    526.250      2.435    29.3005   5.812020     0.0220    10.0000     0.0807 1.4787e+03     2.4804    179.665 0.0000e+00
    526.500      2.575    29.2899   5.809772    -0.0073   -20.0000     0.0809 1.4493e+03     2.4794    179.784 0.0000e+00
    526.750      2.700    29.2742   5.805862     0.0220  -110.0000     0.0825 1.0397e+03     2.4802    179.936 0.0000e+00
    527.000      2.802    29.2619   5.804294     0.0294    10.0000     0.0820 9.4412e+02     2.4799    180.196 0.0000e+00
    527.250      2.840    29.2564   5.803924     0.0000   120.0000     0.0823 1.5721e+03     2.4793    180.066 0.0000e+00
    527.500      2.805    29.2556   5.804405     0.0073  -270.0000     0.0823 2.3377e+03     2.4789    179.961 0.0000e+00
    527.750      2.711    29.2571   5.804775     0.0220  -110.0000     0.0827 1.4893e+03     2.4780    179.874 0.0000e+00
    528.000      2.582    29.2617   5.805413     0.0147  -130.0000     0.0821 7.5065e+02     2.4785    179.773 0.0000e+00
    528.250      2.447    29.2732   5.806343     0.0073  -330.0000     0.0825 2.2372e+03     2.4769    179.568 0.0000e+00
    528.500      2.345    29.2851   5.809213     0.0147  -110.0000     0.0857 2.0867e+03     2.4773    179.531 0.0000e+00
    528.750      2.295    29.2942   5.809741     0.0073   -20.0000     0.0857 1.4091e+03     2.4757    179.438 0.0000e+00
    529.000      2.278    29.3009   5.810411     0.0220   -20.0000     0.0851 1.2895e+03     2.4774    179.499 0.0000e+00
    529.250      2.295    29.3062   5.810671    -0.0220  -220.0000     0.0834 1.5498e+03     2.4771    179.628 0.0000e+00
    529.500      2.325    29.3115   5.811159     0.0147   -50.0000     0.0829 1.4318e+03     2.4773    179.767 0.0000e+00
    529.750      2.369    29.3158   5.811830     0.0147  -470.0000     0.0830 1.2800e+03     2.4767    179.843 0.0000e+00
    530.000      2.391    29.3196   5.812050    -0.0220  -270.0000     0.0813 1.5019e+03     2.4755    180.089 0.0000e+00
    530.250      2.402    29.3214   5.812429    -0.0073  -190.0000     0.0805 1.1169e+03     2.4742    180.183 0.0000e+00
    530.500      2.405    29.3224   5.812200     0.0220  -240.0000     0.0803 1.2050e+03     2.4732    180.363 0.0000e+00
    530.750      2.413    29.3234   5.812350     0.0441  -240.0000     0.0811 1.3849e+03     2.4741    180.369 0.0000e+00
    531.000      2.400    29.3273   5.812350     0.0220   -20.0000     0.0794 2.3805e+03     2.4735    180.299 0.0000e+00
    531.250      2.362    29.3344   5.813548     0.0220    90.0000     0.0796 8.5598e+02     2.4741    180.259 0.0000e+00
    531.500      2.309    29.3399   5.814708     0.0220  -380.0000     0.0790 1.8362e+03     2.4757    180.076 0.0000e+00
    531.750      2.258    29.3444   5.814889     0.0073    90.0000     0.0809 1.0357e+03     2.4760    180.074 0.0000e+00
    532.000      2.224    29.3423   5.815189    -0.0073    60.0000     0.0805 1.3825e+03     2.4771    179.962 0.0000e+00
    532.250      2.202    29.3399   5.813548     0.0000   120.0000     0.0803 1.5905e+03     2.4770    179.861 0.0000e+00
    532.500      2.189    29.3430   5.814108    -0.0367   280.0000     0.0827 1.7082e+03     2.4773    179.782 0.0000e+00
    532.750      2.149    29.3484   5.815338     0.0220  -110.0000     0.0833 1.2437e+03     2.4756    179.673 0.0000e+00
    533.000      2.125    29.3468   5.816048     0.0367  -190.0000     0.0833 1.1862e+03     2.4748    179.711 0.0000e+00
    533.250      2.140    29.3456   5.814068     0.0220   -20.0000     0.0827 9.1694e+02     2.4748    179.534 0.0000e+00
    533.500      2.167    29.3464   5.814762     0.0073  -240.0000     0.0797 1.5173e+03     2.4754    179.568 0.0000e+00
    533.750      2.180    29.3478   5.815078     0.0220   140.0000     0.0798 1.2386e+03     2.4761    179.377 0.0000e+00
    534.000      2.187    29.3500   5.815149    -0.0220  -300.0000     0.0798 1.0184e+03     2.4773    179.568 0.0000e+00
    534.250      2.176    29.3534   5.815788     0.0220  -160.0000     0.0799 1.1691e+03     2.4773    179.564 0.0000e+00
    534.500      2.158    29.3581   5.816159     0.0220  -160.0000     0.0801 1.1967e+03     2.4779    179.603 0.0000e+00
    534.750      2.131    29.3662   5.816987     0.0000    10.0000     0.0802 2.0083e+03     2.4794    179.554 0.0000e+00
    535.000      2.096    29.3786   5.818438    -0.0294   -20.0000     0.0778 1.5006e+03     2.4791    179.412 0.0000e+00
    535.250      2.073    29.3878   5.820608     0.0000    30.0000     0.0780 9.8246e+02     2.4782    179.242 0.0000e+00
    535.500      2.073    29.3878   5.820758     0.0294  -220.0000     0.0780 2.2271e+03     2.4747    179.065 0.0000e+00
    535.750      2.100    29.3837   5.818666     0.0294   -50.0000     0.0777 2.4885e+03     2.4723    179.135 0.0000e+00
    536.000      2.156    29.3766   5.818217     0.0000  -130.0000     0.0776 1.2478e+03     2.4715    179.037 0.0000e+00
    536.250      2.225    29.3728   5.817247     0.0220  -160.0000     0.0776 1.0813e+03     2.4711    179.126 0.0000e+00
    536.500      2.293    29.3710   5.817286     0.0220  -350.0000     0.0773 1.1215e+03     2.4704    179.356 0.0000e+00
    536.750      2.327    29.3682   5.817357    -0.0073   -50.0000     0.0777 1.1223e+03     2.4725    179.476 0.0000e+00
    537.000      2.316    29.3652   5.816718     0.0220  -160.0000     0.0780 2.7394e+03     2.4725    179.687 0.0000e+00
    537.250      2.276    29.3634   5.816497    -0.0073  -110.0000     0.0784 1.4402e+03     2.4740    179.743 0.0000e+00
    537.500      2.195    29.3638   5.816718     0.0220  -190.0000     0.0788 1.0364e+03     2.4754    179.802 0.0000e+00
    537.750      2.087    29.3663   5.816797     0.0220    90.0000     0.0788 2.3759e+03     2.4747    179.600 0.0000e+00
    538.000      1.975    29.3720   5.817728     0.0000   140.0000     0.0793 1.9017e+03     2.4747    179.459 0.0000e+00
    538.250      1.875    29.3785   5.818777     0.0220   140.0000     0.0820 1.4340e+03     2.4757    179.378 0.0000e+00
    538.500      1.824    29.3868   5.819519     0.0073  -110.0000     0.0821 8.6567e+02     2.4770    179.353 0.0000e+00
    538.750      1.835    29.3968   5.820686     0.0220   -80.0000     0.0820 1.3200e+03     2.4785    179.396 0.0000e+00
    539.000      1.889    29.4016   5.821736     0.0220  -160.0000     0.0819 1.8188e+03     2.4786    179.501 0.0000e+00
    539.250      1.991    29.3969   5.821057     0.0220  -220.0000     0.0797 2.7477e+03     2.4789    179.541 0.0000e+00
    539.500      2.107    29.3875   5.819187     0.0367   -20.0000     0.0796 7.6375e+02     2.4761    179.649 0.0000e+00
    539.750      2.236    29.3756   5.817657     0.0220  -110.0000     0.0799 2.7081e+03     2.4748    179.905 0.0000e+00
    540.000      2.344    29.3625   5.816276     0.0073  -160.0000     0.0831 1.1929e+03     2.4743    179.941 0.0000e+00
    540.250      2.413    29.3546   5.814857     0.0073  -240.0000     0.0832 1.1075e+03     2.4735    179.869 0.0000e+00
    540.500      2.449    29.3494   5.815078     0.0220    90.0000     0.0830 1.2221e+03     2.4750    179.460 0.0000e+00
    540.750      2.440    29.3494   5.814518     0.0147  -130.0000     0.0819 1.5789e+03     2.4751    179.113 0.0000e+00
    541.000      2.389    29.3552   5.815717     0.0367   -50.0000     0.0815 1.2405e+03     2.4753    178.905 0.0000e+00
    541.250      2.294    29.3578   5.817018     0.0000  -110.0000     0.0811 1.8196e+03     2.4767    178.771 0.0000e+00
    541.500      2.173    29.3598   5.816277     0.0147    90.0000     0.0814 8.6342e+02     2.4776    178.629 0.0000e+00
    541.750      2.038    29.3653   5.816837     0.0147  -160.0000     0.0780 1.4752e+03     2.4780    178.838 0.0000e+00
    542.000      1.913    29.3741   5.818217     0.0220  -270.0000     0.0777 2.9402e+03     2.4771    178.915 0.0000e+00
    542.250      1.822    29.3828   5.819377     0.0073    30.0000     0.0782 1.1049e+03     2.4769    179.176 0.0000e+00
    542.500      1.778    29.3918   5.820308    -0.0367   140.0000     0.0796 1.6103e+03     2.4773    179.456 0.0000e+00
    542.750      1.818    29.4030   5.821286     0.0147    30.0000     0.0796 1.7634e+03     2.4794    179.458 0.0000e+00
    543.000      1.905    29.4061   5.822817     0.0220  -300.0000     0.0794 1.4480e+03     2.4795    179.458 0.0000e+00
    543.250      2.038    29.4037   5.821136    -0.0220    10.0000     0.0859 1.2032e+03     2.4790    179.562 0.0000e+00
    543.500      2.178    29.3939   5.820725     0.0147  -110.0000     0.0858 1.8137e+03     2.4777    179.684 0.0000e+00
    543.750      2.309    29.3746   5.818406     0.0073   120.0000     0.0859 9.7252e+02     2.4767    179.844 0.0000e+00
    544.000      2.414    29.3604   5.815038    -0.0294  -220.0000     0.0862 9.1536e+02     2.4768    179.919 0.0000e+00
    544.250      2.471    29.3492   5.814707     0.0073  -220.0000     0.0790 1.7302e+03     2.4767    179.975 0.0000e+00
    544.500      2.471    29.3475   5.813769    -0.0073   -20.0000     0.0792 1.1681e+03     2.4770    179.696 0.0000e+00
    544.750      2.434    29.3544   5.815488     0.0220  -330.0000     0.0791 1.1162e+03     2.4767    179.522 0.0000e+00
    545.000      2.358    29.3605   5.817429    -0.0147    10.0000     0.0797 1.1808e+03     2.4770    179.366 0.0000e+00
    545.250      2.254    29.3631   5.817168     0.0367   120.0000     0.0801 1.2124e+03     2.4774    179.161 0.0000e+00
    545.500      2.131    29.3695   5.817168     0.0220  -240.0000     0.0796 1.3320e+03     2.4781    179.238 0.0000e+00
    545.750      1.998    29.3799   5.818738     0.0441  -130.0000     0.0803 1.5861e+03     2.4788    179.217 0.0000e+00
    546.000      1.880    29.3907   5.820497     0.0073  -160.0000     0.0806 1.0918e+03     2.4781    179.254 0.0000e+00
    546.250      1.795    29.3997   5.821325     0.0220  -160.0000     0.0803 1.4189e+03     2.4789    179.443 0.0000e+00
    546.500      1.747    29.4081   5.822296     0.1836  -110.0000     0.0805 1.3997e+03     2.4793    179.623 0.0000e+00
    546.750      1.776    29.4160   5.822746     0.0294  -330.0000     0.0805 1.6637e+03     2.4805    179.716 0.0000e+00
    547.000      1.878    29.4182   5.823716     0.0073   -20.0000     0.0804 1.4813e+03     2.4805    179.620 0.0000e+00
    547.250      2.049    29.4098   5.822745     0.0073   -80.0000     0.0804 1.7471e+03     2.4789    179.573 0.0000e+00
    547.500      2.231    29.3877   5.819826     0.0073   -80.0000     0.0794 1.4337e+03     2.4774    179.590 0.0000e+00
    547.750      2.393    29.3643   5.815377     0.0000   -50.0000     0.0795 1.1293e+03     2.4744    179.851 0.0000e+00
    548.000      2.494    29.3498   5.813808     0.0220  -130.0000     0.0793 1.8825e+03     2.4738    179.924 0.0000e+00
    548.250      2.525    29.3423   5.813658     0.0073    10.0000     0.0818 1.1269e+03     2.4737    179.913 0.0000e+00
    548.500      2.487    29.3440   5.813769     0.0220   -80.0000     0.0821 1.0120e+03     2.4738    179.780 0.0000e+00
    548.750      2.373    29.3519   5.815717     0.0220   120.0000     0.0817 9.3923e+02     2.4749    179.658 0.0000e+00
    549.000      2.214    29.3611   5.817137    -0.0220  -270.0000     0.0793 1.5518e+03     2.4763    179.626 0.0000e+00
    549.250      2.049    29.3733   5.818028     0.0073  -110.0000     0.0792 9.8800e+02     2.4781    179.541 0.0000e+00
    549.500      1.896    29.3891   5.820048     0.0073  -220.0000     0.0791 1.7498e+03     2.4796    179.489 0.0000e+00
    549.750      1.796    29.4010   5.822367     0.0147  -240.0000     0.0793 2.3135e+03     2.4799    179.380 0.0000e+00
    550.000      1.764    29.4094   5.822296     0.0073  -270.0000     0.0815 1.4371e+03     2.4806    179.398 0.0000e+00
    550.250      1.805    29.4164   5.822927     0.0073  -270.0000     0.0820 1.2024e+03     2.4810    179.461 0.0000e+00
    550.500      1.907    29.4165   5.823645     0.0147   -80.0000     0.0817 1.4443e+03     2.4806    179.566 0.0000e+00
    550.750      2.038    29.4114   5.822185     0.0000    60.0000     0.0794 9.7716e+02     2.4809    179.674 0.0000e+00
    551.000      2.184    29.4072   5.821246     0.0220   140.0000     0.0793 9.1338e+02     2.4787    179.625 0.0000e+00
    551.250      2.311    29.3940   5.821357    -0.0294    60.0000     0.0792 1.1419e+03     2.4779    179.725 0.0000e+00
    551.500      2.400    29.3822   5.817207     0.0220    30.0000     0.0814 1.1711e+03     2.4757    179.810 0.0000e+00
    551.750      2.442    29.3803   5.817696    -0.0073    60.0000     0.0821 9.9961e+02     2.4757    179.980 0.0000e+00
    552.000      2.431    29.3814   5.818856     0.0000    60.0000     0.0814 1.2665e+03     2.4741    180.003 0.0000e+00
    552.250      2.367    29.3805   5.819337    -0.0147  -190.0000     0.0817 1.6127e+03     2.4747    179.822 0.0000e+00
    552.500      2.265    29.3822   5.818438     0.0220  -110.0000     0.0777 1.5981e+03     2.4744    179.613 0.0000e+00
    552.750      2.147    29.3878   5.819337     0.0294   140.0000     0.0777 9.6289e+02     2.4763    179.219 0.0000e+00
    553.000      2.024    29.3943   5.820686     0.0220  -240.0000     0.0775 1.2524e+03     2.4767    179.056 0.0000e+00
    553.250      1.922    29.4016   5.821286     0.0441    30.0000     0.0776 2.0447e+03     2.4788    178.937 0.0000e+00
    553.500      1.864    29.4095   5.822367     0.0220   -80.0000     0.0774 1.7966e+03     2.4803    178.887 0.0000e+00
    553.750      1.851    29.4146   5.823117     0.0220  -110.0000     0.0778 9.9099e+02     2.4799    178.980 0.0000e+00
    554.000      1.893    29.4226   5.823227     0.0220    30.0000     0.0843 1.0063e+03     2.4771    179.188 0.0000e+00
    554.250      1.967    29.4384   5.824466     0.0220   -50.0000     0.0844 1.2635e+03     2.4747    179.497 0.0000e+00
    554.500      2.080    29.4524   5.827837     0.0147  -380.0000     0.0841 1.2778e+03     2.4725    179.753 0.0000e+00
    554.750      2.207    29.4556   5.828326     0.0367   140.0000     0.0845 9.1595e+02     2.4725    179.878 0.0000e+00
    555.000      2.333    29.4486   5.826976     0.0073  -110.0000     0.0825 6.3947e+02     2.4725    179.962 0.0000e+00
    555.250      2.420    29.4425   5.824505     0.0294  -130.0000     0.0831 2.0438e+03     2.4744    180.028 0.0000e+00
    555.500      2.451    29.4402   5.824987     0.0294    10.0000     0.0823 1.6405e+03     2.4755    179.972 0.0000e+00
    555.750      2.414    29.4421   5.824916     0.0294    60.0000     0.0778 1.3089e+03     2.4779    179.944 0.0000e+00
    556.000      2.320    29.4423   5.826036    -0.0073  -160.0000     0.0780 1.1780e+03     2.4806    179.629 0.0000e+00
    556.250      2.180    29.4431   5.825326     0.0147  -220.0000     0.0784 1.1936e+03     2.4825    179.432 0.0000e+00
    556.500      2.016    29.4446   5.825815     0.0294    30.0000     0.0776 1.6260e+03     2.4832    179.097 0.0000e+00
    556.750      1.867    29.4456   5.825965     0.0367  -160.0000     0.0773 1.3635e+03     2.4827    179.026 0.0000e+00
    557.000      1.751    29.4474   5.826076     0.0220    10.0000     0.0776 1.7915e+03     2.4825    178.787 0.0000e+00
