cruises/P45_06/L2/CTD/Align_CTD/P45_06_CTD_02_al.cnv
* Sea-Bird SBE19plus  Data File:
* FileName = C:\Users\OA_2023-03\Desktop\Bathymetry\ctd_casts\J3_15_04_25002.hex
* Software version 2.3.0 SB_Terminal.dll
* Temperature SN = 8460
* Conductivity SN = 8460
* System UpLoad Time = Apr 15 2026 17:07:40
* <ApplicationData>
* <SeatermAF>
# nquan = 11
# nvalues = 4648                        
# units = specified
# name 0 = timeS: Time, Elapsed [seconds]
# name 1 = prdM: Pressure, Strain Gauge [db]
# name 2 = tv290C: Temperature [ITS-90, deg C]
# name 3 = c0S/m: Conductivity [S/m]
# name 4 = flECO-AFL: Fluorescence, WET Labs ECO-AFL/FL [mg/m^3]
# name 5 = flECO-AFL1: Fluorescence, WET Labs ECO-AFL/FL, 2 [mg/m^3]
# name 6 = CStarAt0: Beam Attenuation, WET Labs C-Star [1/m]
# name 7 = par/sat/log: PAR/Logarithmic, Satlantic [umol photons/m^2/sec]
# name 8 = sbeox0V: Oxygen raw, SBE 43 [V]
# name 9 = sbeox0Mm/L: Oxygen, SBE 43 [umol/l]
# name 10 = flag:  0.000e+00
# span 0 =      0.000,   1161.750       
# span 1 =     -0.086,    166.180       
# span 2 =    16.1425,    30.5526       
# span 3 =  -0.000099,   5.863078       
# span 4 =   -49.0499,    29.9382       
# span 5 = -2.549e+05, 3.0652e+05       
# span 6 =    -0.1028,    15.9730       
# span 7 = 1.1779e-01, 1.7699e+03       
# span 8 =     1.2862,     2.7244       
# span 9 =     91.170,    231.446       
# span 10 = 0.0000e+00, 0.0000e+00      
# interval = seconds: 0.25
# start_time = Apr 15 2026 15:54:22 [Instrument's time stamp, header]
# bad_flag = -9.990e-29
*END*
[from data line 3673]
    918.250     18.417    29.1373   5.751528     0.0294   170.0000     0.0566 1.0063e+02     2.5135    184.228 0.0000e+00
    918.500     18.295    29.1386   5.751568     0.0588   120.0000     0.0566 9.9544e+01     2.5133    184.354 0.0000e+00
    918.750     18.199    29.1410   5.751866     0.0441   120.0000     0.0566 1.0117e+02     2.5131    184.357 0.0000e+00
    919.000     18.110    29.1428   5.752156     0.0661   -50.0000     0.0577 1.0104e+02     2.5125    184.599 0.0000e+00
    919.250     18.028    29.1438   5.752305     0.0367   -20.0000     0.0583 1.0283e+02     2.5116    184.606 0.0000e+00
    919.500     17.955    29.1432   5.752195     0.0441   140.0000     0.0579 1.0594e+02     2.5115    184.597 0.0000e+00
    919.750     17.881    29.1412   5.751826     0.0367   140.0000     0.0585 1.0747e+02     2.5111    184.509 0.0000e+00
    920.000     17.799    29.1401   5.751528     0.0367   170.0000     0.0555 1.0925e+02     2.5112    184.308 0.0000e+00
    920.250     17.701    29.1395   5.751496     0.0441   230.0000     0.0557 1.0800e+02     2.5113    184.129 0.0000e+00
    920.500     17.583    29.1388   5.751528     0.0441   200.0000     0.0557 1.0930e+02     2.5115    184.026 0.0000e+00
    920.750     17.434    29.1385   5.751418     0.0588   140.0000     0.0560 1.0934e+02     2.5117    183.887 0.0000e+00
    921.000     17.252    29.1390   5.751418     0.0441    90.0000     0.0560 1.0814e+02     2.5121    183.626 0.0000e+00
    921.250     17.050    29.1396   5.751645     0.0588   230.0000     0.0563 1.0779e+02     2.5138    183.556 0.0000e+00
    921.500     16.837    29.1409   5.751606     0.0441   120.0000     0.0573 1.0754e+02     2.5139    183.491 0.0000e+00
    921.750     16.638    29.1428   5.752014     0.0441   250.0000     0.0572 1.1072e+02     2.5141    183.566 0.0000e+00
    922.000     16.463    29.1443   5.752194     0.0661    30.0000     0.0572 1.1183e+02     2.5145    183.738 0.0000e+00
    922.250     16.329    29.1456   5.752234     0.0441  -110.0000     0.0568 1.1273e+02     2.5149    183.957 0.0000e+00
    922.500     16.219    29.1469   5.752265     0.0367   140.0000     0.0526 1.1759e+02     2.5153    184.184 0.0000e+00
    922.750     16.127    29.1488   5.752485     0.0367   140.0000     0.0528 1.1910e+02     2.5167    184.488 0.0000e+00
    923.000     16.043    29.1501   5.752673     0.0367   120.0000     0.0525 1.2268e+02     2.5152    184.545 0.0000e+00
    923.250     15.960    29.1495   5.752673     0.0441   230.0000     0.0574 1.2181e+02     2.5148    184.523 0.0000e+00
    923.500     15.872    29.1495   5.752304     0.0294   -20.0000     0.0578 1.2276e+02     2.5157    184.478 0.0000e+00
    923.750     15.778    29.1490   5.752524     0.0367   120.0000     0.0572 1.1969e+02     2.5151    184.398 0.0000e+00
    924.000     15.663    29.1490   5.752264     0.0661   200.0000     0.0536 1.1635e+02     2.5147    184.240 0.0000e+00
    924.250     15.542    29.1491   5.752484     0.0441    60.0000     0.0532 1.1215e+02     2.5138    184.057 0.0000e+00
    924.500     15.398    29.1495   5.752453     0.0367   140.0000     0.0533 1.0807e+02     2.5147    183.970 0.0000e+00
    924.750     15.242    29.1497   5.752453     0.0220   200.0000     0.0539 1.0854e+02     2.5144    183.870 0.0000e+00
    925.000     15.060    29.1502   5.752484     0.0367   -50.0000     0.0541 1.0735e+02     2.5149    183.877 0.0000e+00
    925.250     14.860    29.1514   5.752712     0.0367   200.0000     0.0540 1.0963e+02     2.5145    183.900 0.0000e+00
    925.500     14.638    29.1519   5.752782     0.0441   250.0000     0.0543 1.0866e+02     2.5152    183.931 0.0000e+00
    925.750     14.407    29.1520   5.752743     0.0441    60.0000     0.0551 1.0854e+02     2.5155    183.977 0.0000e+00
    926.000     14.176    29.1532   5.752782     0.0441    90.0000     0.0553 1.1222e+02     2.5163    184.051 0.0000e+00
    926.250     13.957    29.1548   5.753041     0.0441   140.0000     0.0552 1.1003e+02     2.5160    184.267 0.0000e+00
    926.500     13.760    29.1561   5.753080     0.0294   140.0000     0.0591 1.1171e+02     2.5168    184.316 0.0000e+00
    926.750     13.595    29.1569   5.753300     0.0147   140.0000     0.0593 1.1447e+02     2.5163    184.352 0.0000e+00
    927.000     13.464    29.1572   5.753111     0.0441   170.0000     0.0591 1.1364e+02     2.5163    184.405 0.0000e+00
    927.250     13.362    29.1574   5.753260     0.0294   200.0000     0.0589 1.1349e+02     2.5159    184.443 0.0000e+00
    927.500     13.275    29.1573   5.753150     0.0441   170.0000     0.0586 1.1490e+02     2.5155    184.476 0.0000e+00
    927.750     13.197    29.1600   5.753079     0.0441   200.0000     0.0584 1.1433e+02     2.5152    184.614 0.0000e+00
    928.000     13.126    29.1616   5.753817     0.0441   120.0000     0.0590 1.1582e+02     2.5152    184.433 0.0000e+00
    928.250     13.026    29.1607   5.753629     0.0367    10.0000     0.0653 1.1972e+02     2.5161    184.334 0.0000e+00
    928.500     12.908    29.1592   5.753150     0.0441   140.0000     0.0648 1.2747e+02     2.5163    184.399 0.0000e+00
    928.750     12.748    29.1594   5.752969     0.0441   120.0000     0.0651 1.3875e+02     2.5161    184.324 0.0000e+00
    929.000     12.561    29.1603   5.753479     0.0220   170.0000     0.0602 1.4627e+02     2.5169    184.248 0.0000e+00
    929.250     12.359    29.1623   5.753369     0.0220    60.0000     0.0598 1.5087e+02     2.5170    184.111 0.0000e+00
    929.500     12.150    29.1643   5.753887     0.0441   -50.0000     0.0604 1.4754e+02     2.5189    184.162 0.0000e+00
    929.750     11.961    29.1655   5.754107     0.0367   140.0000     0.0588 1.4905e+02     2.5202    184.112 0.0000e+00
    930.000     11.801    29.1660   5.753926     0.0441   170.0000     0.0580 1.5280e+02     2.5206    184.195 0.0000e+00
    930.250     11.686    29.1671   5.753997     0.0294    90.0000     0.0584 1.4764e+02     2.5199    184.158 0.0000e+00
    930.500     11.616    29.1685   5.754146     0.0367   140.0000     0.0581 1.4142e+02     2.5191    184.230 0.0000e+00
    930.750     11.565    29.1711   5.754327     0.0441   230.0000     0.0679 1.5317e+02     2.5172    184.292 0.0000e+00
    931.000     11.536    29.1738   5.754774     0.0367   200.0000     0.0677 1.6011e+02     2.5170    184.405 0.0000e+00
    931.250     11.490    29.1756   5.754915     0.0441    90.0000     0.0676 1.6647e+02     2.5162    184.388 0.0000e+00
    931.500     11.434    29.1752   5.755025     0.0367    90.0000     0.0577 1.8306e+02     2.5163    184.455 0.0000e+00
    931.750     11.323    29.1733   5.754625     0.0294   200.0000     0.0577 1.7111e+02     2.5175    184.411 0.0000e+00
    932.000     11.176    29.1725   5.754177     0.0294    90.0000     0.0578 1.6741e+02     2.5173    184.397 0.0000e+00
    932.250     10.965    29.1732   5.754475     0.0661    90.0000     0.0582 1.7196e+02     2.5181    184.332 0.0000e+00
    932.500     10.721    29.1752   5.754585     0.0367   230.0000     0.0580 1.7383e+02     2.5168    184.248 0.0000e+00
    932.750     10.470    29.1781   5.755284     0.0367    90.0000     0.0578 1.7603e+02     2.5181    184.170 0.0000e+00
    933.000     10.232    29.1801   5.755511     0.0294   140.0000     0.0581 1.7353e+02     2.5177    184.128 0.0000e+00
    933.250     10.027    29.1819   5.755692     0.0735    90.0000     0.0580 1.7222e+02     2.5182    184.213 0.0000e+00
    933.500      9.860    29.1825   5.755652     0.0514   230.0000     0.0584 1.5925e+02     2.5181    184.237 0.0000e+00
    933.750      9.754    29.1837   5.755692     0.0367   170.0000     0.0582 1.6036e+02     2.5178    184.234 0.0000e+00
    934.000      9.698    29.1851   5.755990     0.0441    90.0000     0.0575 1.7115e+02     2.5168    184.332 0.0000e+00
    934.250      9.687    29.1863   5.756061     0.0441   120.0000     0.0572 1.6464e+02     2.5160    184.366 0.0000e+00
    934.500      9.714    29.1885   5.756171     0.0441    90.0000     0.0582 1.7413e+02     2.5155    184.604 0.0000e+00
    934.750      9.729    29.1911   5.756579     0.0367    30.0000     0.0603 1.8113e+02     2.5145    184.777 0.0000e+00
    935.000      9.716    29.1933   5.756909     0.0588   120.0000     0.0598 1.8799e+02     2.5144    184.838 0.0000e+00
    935.250      9.660    29.1925   5.756948     0.0367   -20.0000     0.0597 2.1619e+02     2.5147    184.750 0.0000e+00
    935.500      9.542    29.1899   5.756390     0.0441    90.0000     0.0638 2.1156e+02     2.5152    184.648 0.0000e+00
    935.750      9.365    29.1899   5.756021     0.0441   200.0000     0.0634 2.1498e+02     2.5162    184.396 0.0000e+00
    936.000      9.138    29.1916   5.756500     0.0441    90.0000     0.0639 1.9891e+02     2.5171    184.289 0.0000e+00
    936.250      8.873    29.1938   5.756837     0.0367    90.0000     0.0636 1.8885e+02     2.5185    184.111 0.0000e+00
    936.500      8.604    29.1972   5.757057     0.0441    10.0000     0.0579 2.0432e+02     2.5196    184.029 0.0000e+00
    936.750      8.342    29.2015   5.757717     0.0441    60.0000     0.0581 1.7059e+02     2.5202    184.115 0.0000e+00
    937.000      8.109    29.2033   5.758235     0.0441   -50.0000     0.0584 1.6529e+02     2.5206    184.109 0.0000e+00
    937.250      7.908    29.2047   5.757905     0.0367    90.0000     0.0578 1.9037e+02     2.5214    184.249 0.0000e+00
    937.500      7.751    29.2075   5.758234     0.0073    10.0000     0.0577 2.4282e+02     2.5225    184.161 0.0000e+00
    937.750      7.637    29.2096   5.758674     0.0367    90.0000     0.0572 2.9406e+02     2.5233    184.337 0.0000e+00
    938.000      7.553    29.2110   5.758792     0.0441   170.0000     0.0561 2.8758e+02     2.5247    184.304 0.0000e+00
    938.250      7.488    29.2139   5.758753     0.0220   120.0000     0.0563 2.3395e+02     2.5246    184.355 0.0000e+00
    938.500      7.441    29.2198   5.759342     0.0147    90.0000     0.0568 1.8258e+02     2.5262    184.324 0.0000e+00
    938.750      7.393    29.2249   5.760410     0.0294   -80.0000     0.0563 1.6109e+02     2.5259    184.253 0.0000e+00
    939.000      7.319    29.2255   5.760779     0.0514    10.0000     0.0577 1.7806e+02     2.5257    184.117 0.0000e+00
    939.250      7.203    29.2230   5.759930     0.0220    30.0000     0.0580 2.1479e+02     2.5247    183.993 0.0000e+00
    939.500      7.039    29.2222   5.759302     0.0367   170.0000     0.0581 2.4130e+02     2.5235    183.917 0.0000e+00
    939.750      6.819    29.2249   5.759859     0.0367   140.0000     0.0590 2.8039e+02     2.5218    183.754 0.0000e+00
    940.000      6.548    29.2328   5.760409     0.0294   170.0000     0.0594 3.0304e+02     2.5206    183.707 0.0000e+00
    940.250      6.243    29.2459   5.762334     0.0367   120.0000     0.0589 3.4871e+02     2.5218    183.708 0.0000e+00
    940.500      5.932    29.2693   5.764101     0.0220    90.0000     0.0628 2.7828e+02     2.5222    183.741 0.0000e+00
    940.750      5.639    29.2943   5.768721     0.0294    30.0000     0.0625 2.6090e+02     2.5240    183.826 0.0000e+00
    941.000      5.381    29.3086   5.770945     0.0220   120.0000     0.0620 2.7582e+02     2.5253    183.916 0.0000e+00
    941.250      5.169    29.3207   5.770497     0.0514   120.0000     0.0602 3.2126e+02     2.5260    184.070 0.0000e+00
    941.500      5.012    29.3279   5.772092     0.0367   250.0000     0.0602 2.1535e+02     2.5271    184.203 0.0000e+00
    941.750      4.887    29.3395   5.771832     0.0367   200.0000     0.0608 1.7215e+02     2.5268    184.294 0.0000e+00
    942.000      4.796    29.3668   5.774529     0.0367   250.0000     0.0605 2.8621e+02     2.5263    184.322 0.0000e+00
    942.250      4.721    29.4179   5.779161     0.0294   -50.0000     0.0569 3.4214e+02     2.5258    184.334 0.0000e+00
    942.500      4.681    29.4723   5.790005     0.0514   140.0000     0.0573 2.6311e+02     2.5244    184.297 0.0000e+00
    942.750      4.651    29.5222   5.794949     0.0441   230.0000     0.0575 2.2810e+02     2.5224    184.194 0.0000e+00
    943.000      4.634    29.5588   5.799445     0.0367   200.0000     0.0550 1.9078e+02     2.5209    184.155 0.0000e+00
    943.250      4.621    29.5877   5.801343     0.0220   140.0000     0.0555 2.3049e+02     2.5205    183.990 0.0000e+00
    943.500      4.602    29.6129   5.803580     0.0294    60.0000     0.0552 2.9089e+02     2.5211    184.040 0.0000e+00
    943.750      4.556    29.6274   5.806228     0.0441   170.0000     0.0627 3.2203e+02     2.5218    183.912 0.0000e+00
    944.000      4.458    29.6251   5.805707     0.0367    90.0000     0.0628 3.8015e+02     2.5221    183.809 0.0000e+00
    944.250      4.304    29.6215   5.802570     0.0294    60.0000     0.0631 3.5472e+02     2.5225    183.635 0.0000e+00
    944.500      4.095    29.6299   5.803248     0.0367   170.0000     0.0632 3.6889e+02     2.5228    183.427 0.0000e+00
    944.750      3.845    29.6385   5.806377     0.0294   140.0000     0.0550 2.9578e+02     2.5229    183.147 0.0000e+00
    945.000      3.580    29.6518   5.806156     0.0294   120.0000     0.0544 3.0003e+02     2.5226    182.900 0.0000e+00
    945.250      3.313    29.6626   5.809506     0.0441   200.0000     0.0549 2.7079e+02     2.5228    182.917 0.0000e+00
    945.500      3.073    29.6690   5.809434     0.0220    90.0000     0.0544 3.1452e+02     2.5228    182.906 0.0000e+00
    945.750      2.886    29.6737   5.809623     0.0441    10.0000     0.0542 3.3627e+02     2.5237    183.108 0.0000e+00
    946.000      2.755    29.6799   5.809994     0.0220   170.0000     0.0540 2.7997e+02     2.5248    183.308 0.0000e+00
    946.250      2.684    29.6860   5.810924     0.0367   140.0000     0.0541 3.3707e+02     2.5261    183.468 0.0000e+00
    946.500      2.653    29.6906   5.811562     0.0441    30.0000     0.0538 4.0180e+02     2.5250    183.665 0.0000e+00
    946.750      2.640    29.6955   5.811823     0.0367   -20.0000     0.0538 2.6006e+02     2.5251    183.684 0.0000e+00
    947.000      2.624    29.6995   5.812422     0.0441    60.0000     0.0544 3.7274e+02     2.5243    183.613 0.0000e+00
    947.250      2.582    29.7015   5.812643     0.0367   200.0000     0.0535 4.2791e+02     2.5244    183.487 0.0000e+00
    947.500      2.497    29.7007   5.812603     0.0147    30.0000     0.0531 3.9303e+02     2.5244    183.255 0.0000e+00
    947.750      2.357    29.6975   5.812082     0.0367    60.0000     0.0530 3.8537e+02     2.5220    182.924 0.0000e+00
    948.000      2.170    29.6946   5.811373     0.0147    30.0000     0.0536 3.5121e+02     2.5205    182.670 0.0000e+00
    948.250      1.952    29.6930   5.811333     0.0514   250.0000     0.0534 4.2892e+02     2.5202    182.555 0.0000e+00
    948.500      1.701    29.6930   5.811412     0.0220   140.0000     0.0534 4.2266e+02     2.5198    182.574 0.0000e+00
    948.750      1.466    29.6933   5.811593     0.0294    90.0000     0.0594 5.5727e+02     2.5202    182.679 0.0000e+00
    949.000      1.303    29.6952   5.811711     0.0441    90.0000     0.0591 5.6859e+02     2.5211    182.758 0.0000e+00
    949.250      1.252    29.6982   5.812192     0.0367   140.0000     0.0594 6.1678e+02     2.5245    182.876 0.0000e+00
    949.500      1.217    29.6991   5.812342     0.0367   120.0000     0.0640 5.6687e+02     2.5242    182.993 0.0000e+00
    949.750      1.212    29.7004   5.812342     0.0441    10.0000     0.0635 4.1317e+02     2.5244    183.070 0.0000e+00
    950.000      1.212    29.7015   5.812452     0.0294    90.0000     0.0636 4.7360e+02     2.5252    183.065 0.0000e+00
    950.250      1.239    29.7020   5.812602     0.0220   120.0000     0.0638 3.6225e+02     2.5241    183.076 0.0000e+00
    950.500      1.281    29.7027   5.812642     0.0367   -20.0000     0.0572 5.4581e+02     2.5231    183.039 0.0000e+00
