cruises/P45_06/L2/CTD/Align_CTD/P45_06_CTD_02_al.cnv
* Sea-Bird SBE19plus  Data File:
* FileName = C:\Users\OA_2023-03\Desktop\Bathymetry\ctd_casts\J3_15_04_25002.hex
* Software version 2.3.0 SB_Terminal.dll
* Temperature SN = 8460
* Conductivity SN = 8460
* System UpLoad Time = Apr 15 2026 17:07:40
* <ApplicationData>
* <SeatermAF>
# nquan = 11
# nvalues = 4648                        
# units = specified
# name 0 = timeS: Time, Elapsed [seconds]
# name 1 = prdM: Pressure, Strain Gauge [db]
# name 2 = tv290C: Temperature [ITS-90, deg C]
# name 3 = c0S/m: Conductivity [S/m]
# name 4 = flECO-AFL: Fluorescence, WET Labs ECO-AFL/FL [mg/m^3]
# name 5 = flECO-AFL1: Fluorescence, WET Labs ECO-AFL/FL, 2 [mg/m^3]
# name 6 = CStarAt0: Beam Attenuation, WET Labs C-Star [1/m]
# name 7 = par/sat/log: PAR/Logarithmic, Satlantic [umol photons/m^2/sec]
# name 8 = sbeox0V: Oxygen raw, SBE 43 [V]
# name 9 = sbeox0Mm/L: Oxygen, SBE 43 [umol/l]
# name 10 = flag:  0.000e+00
# span 0 =      0.000,   1161.750       
# span 1 =     -0.086,    166.180       
# span 2 =    16.1425,    30.5526       
# span 3 =  -0.000099,   5.863078       
# span 4 =   -49.0499,    29.9382       
# span 5 = -2.549e+05, 3.0652e+05       
# span 6 =    -0.1028,    15.9730       
# span 7 = 1.1779e-01, 1.7699e+03       
# span 8 =     1.2862,     2.7244       
# span 9 =     91.170,    231.446       
# span 10 = 0.0000e+00, 0.0000e+00      
# interval = seconds: 0.25
# start_time = Apr 15 2026 15:54:22 [Instrument's time stamp, header]
# bad_flag = -9.990e-29
*END*
[from data line 3410]
    852.500     42.622    22.6616   5.167446     0.3746   310.0000     0.0763 1.1363e+01     2.3388    189.430 0.0000e+00
    852.750     42.664    22.6665   5.167881     0.3232   420.0000     0.0763 1.1544e+01     2.3421    189.047 0.0000e+00
    853.000     42.681    22.6683   5.166539     0.2497   530.0000     0.0760 1.2206e+01     2.3462    188.704 0.0000e+00
    853.250     42.642    22.6744   5.166876     0.3011   370.0000     0.0798 1.2887e+01     2.3491    188.149 0.0000e+00
    853.500     42.530    22.6834   5.168113     0.3158   340.0000     0.0803 1.3335e+01     2.3532    187.604 0.0000e+00
    853.750     42.353    22.6919   5.169147     0.3673   310.0000     0.0801 1.3422e+01     2.3560    186.962 0.0000e+00
    854.000     42.139    22.7014   5.169716     0.3158   390.0000     0.0807 1.3286e+01     2.3597    186.446 0.0000e+00
    854.250     41.912    22.7142   5.170991     0.2938   370.0000     0.0802 1.3327e+01     2.3637    186.207 0.0000e+00
    854.500     41.710    22.7259   5.172767     0.3232   310.0000     0.0796 1.3692e+01     2.3676    185.925 0.0000e+00
    854.750     41.564    22.7329   5.173329     0.2424   480.0000     0.0805 1.4267e+01     2.3707    185.761 0.0000e+00
    855.000     41.488    22.7471   5.173464     0.2865   340.0000     0.0831 1.4459e+01     2.3739    185.751 0.0000e+00
    855.250     41.457    22.7809   5.176479     0.2865   280.0000     0.0829 1.3808e+01     2.3781    185.893 0.0000e+00
    855.500     41.464    22.8221   5.182150     0.2497   310.0000     0.0834 1.2871e+01     2.3821    185.926 0.0000e+00
    855.750     41.497    22.8479   5.186413     0.3379   310.0000     0.0851 1.2296e+01     2.3873    186.057 0.0000e+00
    856.000     41.543    22.8606   5.186412     0.2865   310.0000     0.0854 1.2398e+01     2.3926    186.216 0.0000e+00
    856.250     41.586    22.8639   5.186141     0.2497   310.0000     0.0855 1.2865e+01     2.3973    186.357 0.0000e+00
    856.500     41.606    22.8692   5.185338     0.3085   310.0000     0.0824 1.3556e+01     2.4028    186.596 0.0000e+00
    856.750     41.592    22.8809   5.186614     0.2718   340.0000     0.0825 1.4503e+01     2.4092    187.085 0.0000e+00
    857.000     41.541    22.8920   5.188761     0.2718   370.0000     0.0820 1.5112e+01     2.4151    187.507 0.0000e+00
    857.250     41.450    22.9022   5.189332     0.3085   280.0000     0.0831 1.5243e+01     2.4229    188.021 0.0000e+00
    857.500     41.328    22.9148   5.190307     0.2718   340.0000     0.0851 1.5118e+01     2.4292    188.595 0.0000e+00
    857.750     41.176    22.9282   5.191959     0.3305   340.0000     0.0852 1.5043e+01     2.4352    189.099 0.0000e+00
    858.000     41.021    22.9437   5.193266     0.3085   310.0000     0.0848 1.5125e+01     2.4423    189.679 0.0000e+00
    858.250     40.865    22.9579   5.194986     0.3305   310.0000     0.0862 1.5292e+01     2.4479    190.073 0.0000e+00
    858.500     40.723    22.9686   5.196127     0.3305   280.0000     0.0857 1.5492e+01     2.4537    190.544 0.0000e+00
    858.750     40.605    22.9764   5.196600     0.3305   450.0000     0.0861 1.5924e+01     2.4586    190.807 0.0000e+00
    859.000     40.528    22.9888   5.197006     0.3305   340.0000     0.0898 1.6149e+01     2.4627    191.172 0.0000e+00
    859.250     40.492    23.0196   5.199027     0.2865   390.0000     0.0899 1.5838e+01     2.4649    191.563 0.0000e+00
    859.500     40.474    23.0914   5.204589     0.2571   370.0000     0.0897 1.5151e+01     2.4677    191.898 0.0000e+00
    859.750     40.499    23.1591   5.218753     0.3232   310.0000     0.0907 1.4849e+01     2.4691    192.009 0.0000e+00
    860.000     40.541    23.2191   5.221627     0.3526   310.0000     0.0907 1.4444e+01     2.4715    192.117 0.0000e+00
    860.250     40.576    23.2489   5.228208     0.2865   250.0000     0.0908 1.4353e+01     2.4740    192.340 0.0000e+00
    860.500     40.587    23.2540   5.224607     0.3893   340.0000     0.0906 1.4936e+01     2.4765    192.635 0.0000e+00
    860.750     40.574    23.2751   5.222882     0.3232   280.0000     0.0900 1.5746e+01     2.4789    193.180 0.0000e+00
    861.000     40.518    23.3169   5.228914     0.2571   390.0000     0.0900 1.6318e+01     2.4812    193.740 0.0000e+00
    861.250     40.416    23.3666   5.235130     0.2865   450.0000     0.0900 1.6682e+01     2.4838    194.203 0.0000e+00
    861.500     40.278    23.4154   5.240678     0.3085   250.0000     0.0906 1.6758e+01     2.4870    194.728 0.0000e+00
    861.750     40.125    23.4606   5.244455     0.3085   310.0000     0.0902 1.6606e+01     2.4889    195.386 0.0000e+00
    862.000     39.981    23.4956   5.248815     0.2718   230.0000     0.0906 1.6668e+01     2.4915    195.963 0.0000e+00
    862.250     39.838    23.5224   5.250353     0.3085   280.0000     0.0943 1.6729e+01     2.4934    196.791 0.0000e+00
    862.500     39.719    23.5513   5.251990     0.3452   250.0000     0.0945 1.6977e+01     2.4952    197.478 0.0000e+00
    862.750     39.623    23.5806   5.255130     0.2571   390.0000     0.0943 1.7091e+01     2.4950    198.088 0.0000e+00
    863.000     39.558    23.6327   5.257485     0.2497   250.0000     0.0937 1.7039e+01     2.4987    198.818 0.0000e+00
    863.250     39.498    23.6871   5.267644     0.3452   250.0000     0.0856 1.6926e+01     2.4980    199.272 0.0000e+00
    863.500     39.449    23.7177   5.270666     0.3673   280.0000     0.0851 1.6664e+01     2.4969    199.684 0.0000e+00
    863.750     39.389    23.7238   5.269736     0.2791   310.0000     0.0854 1.6754e+01     2.5025    199.959 0.0000e+00
    864.000     39.303    23.7238   5.267271     0.2644   250.0000     0.0864 1.7136e+01     2.5018    200.182 0.0000e+00
    864.250     39.185    23.7405   5.267573     0.2644   310.0000     0.0865 1.7450e+01     2.5019    200.140 0.0000e+00
    864.500     39.034    23.7719   5.272479     0.2791   230.0000     0.0865 1.7613e+01     2.5026    200.138 0.0000e+00
    864.750     38.847    23.8037   5.276735     0.2497   250.0000     0.0910 1.7847e+01     2.5047    199.890 0.0000e+00
    865.000     38.654    23.8327   5.279374     0.2424   340.0000     0.0914 1.8100e+01     2.5051    199.725 0.0000e+00
    865.250     38.476    23.8631   5.281711     0.2865   340.0000     0.0910 1.8451e+01     2.5065    199.629 0.0000e+00
    865.500     38.323    23.9017   5.285184     0.2350   310.0000     0.0878 1.8786e+01     2.5079    199.587 0.0000e+00
    865.750     38.209    23.9472   5.289732     0.2203   420.0000     0.0872 1.9093e+01     2.5090    199.591 0.0000e+00
    866.000     38.127    23.9910   5.294555     0.3305   340.0000     0.0874 1.8916e+01     2.5107    199.626 0.0000e+00
    866.250     38.078    24.0339   5.298447     0.2571   390.0000     0.0875 1.8896e+01     2.5129    199.745 0.0000e+00
    866.500     38.047    24.0623   5.302076     0.2571   250.0000     0.0892 1.8551e+01     2.5134    199.953 0.0000e+00
    866.750     38.045    24.0789   5.303113     0.2865   310.0000     0.0884 1.8281e+01     2.5144    200.063 0.0000e+00
    867.000     38.049    24.0887   5.303007     0.2424   340.0000     0.0886 1.8396e+01     2.5165    200.255 0.0000e+00
    867.250     38.069    24.0994   5.302802     0.2424   280.0000     0.0829 1.8608e+01     2.5173    200.382 0.0000e+00
    867.500     38.080    24.1141   5.305113     0.2350   280.0000     0.0833 1.9031e+01     2.5174    200.489 0.0000e+00
    867.750     38.084    24.1252   5.306743     0.2350   230.0000     0.0835 1.9405e+01     2.5183    200.320 0.0000e+00
    868.000     38.067    24.1384   5.306841     0.3158   250.0000     0.0829 1.9920e+01     2.5196    200.616 0.0000e+00
    868.250     38.036    24.1538   5.308987     0.2130   310.0000     0.0831 2.0904e+01     2.5199    200.364 0.0000e+00
    868.500     37.987    24.1695   5.310685     0.2424   250.0000     0.0826 2.1343e+01     2.5189    200.021 0.0000e+00
    868.750     37.924    24.1855   5.312065     0.2203   310.0000     0.0827 2.1510e+01     2.5191    200.528 0.0000e+00
    869.000     37.844    24.2024   5.313695     0.2718   200.0000     0.0817 2.1678e+01     2.5188    200.350 0.0000e+00
    869.250     37.764    24.2167   5.315880     0.1983   310.0000     0.0817 2.1772e+01     2.5186    200.238 0.0000e+00
    869.500     37.689    24.2288   5.316532     0.2057   310.0000     0.0823 2.1739e+01     2.5198    200.210 0.0000e+00
    869.750     37.624    24.2434   5.317609     0.2350   310.0000     0.0861 2.1720e+01     2.5224    200.394 0.0000e+00
    870.000     37.557    24.2707   5.319620     0.2057   200.0000     0.0862 2.1477e+01     2.5231    200.322 0.0000e+00
    870.250     37.495    24.3085   5.324136     0.2057   250.0000     0.0868 2.1422e+01     2.5244    200.442 0.0000e+00
    870.500     37.446    24.3465   5.329169     0.1983   370.0000     0.0844 2.1557e+01     2.5255    200.471 0.0000e+00
    870.750     37.384    24.3731   5.332579     0.2203   230.0000     0.0844 2.1431e+01     2.5260    200.385 0.0000e+00
    871.000     37.324    24.3969   5.333171     0.2203   250.0000     0.0843 2.1631e+01     2.5268    200.539 0.0000e+00
    871.250     37.257    24.4217   5.335397     0.2424   250.0000     0.0844 2.1749e+01     2.5286    200.745 0.0000e+00
    871.500     37.190    24.4455   5.338406     0.2203   340.0000     0.0831 2.1824e+01     2.5286    200.721 0.0000e+00
    871.750     37.120    24.4658   5.340343     0.1983   310.0000     0.0828 2.1942e+01     2.5282    200.711 0.0000e+00
    872.000     37.053    24.4952   5.341422     0.2350   340.0000     0.0825 2.2023e+01     2.5273    200.886 0.0000e+00
    872.250     36.993    24.5195   5.346342     0.1983   310.0000     0.0859 2.1871e+01     2.5268    200.849 0.0000e+00
    872.500     36.924    24.5319   5.347360     0.2424   280.0000     0.0856 2.1782e+01     2.5247    200.729 0.0000e+00
    872.750     36.846    24.5335   5.346721     0.2057   250.0000     0.0856 2.2133e+01     2.5240    200.700 0.0000e+00
    873.000     36.748    24.5330   5.345435     0.2203   250.0000     0.0825 2.2229e+01     2.5214    200.768 0.0000e+00
    873.250     36.628    24.5453   5.345816     0.2350   310.0000     0.0828 2.2691e+01     2.5231    200.727 0.0000e+00
    873.500     36.482    24.5637   5.349345     0.1983   310.0000     0.0827 2.2888e+01     2.5237    200.536 0.0000e+00
    873.750     36.324    24.5877   5.351338     0.2130   340.0000     0.0852 2.3197e+01     2.5237    200.411 0.0000e+00
    874.000     36.168    24.6094   5.354921     0.1910   250.0000     0.0852 2.3551e+01     2.5240    200.194 0.0000e+00
    874.250     36.028    24.6329   5.356230     0.1910   340.0000     0.0848 2.3735e+01     2.5251    200.028 0.0000e+00
    874.500     35.906    24.6602   5.359099     0.1983   250.0000     0.0848 2.3941e+01     2.5258    200.048 0.0000e+00
    874.750     35.815    24.6846   5.362251     0.2130   230.0000     0.1012 2.3879e+01     2.5273    200.260 0.0000e+00
    875.000     35.732    24.7393   5.363126     0.2130   200.0000     0.1009 2.3725e+01     2.5281    200.314 0.0000e+00
    875.250     35.668    24.8081   5.376147     0.2203   310.0000     0.1010 2.3828e+01     2.5285    200.366 0.0000e+00
    875.500     35.614    24.8526   5.382659     0.2130   250.0000     0.0945 2.4160e+01     2.5282    200.392 0.0000e+00
    875.750     35.581    24.8819   5.382512     0.2130   280.0000     0.0942 2.4528e+01     2.5275    200.309 0.0000e+00
    876.000     35.563    24.9060   5.383923     0.2130   230.0000     0.0945 2.4475e+01     2.5263    200.297 0.0000e+00
    876.250     35.559    24.9238   5.386409     0.2203   200.0000     0.0955 2.4035e+01     2.5250    200.391 0.0000e+00
    876.500     35.557    24.9369   5.386813     0.2203   170.0000     0.0951 2.3766e+01     2.5235    200.277 0.0000e+00
    876.750     35.559    24.9446   5.388186     0.2057   250.0000     0.0951 2.4045e+01     2.5211    200.078 0.0000e+00
    877.000     35.537    24.9521   5.387805     0.2203   250.0000     0.0957 2.4629e+01     2.5173    199.867 0.0000e+00
    877.250     35.494    24.9659   5.388362     0.2057   280.0000     0.0951 2.5431e+01     2.5163    199.688 0.0000e+00
    877.500     35.410    24.9904   5.391574     0.2203   200.0000     0.0947 2.6349e+01     2.5151    199.276 0.0000e+00
    877.750     35.296    25.0191   5.395193     0.2130   250.0000     0.0950 2.6990e+01     2.5156    199.006 0.0000e+00
    878.000     35.159    25.0481   5.398392     0.1763   280.0000     0.0951 2.7183e+01     2.5154    198.477 0.0000e+00
    878.250     35.001    25.0768   5.401248     0.2203   200.0000     0.0953 2.7277e+01     2.5157    198.471 0.0000e+00
    878.500     34.852    25.1039   5.404043     0.1983   340.0000     0.0957 2.7230e+01     2.5147    198.472 0.0000e+00
    878.750     34.708    25.1330   5.406411     0.2865   230.0000     0.0971 2.7538e+01     2.5144    198.436 0.0000e+00
    879.000     34.578    25.1692   5.409651     0.2497   230.0000     0.0968 2.7747e+01     2.5138    198.461 0.0000e+00
    879.250     34.470    25.2055   5.414987     0.2130   200.0000     0.0965 2.7862e+01     2.5126    198.575 0.0000e+00
    879.500     34.376    25.2437   5.417511     0.2350   250.0000     0.0970 2.7874e+01     2.5122    198.667 0.0000e+00
    879.750     34.298    25.2902   5.421733     0.1983   250.0000     0.0933 2.8086e+01     2.5102    198.793 0.0000e+00
    880.000     34.230    25.3339   5.427541     0.2350   250.0000     0.0929 2.8269e+01     2.5086    198.821 0.0000e+00
    880.250     34.172    25.3739   5.430786     0.2130   250.0000     0.0931 2.8434e+01     2.5066    198.698 0.0000e+00
    880.500     34.127    25.4045   5.434522     0.1983   230.0000     0.1027 2.8379e+01     2.5054    198.511 0.0000e+00
    880.750     34.089    25.4325   5.435578     0.2057   250.0000     0.1026 2.8177e+01     2.5038    198.289 0.0000e+00
    881.000     34.045    25.4613   5.438772     0.1983   280.0000     0.1024 2.8336e+01     2.5035    197.961 0.0000e+00
    881.250     33.987    25.4835   5.441208     0.2057   310.0000     0.0943 2.8849e+01     2.5026    197.597 0.0000e+00
    881.500     33.896    25.5081   5.441852     0.2057   200.0000     0.0941 2.9885e+01     2.4989    197.223 0.0000e+00
    881.750     33.785    25.5554   5.444710     0.1983   250.0000     0.0942 3.0870e+01     2.4976    196.719 0.0000e+00
    882.000     33.660    25.6121   5.453182     0.2130   250.0000     0.0969 3.1065e+01     2.4979    196.016 0.0000e+00
    882.250     33.518    25.6674   5.458744     0.1983   230.0000     0.0969 3.1125e+01     2.4922    195.617 0.0000e+00
    882.500     33.382    25.7328   5.463294     0.1983   280.0000     0.0970 3.1559e+01     2.4938    195.230 0.0000e+00
    882.750     33.260    25.7917   5.471102     0.1763   250.0000     0.0978 3.1682e+01     2.4958    195.094 0.0000e+00
    883.000     33.156    25.8564   5.473997     0.2057   230.0000     0.0946 3.2089e+01     2.4935    194.952 0.0000e+00
    883.250     33.067    25.9117   5.480821     0.1983   280.0000     0.0945 3.1827e+01     2.4968    194.904 0.0000e+00
    883.500     32.991    25.9830   5.482780     0.2057   280.0000     0.0949 3.1744e+01     2.4958    194.747 0.0000e+00
    883.750     32.927    26.0504   5.493132     0.2203   250.0000     0.0936 3.1744e+01     2.5013    194.615 0.0000e+00
    884.000     32.865    26.1000   5.496563     0.1910   250.0000     0.0932 3.2055e+01     2.5009    194.439 0.0000e+00
    884.250     32.796    26.1343   5.498170     0.2277   280.0000     0.0933 3.2586e+01     2.5018    194.131 0.0000e+00
    884.500     32.731    26.1629   5.500579     0.1763   280.0000     0.0963 3.3299e+01     2.5025    193.927 0.0000e+00
    884.750     32.671    26.2132   5.502172     0.1983   250.0000     0.0961 3.3683e+01     2.5027    193.546 0.0000e+00
