cruises/P45_06/L2/CTD/Align_CTD/P45_06_CTD_10_al.cnv
* Sea-Bird SBE19plus  Data File:
* FileName = C:\Users\OA_2023-03\Desktop\Bathymetry\ctd_casts\S2_18_04_26002.hex
* Software version 2.3.0 SB_Terminal.dll
* Temperature SN = 8460
* Conductivity SN = 8460
* System UpLoad Time = Apr 18 2026 16:40:21
* <ApplicationData>
* <SeatermAF>
** cast for s2
# nquan = 11
# nvalues = 2580                        
# units = specified
# name 0 = timeS: Time, Elapsed [seconds]
# name 1 = prdM: Pressure, Strain Gauge [db]
# name 2 = tv290C: Temperature [ITS-90, deg C]
# name 3 = c0S/m: Conductivity [S/m]
# name 4 = flECO-AFL: Fluorescence, WET Labs ECO-AFL/FL [mg/m^3]
# name 5 = flECO-AFL1: Fluorescence, WET Labs ECO-AFL/FL, 2 [mg/m^3]
# name 6 = CStarAt0: Beam Attenuation, WET Labs C-Star [1/m]
# name 7 = par/sat/log: PAR/Logarithmic, Satlantic [umol photons/m^2/sec]
# name 8 = sbeox0V: Oxygen raw, SBE 43 [V]
# name 9 = sbeox0Mm/L: Oxygen, SBE 43 [umol/l]
# name 10 = flag:  0.000e+00
# span 0 =      0.000,    644.750       
# span 1 =     -0.126,     72.020       
# span 2 =    19.4874,    29.7711       
# span 3 =  -0.256820,   5.857944       
# span 4 =   -27.7935,    29.9382       
# span 5 = -1.448e+05, 40750.0000       
# span 6 =    -0.0853,    27.5054       
# span 7 = 2.2999e-01, 1.5045e+03       
# span 8 =     1.6095,     2.6886       
# span 9 =    119.708,    237.279       
# span 10 = 0.0000e+00, 0.0000e+00      
# interval = seconds: 0.25
# start_time = Apr 18 2026 15:53:20 [Instrument's time stamp, header]
# bad_flag = -9.990e-29
*END*
[from data line 2099]
    524.750     38.872    23.3933   5.237849     0.2350   250.0000     0.0918 1.7457e+01     2.5664    206.196 0.0000e+00
    525.000     38.677    23.4053   5.238904     0.2057   200.0000     0.0923 1.7678e+01     2.5681    206.210 0.0000e+00
    525.250     38.454    23.4192   5.239582     0.3158   200.0000     0.0927 1.8088e+01     2.5707    206.239 0.0000e+00
    525.500     38.212    23.4357   5.241459     0.2718   250.0000     0.0927 1.8312e+01     2.5725    206.459 0.0000e+00
    525.750     37.956    23.4528   5.243495     0.2130   200.0000     0.0934 1.8773e+01     2.5747    206.828 0.0000e+00
    526.000     37.706    23.4710   5.244996     0.2277   280.0000     0.0936 1.9011e+01     2.5776    206.936 0.0000e+00
    526.250     37.481    23.4929   5.246904     0.2424   250.0000     0.0935 1.9515e+01     2.5775    207.144 0.0000e+00
    526.500     37.301    23.5206   5.249801     0.2424   200.0000     0.0940 1.9877e+01     2.5799    207.355 0.0000e+00
    526.750     37.175    23.5424   5.253076     0.2424   250.0000     0.0987 2.0115e+01     2.5801    207.626 0.0000e+00
    527.000     37.105    23.5601   5.253724     0.2350   280.0000     0.0984 1.9697e+01     2.5810    207.740 0.0000e+00
    527.250     37.079    23.5887   5.255573     0.2203   250.0000     0.0987 1.8757e+01     2.5825    207.934 0.0000e+00
    527.500     37.086    23.6195   5.259537     0.2277   250.0000     0.1011 1.7758e+01     2.5828    207.920 0.0000e+00
    527.750     37.101    23.6435   5.262407     0.2644   310.0000     0.1015 1.7541e+01     2.5849    208.016 0.0000e+00
    528.000     37.090    23.6476   5.264053     0.2057   230.0000     0.1013 1.8491e+01     2.5869    208.188 0.0000e+00
    528.250     37.030    23.6491   5.261069     0.2203   250.0000     0.0987 2.0063e+01     2.5885    208.258 0.0000e+00
    528.500     36.924    23.6608   5.262270     0.2644   230.0000     0.0988 2.1543e+01     2.5900    208.266 0.0000e+00
    528.750     36.761    23.6772   5.264868     0.2130   200.0000     0.0990 2.2186e+01     2.5923    208.090 0.0000e+00
    529.000     36.570    23.6947   5.266689     0.2203   280.0000     0.0990 2.2824e+01     2.5937    208.106 0.0000e+00
    529.250     36.386    23.7172   5.268366     0.2277   230.0000     0.0993 2.2947e+01     2.5978    208.262 0.0000e+00
    529.500     36.241    23.7389   5.271548     0.2350   310.0000     0.0989 2.3368e+01     2.5999    208.332 0.0000e+00
    529.750     36.144    23.7593   5.272961     0.2203   310.0000     0.0990 2.3217e+01     2.6016    208.517 0.0000e+00
    530.000     36.106    23.7833   5.274813     0.2203   310.0000     0.1049 2.2393e+01     2.6030    208.653 0.0000e+00
    530.250     36.088    23.8072   5.277898     0.2644   140.0000     0.1053 2.1009e+01     2.6045    208.919 0.0000e+00
    530.500     36.108    23.8378   5.279516     0.2424   340.0000     0.1050 2.0054e+01     2.6052    209.118 0.0000e+00
    530.750     36.117    23.8667   5.283806     0.2644   250.0000     0.0991 2.0189e+01     2.6075    209.319 0.0000e+00
    531.000     36.093    23.8772   5.286045     0.2938   170.0000     0.0995 2.1265e+01     2.6090    209.543 0.0000e+00
    531.250     36.004    23.8807   5.283979     0.2424   140.0000     0.0993 2.2602e+01     2.6106    209.415 0.0000e+00
    531.500     35.837    23.8978   5.284326     0.2571   200.0000     0.1013 2.3684e+01     2.6141    209.597 0.0000e+00
    531.750     35.586    23.9231   5.288421     0.2718   250.0000     0.1015 2.3817e+01     2.6186    209.481 0.0000e+00
    532.000     35.268    23.9509   5.291517     0.2350   250.0000     0.1017 2.3566e+01     2.6254    209.404 0.0000e+00
    532.250     34.921    23.9795   5.294272     0.2350   250.0000     0.1015 2.3869e+01     2.6320    209.359 0.0000e+00
    532.500     34.601    24.0068   5.297279     0.2424   250.0000     0.0995 2.4576e+01     2.6397    209.187 0.0000e+00
    532.750     34.328    24.0263   5.299377     0.2571   250.0000     0.1003 2.5819e+01     2.6446    209.238 0.0000e+00
    533.000     34.119    24.0491   5.300308     0.2424   250.0000     0.0995 2.6809e+01     2.6489    209.356 0.0000e+00
    533.250     33.990    24.0966   5.302869     0.2350   250.0000     0.1030 2.6475e+01     2.6537    209.502 0.0000e+00
    533.500     33.924    24.1605   5.311193     0.2203   250.0000     0.1037 2.5190e+01     2.6576    209.531 0.0000e+00
    533.750     33.915    24.2419   5.318474     0.2203   170.0000     0.1031 2.3308e+01     2.6601    209.648 0.0000e+00
    534.000     33.922    24.3253   5.328752     0.3085   250.0000     0.1011 2.1791e+01     2.6680    209.568 0.0000e+00
    534.250     33.946    24.3967   5.336788     0.2277   420.0000     0.1013 2.1852e+01     2.6687    209.781 0.0000e+00
    534.500     33.955    24.4282   5.341704     0.2424   250.0000     0.1011 2.3002e+01     2.6699    209.799 0.0000e+00
    534.750     33.928    24.4397   5.338495     0.2203   120.0000     0.1015 2.4779e+01     2.6714    209.828 0.0000e+00
    535.000     33.833    24.4697   5.338457     0.2424   280.0000     0.1011 2.6389e+01     2.6735    209.880 0.0000e+00
    535.250     33.675    24.5035   5.344607     0.2203   250.0000     0.1012 2.7177e+01     2.6764    209.934 0.0000e+00
    535.500     33.459    24.5385   5.347983     0.2424   310.0000     0.1013 2.7295e+01     2.6797    209.825 0.0000e+00
    535.750     33.190    24.5894   5.351405     0.1983   140.0000     0.1018 2.7072e+01     2.6827    209.862 0.0000e+00
    536.000     32.873    24.6901   5.358360     0.2277   230.0000     0.1015 2.7307e+01     2.6836    209.787 0.0000e+00
    536.250     32.548    24.8206   5.376925     0.2203   170.0000     0.1019 2.7892e+01     2.6870    209.537 0.0000e+00
    536.500     32.226    24.9654   5.389601     0.2497   250.0000     0.1054 2.8781e+01     2.6870    209.525 0.0000e+00
    536.750     31.928    25.0743   5.408226     0.2203   170.0000     0.1051 2.9538e+01     2.6874    209.559 0.0000e+00
    537.000     31.655    25.1449   5.410470     0.2865   200.0000     0.1057 3.0079e+01     2.6882    210.043 0.0000e+00
    537.250     31.448    25.1876   5.414459     0.2571   230.0000     0.1055 3.0585e+01     2.6883    210.662 0.0000e+00
    537.500     31.311    25.2384   5.413884     0.2350   230.0000     0.1091 3.0764e+01     2.6886    211.599 0.0000e+00
    537.750     31.246    25.3238   5.422014     0.2203   230.0000     0.1093 3.0157e+01     2.6870    212.174 0.0000e+00
    538.000     31.250    25.4631   5.433427     0.2203   250.0000     0.1094 2.8061e+01     2.6832    212.561 0.0000e+00
    538.250     31.279    25.6018   5.454297     0.2130   230.0000     0.1051 2.4924e+01     2.6814    212.715 0.0000e+00
    538.500     31.331    25.6984   5.465130     0.2130    60.0000     0.1050 2.3761e+01     2.6753    212.565 0.0000e+00
    538.750     31.350    25.7411   5.469789     0.1983   230.0000     0.1055 2.5558e+01     2.6723    212.208 0.0000e+00
    539.000     31.297    25.7629   5.465510     0.1910   200.0000     0.1074 2.8311e+01     2.6696    212.629 0.0000e+00
    539.250     31.151    25.7971   5.467129     0.1983   170.0000     0.1075 3.0301e+01     2.6703    212.375 0.0000e+00
    539.500     30.902    25.8353   5.472720     0.1836   200.0000     0.1073 3.1065e+01     2.6714    212.146 0.0000e+00
    539.750     30.557    25.8746   5.476907     0.1836   250.0000     0.1056 3.0991e+01     2.6729    211.974 0.0000e+00
    540.000     30.188    25.9137   5.481226     0.2130   250.0000     0.1062 3.1112e+01     2.6742    211.857 0.0000e+00
    540.250     29.820    25.9479   5.484508     0.2057   170.0000     0.1058 3.2020e+01     2.6763    211.838 0.0000e+00
    540.500     29.493    25.9724   5.486522     0.1983   170.0000     0.1054 3.3378e+01     2.6767    211.950 0.0000e+00
    540.750     29.233    25.9921   5.487790     0.2130   200.0000     0.1030 3.4726e+01     2.6770    212.082 0.0000e+00
    541.000     29.044    26.0137   5.488720     0.1983   200.0000     0.1025 3.5393e+01     2.6764    211.988 0.0000e+00
    541.250     28.922    26.0429   5.491743     0.1983   120.0000     0.1025 3.5179e+01     2.6763    212.320 0.0000e+00
    541.500     28.869    26.1043   5.494536     0.1542   170.0000     0.1029 3.3544e+01     2.6763    212.233 0.0000e+00
    541.750     28.875    26.1722   5.505760     0.1983   250.0000     0.1024 3.0525e+01     2.6754    212.009 0.0000e+00
    542.000     28.933    26.2255   5.510143     0.1983   230.0000     0.1023 2.7628e+01     2.6734    211.749 0.0000e+00
    542.250     29.002    26.2708   5.513077     0.1542   230.0000     0.1043 2.6815e+01     2.6706    211.381 0.0000e+00
    542.500     29.059    26.2972   5.516275     0.1763   230.0000     0.1042 2.8570e+01     2.6687    211.088 0.0000e+00
    542.750     29.064    26.3024   5.516498     0.1542   250.0000     0.1041 3.1498e+01     2.6686    210.629 0.0000e+00
    543.000     29.004    26.3082   5.513954     0.1910   250.0000     0.1047 3.3843e+01     2.6678    209.999 0.0000e+00
    543.250     28.851    26.3157   5.515657     0.1983   230.0000     0.1028 3.5164e+01     2.6697    209.555 0.0000e+00
    543.500     28.613    26.3242   5.516566     0.1542   120.0000     0.1029 3.5933e+01     2.6696    208.665 0.0000e+00
    543.750     28.302    26.3350   5.517653     0.1689   120.0000     0.1031 3.6230e+01     2.6671    208.071 0.0000e+00
    544.000     27.938    26.3521   5.519110     0.1542    90.0000     0.1033 3.7102e+01     2.6681    207.530 0.0000e+00
    544.250     27.588    26.3774   5.521461     0.1763   200.0000     0.1030 3.8301e+01     2.6631    207.463 0.0000e+00
    544.500     27.260    26.3982   5.525379     0.1763   170.0000     0.1030 3.9693e+01     2.6637    207.555 0.0000e+00
    544.750     27.008    26.4141   5.525656     0.1763   120.0000     0.1057 4.1403e+01     2.6644    207.853 0.0000e+00
    545.000     26.851    26.4358   5.527376     0.1910   200.0000     0.1060 4.1854e+01     2.6600    208.209 0.0000e+00
    545.250     26.773    26.4654   5.530702     0.1322   230.0000     0.1059 3.9547e+01     2.6600    208.654 0.0000e+00
    545.500     26.760    26.5199   5.533557     0.1983   200.0000     0.1059 3.5210e+01     2.6600    208.930 0.0000e+00
    545.750     26.797    26.5778   5.542722     0.1322    90.0000     0.1009 3.1723e+01     2.6594    208.952 0.0000e+00
    546.000     26.844    26.6225   5.546847     0.1249   250.0000     0.1006 3.1308e+01     2.6577    208.756 0.0000e+00
    546.250     26.869    26.6412   5.549558     0.1322   200.0000     0.1006 3.3807e+01     2.6574    208.483 0.0000e+00
    546.500     26.860    26.6487   5.547239     0.1175   200.0000     0.1038 3.7183e+01     2.6580    208.284 0.0000e+00
    546.750     26.788    26.6649   5.547586     0.1102   200.0000     0.1043 4.0168e+01     2.6587    208.020 0.0000e+00
    547.000     26.640    26.6850   5.550546     0.1469   140.0000     0.1040 4.1935e+01     2.6584    207.634 0.0000e+00
    547.250     26.426    26.7125   5.552409     0.1396   230.0000     0.1013 4.2263e+01     2.6622    207.128 0.0000e+00
    547.500     26.169    26.7508   5.555648     0.1469   120.0000     0.1021 4.1944e+01     2.6632    206.718 0.0000e+00
    547.750     25.904    26.7908   5.560272     0.1542  -130.0000     0.1021 4.2584e+01     2.6635    206.503 0.0000e+00
    548.000     25.651    26.8432   5.563482     0.1469   140.0000     0.0981 4.3676e+01     2.6680    206.252 0.0000e+00
    548.250     25.433    26.9168   5.570175     0.1396    30.0000     0.0977 4.5097e+01     2.6680    206.312 0.0000e+00
    548.500     25.262    26.9659   5.580009     0.1469   140.0000     0.0979 4.6273e+01     2.6701    206.147 0.0000e+00
    548.750     25.122    27.0220   5.578187     0.1102   -50.0000     0.0981 4.6484e+01     2.6712    205.784 0.0000e+00
    549.000     25.017    27.0815   5.587059     0.1396   140.0000     0.0969 4.6203e+01     2.6721    205.781 0.0000e+00
    549.250     24.938    27.1697   5.589329     0.1983   230.0000     0.0969 4.5509e+01     2.6729    205.098 0.0000e+00
    549.500     24.893    27.2387   5.602468     0.1322   250.0000     0.0970 4.4535e+01     2.6729    204.853 0.0000e+00
    549.750     24.862    27.2722   5.603164     0.1249   250.0000     0.0920 4.3610e+01     2.6746    204.641 0.0000e+00
    550.000     24.842    27.2820   5.602806     0.1322   250.0000     0.0925 4.3253e+01     2.6751    203.927 0.0000e+00
    550.250     24.826    27.2870   5.600415     0.1175   120.0000     0.0922 4.3695e+01     2.6746    203.770 0.0000e+00
    550.500     24.793    27.2950   5.602022     0.1763   120.0000     0.0956 4.4208e+01     2.6775    203.738 0.0000e+00
    550.750     24.737    27.3085   5.602487     0.1028   230.0000     0.0953 4.4893e+01     2.6816    203.726 0.0000e+00
    551.000     24.648    27.3278   5.604194     0.1175  -130.0000     0.0955 4.6313e+01     2.6841    203.523 0.0000e+00
    551.250     24.518    27.3486   5.606546     0.1102    30.0000     0.0955 4.7696e+01     2.6856    203.517 0.0000e+00
    551.500     24.344    27.3671   5.608362     0.1175   170.0000     0.0918 4.8887e+01     2.6879    203.523 0.0000e+00
    551.750     24.135    27.3846   5.609503     0.1322   140.0000     0.0918 4.9099e+01     2.6855    203.585 0.0000e+00
    552.000     23.893    27.4050   5.611110     0.0881   140.0000     0.0915 4.9525e+01     2.6828    203.613 0.0000e+00
    552.250     23.633    27.4242   5.612997     0.1322    60.0000     0.0945 5.0565e+01     2.6799    204.023 0.0000e+00
    552.500     23.377    27.4428   5.614146     0.0955   170.0000     0.0942 5.2041e+01     2.6755    204.164 0.0000e+00
    552.750     23.138    27.4570   5.615753     0.2057    60.0000     0.0941 5.3525e+01     2.6714    204.232 0.0000e+00
    553.000     22.933    27.4720   5.616071     0.1102   140.0000     0.0977 5.4401e+01     2.6675    204.782 0.0000e+00
    553.250     22.777    27.4883   5.617648     0.0661   230.0000     0.0977 5.4767e+01     2.6624    204.804 0.0000e+00
    553.500     22.655    27.5026   5.619186     0.0881   120.0000     0.0981 5.3722e+01     2.6616    205.009 0.0000e+00
    553.750     22.548    27.5380   5.620468     0.0881   -20.0000     0.0967 5.1392e+01     2.6562    205.090 0.0000e+00
    554.000     22.444    27.6088   5.625878     0.0661   200.0000     0.0957 5.1771e+01     2.6518    205.074 0.0000e+00
    554.250     22.307    27.6310   5.639257     0.0808    60.0000     0.0967 5.3121e+01     2.6471    204.869 0.0000e+00
    554.500     22.138    27.6522   5.630822     0.1028   170.0000     0.0965 5.5195e+01     2.6420    204.690 0.0000e+00
    554.750     21.918    27.7482   5.637675     0.1028    30.0000     0.0928 5.6843e+01     2.6397    204.683 0.0000e+00
    555.000     21.660    27.8766   5.656894     0.0881   120.0000     0.0925 5.7263e+01     2.6385    204.423 0.0000e+00
    555.250     21.371    28.0041   5.670576     0.0808    60.0000     0.0929 5.7114e+01     2.6390    203.954 0.0000e+00
    555.500     21.080    28.1349   5.684093     0.1542  -190.0000     0.0909 5.7635e+01     2.6403    203.752 0.0000e+00
    555.750     20.804    28.2477   5.698124     0.0661    60.0000     0.0903 5.9421e+01     2.6420    203.763 0.0000e+00
    556.000     20.553    28.3308   5.707225     0.0808   120.0000     0.0902 6.0589e+01     2.6425    203.669 0.0000e+00
    556.250     20.320    28.4035   5.711972     0.0441    10.0000     0.0912 6.0628e+01     2.6423    203.557 0.0000e+00
    556.500     20.129    28.4538   5.718765     0.0661   170.0000     0.0908 6.0589e+01     2.6420    203.581 0.0000e+00
    556.750     19.975    28.5095   5.719790     0.0514   200.0000     0.0909 6.0812e+01     2.6427    203.108 0.0000e+00
    557.000     19.877    28.5636   5.730192     0.0808    30.0000     0.0909 6.0119e+01     2.6429    202.505 0.0000e+00
