cruises/P45_06/L2/CTD/Align_CTD/P45_06_CTD_03_al.cnv
* Sea-Bird SBE19plus  Data File:
* FileName = C:\Users\OA_2023-03\Desktop\Bathymetry\ctd_casts\P1_16_04_25001.hex
* Software version 2.3.0 SB_Terminal.dll
* Temperature SN = 8460
* Conductivity SN = 8460
* System UpLoad Time = Apr 16 2026 12:24:13
* <ApplicationData>
* <SeatermAF>
** cast
# nquan = 11
# nvalues = 2764                        
# units = specified
# name 0 = timeS: Time, Elapsed [seconds]
# name 1 = prdM: Pressure, Strain Gauge [db]
# name 2 = tv290C: Temperature [ITS-90, deg C]
# name 3 = c0S/m: Conductivity [S/m]
# name 4 = flECO-AFL: Fluorescence, WET Labs ECO-AFL/FL [mg/m^3]
# name 5 = flECO-AFL1: Fluorescence, WET Labs ECO-AFL/FL, 2 [mg/m^3]
# name 6 = CStarAt0: Beam Attenuation, WET Labs C-Star [1/m]
# name 7 = par/sat/log: PAR/Logarithmic, Satlantic [umol photons/m^2/sec]
# name 8 = sbeox0V: Oxygen raw, SBE 43 [V]
# name 9 = sbeox0Mm/L: Oxygen, SBE 43 [umol/l]
# name 10 = flag:  0.000e+00
# span 0 =      0.000,    690.750       
# span 1 =     -0.081,     39.130       
# span 2 =    21.6180,    29.5159       
# span 3 =  -0.542794,   5.834018       
# span 4 =   -61.8743,    29.9382       
# span 5 = -3.277e+05, 56360.0000       
# span 6 =    -0.1131,    23.3755       
# span 7 = 3.4793e+01, 3.9562e+03       
# span 8 =     1.8443,     2.4954       
# span 9 =    129.739,    190.088       
# span 10 = 0.0000e+00, 0.0000e+00      
# interval = seconds: 0.25
# start_time = Apr 16 2026 11:16:12 [Instrument's time stamp, header]
# bad_flag = -9.990e-29
*END*
[from data line 919]
    229.750      1.330    29.4150   5.822966     0.0147  -160.0000     0.0825 1.0346e+03     2.4799    179.720 0.0000e+00
    230.000      1.375    29.4086   5.821246    -0.0073   -50.0000     0.0827 1.6713e+03     2.4808    179.801 0.0000e+00
    230.250      1.384    29.4030   5.820875     0.0220   -50.0000     0.0792 1.5981e+03     2.4807    179.775 0.0000e+00
    230.500      1.357    29.4016   5.820307     0.0220  -160.0000     0.0793 9.5088e+02     2.4823    179.685 0.0000e+00
    230.750      1.299    29.4026   5.821285     0.0367  -110.0000     0.0788 2.0389e+03     2.4821    179.457 0.0000e+00
    231.000      1.226    29.4026   5.821325     0.0220   -50.0000     0.0831 1.0545e+03     2.4824    179.440 0.0000e+00
    231.250      1.164    29.4032   5.821325     0.0220   -80.0000     0.0833 1.3685e+03     2.4825    179.281 0.0000e+00
    231.500      1.153    29.4044   5.821246    -0.0147   -20.0000     0.0835 8.0847e+02     2.4809    179.277 0.0000e+00
    231.750      1.186    29.4082   5.821546     0.0220  -110.0000     0.0833 1.0968e+03     2.4803    179.301 0.0000e+00
    232.000      1.250    29.4124   5.822579     0.0147    30.0000     0.0803 1.4480e+03     2.4786    179.344 0.0000e+00
    232.250      1.315    29.4170   5.822816     0.0294  -130.0000     0.0807 1.8307e+03     2.4775    179.428 0.0000e+00
    232.500      1.370    29.4175   5.823755     0.0147    60.0000     0.0803 7.3681e+02     2.4768    179.637 0.0000e+00
    232.750      1.404    29.4161   5.822445    -0.0073   -50.0000     0.0879 1.3355e+03     2.4760    179.692 0.0000e+00
    233.000      1.410    29.4138   5.822445     0.0073  -300.0000     0.0876 1.7989e+03     2.4759    179.556 0.0000e+00
    233.250      1.382    29.4118   5.821885     0.0220    60.0000     0.0880 9.1417e+02     2.4782    179.498 0.0000e+00
    233.500      1.337    29.4138   5.822066     0.0147  -240.0000     0.0815 2.5194e+03     2.4792    179.488 0.0000e+00
    233.750      1.275    29.4156   5.822856     0.0147   200.0000     0.0813 3.5822e+03     2.4804    179.431 0.0000e+00
    234.000      1.199    29.4166   5.822777     0.0294  -160.0000     0.0811 1.0636e+03     2.4811    179.507 0.0000e+00
    234.250      1.124    29.4180   5.822895     0.0294  -130.0000     0.0813 1.1839e+03     2.4806    179.491 0.0000e+00
    234.500      1.073    29.4188   5.823045     0.0000   120.0000     0.0813 1.5847e+03     2.4808    179.576 0.0000e+00
    234.750      1.050    29.4208   5.823195     0.0220    90.0000     0.0815 1.1540e+03     2.4818    179.728 0.0000e+00
    235.000      1.066    29.4243   5.823755     0.0220   -20.0000     0.0815 2.1213e+03     2.4808    179.885 0.0000e+00
    235.250      1.130    29.4255   5.824205     0.0441  -300.0000     0.0794 1.2564e+03     2.4806    179.895 0.0000e+00
    235.500      1.224    29.4274   5.823905     0.0000   -20.0000     0.0798 1.5371e+03     2.4803    180.071 0.0000e+00
    235.750      1.332    29.4183   5.824276    -0.0147    90.0000     0.0799 1.7261e+03     2.4791    180.055 0.0000e+00
    236.000      1.422    29.4080   5.820882    -0.0073  -330.0000     0.0820 1.5734e+03     2.4795    180.088 0.0000e+00
    236.250      1.484    29.4053   5.820946     0.0073   -50.0000     0.0819 1.2084e+03     2.4794    180.111 0.0000e+00
    236.500      1.511    29.4035   5.821175     0.0000   -20.0000     0.0818 8.9132e+02     2.4795    179.918 0.0000e+00
    236.750      1.502    29.4043   5.821135     0.0220    30.0000     0.0824 1.8454e+03     2.4782    179.792 0.0000e+00
    237.000      1.448    29.4093   5.821617     0.0220    30.0000     0.0827 1.7373e+03     2.4777    179.538 0.0000e+00
    237.250      1.346    29.4137   5.822966    -0.0073  -130.0000     0.0823 1.3323e+03     2.4789    179.342 0.0000e+00
    237.500      1.221    29.4169   5.823006     0.0147  -110.0000     0.0822 8.9887e+02     2.4789    179.178 0.0000e+00
    237.750      1.108    29.4187   5.823116     0.0147  -110.0000     0.0803 1.0961e+03     2.4786    179.046 0.0000e+00
    238.000      1.033    29.4204   5.823226    -0.0147   -20.0000     0.0807 1.0655e+03     2.4782    179.013 0.0000e+00
    238.250      1.021    29.4216   5.823305    -0.0147  -130.0000     0.0809 1.7231e+03     2.4776    179.289 0.0000e+00
    238.500      1.050    29.4217   5.823455     0.0220    90.0000     0.0821 1.9522e+03     2.4775    179.501 0.0000e+00
    238.750      1.102    29.4217   5.823266    -0.0367  -130.0000     0.0817 1.3228e+03     2.4769    179.723 0.0000e+00
    239.000      1.168    29.4222   5.823226    -0.0073  -160.0000     0.0817 1.4109e+03     2.4779    179.907 0.0000e+00
    239.250      1.235    29.4220   5.823455     0.0000   120.0000     0.0815 1.0228e+03     2.4779    179.925 0.0000e+00
    239.500      1.304    29.4211   5.823305     0.0220   -80.0000     0.0845 2.1667e+03     2.4773    179.974 0.0000e+00
    239.750      1.359    29.4202   5.822966     0.0367   -80.0000     0.0845 1.0768e+03     2.4766    180.073 0.0000e+00
    240.000      1.397    29.4198   5.823076     0.0220    60.0000     0.0852 1.3072e+03     2.4761    179.927 0.0000e+00
    240.250      1.411    29.4211   5.823045    -0.0147   -80.0000     0.0868 2.1462e+03     2.4756    179.828 0.0000e+00
    240.500      1.408    29.4236   5.823495     0.0367   -80.0000     0.0868 1.6317e+03     2.4748    179.739 0.0000e+00
    240.750      1.395    29.4236   5.823842     0.0147   -20.0000     0.0869 1.6775e+03     2.4756    179.554 0.0000e+00
    241.000      1.362    29.4225   5.823266     0.0441   -80.0000     0.0815 1.9308e+03     2.4763    179.566 0.0000e+00
    241.250      1.319    29.4212   5.823195     0.0294   -20.0000     0.0815 1.2488e+03     2.4766    179.543 0.0000e+00
    241.500      1.262    29.4213   5.823005     0.0220   140.0000     0.0810 8.1850e+02     2.4771    179.542 0.0000e+00
    241.750      1.206    29.4221   5.823376     0.0220   -50.0000     0.0825 1.2037e+03     2.4778    179.406 0.0000e+00
    242.000      1.157    29.4234   5.823416     0.0220   -80.0000     0.0823 9.2411e+02     2.4789    179.358 0.0000e+00
    242.250      1.119    29.4238   5.823676     0.0073  -190.0000     0.0825 1.7989e+03     2.4787    179.488 0.0000e+00
    242.500      1.101    29.4236   5.823566     0.0000   -50.0000     0.0824 1.4468e+03     2.4798    179.505 0.0000e+00
    242.750      1.104    29.4239   5.823495     0.0294  -190.0000     0.0804 1.3867e+03     2.4808    179.507 0.0000e+00
    243.000      1.135    29.4249   5.823566     0.0147  -220.0000     0.0805 1.0652e+03     2.4805    179.465 0.0000e+00
    243.250      1.190    29.4241   5.823866     0.0000    30.0000     0.0803 1.1357e+03     2.4794    179.404 0.0000e+00
    243.500      1.253    29.4267   5.823226    -0.0147  -240.0000     0.0823 1.0228e+03     2.4792    179.392 0.0000e+00
    243.750      1.321    29.4297   5.824505     0.0073   -50.0000     0.0823 1.5552e+03     2.4776    179.337 0.0000e+00
    244.000      1.386    29.4329   5.824631    -0.0147    90.0000     0.0817 1.1719e+03     2.4774    179.416 0.0000e+00
    244.250      1.446    29.4352   5.824915     0.0147    90.0000     0.0925 1.2011e+03     2.4765    179.396 0.0000e+00
    244.500      1.479    29.4365   5.825026     0.0367  -240.0000     0.0925 2.5650e+03     2.4744    179.338 0.0000e+00
    244.750      1.482    29.4371   5.825097     0.0000  -190.0000     0.0920 1.1327e+03     2.4735    179.277 0.0000e+00
    245.000      1.461    29.4380   5.825065     0.0220    60.0000     0.0918 1.4829e+03     2.4739    179.220 0.0000e+00
    245.250      1.408    29.4386   5.825215     0.0000  -190.0000     0.0810 1.3933e+03     2.4737    179.154 0.0000e+00
    245.500      1.339    29.4389   5.825247     0.0073   -80.0000     0.0811 2.7787e+03     2.4744    179.049 0.0000e+00
    245.750      1.257    29.4393   5.825215     0.0220   -80.0000     0.0805 2.2660e+03     2.4753    179.112 0.0000e+00
    246.000      1.164    29.4391   5.825215     0.0220  -110.0000     0.0831 9.5459e+02     2.4763    179.187 0.0000e+00
    246.250      1.073    29.4391   5.825175     0.0294   -50.0000     0.0831 1.1152e+03     2.4766    179.244 0.0000e+00
    246.500      1.015    29.4386   5.825096     0.0220    30.0000     0.0831 1.8291e+03     2.4779    179.349 0.0000e+00
    246.750      0.999    29.4388   5.825025     0.0073    30.0000     0.0866 1.3694e+03     2.4782    179.472 0.0000e+00
    247.000      1.044    29.4391   5.825215     0.0220   -20.0000     0.0868 2.0939e+03     2.4787    179.642 0.0000e+00
    247.250      1.146    29.4414   5.825286     0.0220  -130.0000     0.0869 7.2542e+02     2.4788    179.656 0.0000e+00
    247.500      1.286    29.4416   5.825846     0.0000  -130.0000     0.0867 2.9973e+03     2.4789    179.781 0.0000e+00
    247.750      1.433    29.4367   5.825436     0.0220    10.0000     0.0819 2.2857e+03     2.4784    179.889 0.0000e+00
    248.000      1.557    29.4349   5.823755     0.0220   -20.0000     0.0821 9.7399e+02     2.4766    179.866 0.0000e+00
    248.250      1.630    29.4343   5.824686     0.0220   -20.0000     0.0823 7.8843e+02     2.4752    179.730 0.0000e+00
    248.500      1.642    29.4338   5.824686     0.0147  -130.0000     0.0796 1.8414e+03     2.4757    179.670 0.0000e+00
    248.750      1.593    29.4339   5.824615     0.0220    90.0000     0.0794 1.6416e+03     2.4764    179.440 0.0000e+00
    249.000      1.473    29.4347   5.824686     0.0073    90.0000     0.0796 1.2684e+03     2.4770    179.344 0.0000e+00
    249.250      1.310    29.4355   5.824805     0.0220   140.0000     0.0807 1.0413e+03     2.4771    179.194 0.0000e+00
    249.500      1.126    29.4360   5.824955     0.0147  -440.0000     0.0805 2.2689e+03     2.4782    178.893 0.0000e+00
    249.750      0.966    29.4358   5.824883     0.0147  -300.0000     0.0806 8.0532e+02     2.4795    178.746 0.0000e+00
    250.000      0.868    29.4356   5.824836     0.0147    10.0000     0.0831 1.7399e+03     2.4801    178.779 0.0000e+00
    250.250      0.852    29.4346   5.824765     0.0000  -190.0000     0.0829 1.1446e+03     2.4797    178.793 0.0000e+00
    250.500      0.917    29.4338   5.824386     0.0000  -270.0000     0.0829 3.6812e+03     2.4795    178.898 0.0000e+00
    250.750      1.059    29.4332   5.824536    -0.0220    10.0000     0.0835 1.4574e+03     2.4776    179.081 0.0000e+00
    251.000      1.230    29.4325   5.824276     0.0000    10.0000     0.0815 2.1504e+03     2.4769    179.257 0.0000e+00
    251.250      1.411    29.4241   5.824615     0.0220  -190.0000     0.0817 1.0018e+03     2.4763    179.381 0.0000e+00
    251.500      1.561    29.4122   5.821356     0.0367    60.0000     0.0814 1.6296e+03     2.4737    179.635 0.0000e+00
    251.750      1.646    29.4048   5.820606     0.0220   140.0000     0.0818 2.1471e+03     2.4712    179.736 0.0000e+00
    252.000      1.673    29.4006   5.820686     0.0073    90.0000     0.0821 1.3558e+03     2.4718    179.820 0.0000e+00
    252.250      1.641    29.4019   5.820496     0.0000  -130.0000     0.0819 1.1970e+03     2.4728    179.843 0.0000e+00
    252.500      1.539    29.4085   5.821735    -0.0073    30.0000     0.0821 7.7860e+02     2.4734    179.828 0.0000e+00
    252.750      1.382    29.4133   5.823045     0.0073   140.0000     0.0815 1.3828e+03     2.4741    179.713 0.0000e+00
    253.000      1.204    29.4176   5.823045     0.0000   230.0000     0.0817 1.7494e+03     2.4756    179.450 0.0000e+00
    253.250      1.042    29.4208   5.823455     0.0661  -440.0000     0.0818 1.7865e+03     2.4758    179.204 0.0000e+00
    253.500      0.921    29.4235   5.823676     0.0367  -220.0000     0.0817 2.2971e+03     2.4757    179.160 0.0000e+00
    253.750      0.859    29.4252   5.823826    -0.0147   140.0000     0.0817 1.2295e+03     2.4745    179.204 0.0000e+00
    254.000      0.881    29.4259   5.823826    -0.0367   140.0000     0.0813 1.9534e+03     2.4751    179.266 0.0000e+00
    254.250      0.990    29.4283   5.823826     0.0147    60.0000     0.0849 1.3171e+03     2.4762    179.303 0.0000e+00
    254.500      1.173    29.4316   5.824726    -0.0588  -190.0000     0.0847 1.7892e+03     2.4771    179.470 0.0000e+00
    254.750      1.359    29.4272   5.824765     0.0294   -20.0000     0.0851 1.4158e+03     2.4766    179.678 0.0000e+00
    255.000      1.497    29.4185   5.822776     0.0000  -110.0000     0.0851 1.5288e+03     2.4771    179.836 0.0000e+00
    255.250      1.573    29.4115   5.821506     0.0000  -190.0000     0.0854 1.2564e+03     2.4781    179.854 0.0000e+00
    255.500      1.581    29.4098   5.821325     0.0294   170.0000     0.0858 1.3007e+03     2.4781    179.838 0.0000e+00
    255.750      1.526    29.4128   5.822035     0.0220  -440.0000     0.0855 1.5042e+03     2.4802    179.591 0.0000e+00
    256.000      1.430    29.4173   5.823006     0.0147    10.0000     0.0829 1.0497e+03     2.4808    179.451 0.0000e+00
    256.250      1.295    29.4213   5.823605     0.0073   -50.0000     0.0828 1.4124e+03     2.4804    179.294 0.0000e+00
    256.500      1.164    29.4243   5.823866    -0.0073   -80.0000     0.0829 1.0212e+03     2.4801    178.922 0.0000e+00
    256.750      1.068    29.4253   5.823826    -0.0073   120.0000     0.0829 9.6853e+02     2.4792    178.548 0.0000e+00
    257.000      1.022    29.4257   5.823873     0.0073   230.0000     0.0827 1.0994e+03     2.4783    178.536 0.0000e+00
    257.250      1.044    29.4212   5.823826     0.0073  -490.0000     0.0824 1.6965e+03     2.4767    178.658 0.0000e+00
    257.500      1.121    29.4124   5.822255     0.0147  -350.0000     0.0896 1.6652e+03     2.4776    178.782 0.0000e+00
    257.750      1.224    29.4057   5.820875     0.0220  -330.0000     0.0895 1.9125e+03     2.4764    178.982 0.0000e+00
    258.000      1.317    29.4032   5.820646     0.0147   120.0000     0.0895 9.8076e+02     2.4753    179.255 0.0000e+00
    258.250      1.390    29.4051   5.821096     0.0220  -350.0000     0.0895 9.4678e+02     2.4751    179.405 0.0000e+00
    258.500      1.426    29.4072   5.822067     0.0073  -300.0000     0.0787 9.0414e+02     2.4735    179.500 0.0000e+00
    258.750      1.415    29.4108   5.822106    -0.0220  -220.0000     0.0787 1.1818e+03     2.4732    179.396 0.0000e+00
    259.000      1.373    29.4151   5.822777     0.0220  -110.0000     0.0781 1.6225e+03     2.4726    179.398 0.0000e+00
    259.250      1.310    29.4190   5.823305     0.0073  -190.0000     0.0797 1.4222e+03     2.4752    179.455 0.0000e+00
    259.500      1.242    29.4225   5.823495     0.0073  -160.0000     0.0796 1.8598e+03     2.4761    179.523 0.0000e+00
    259.750      1.195    29.4255   5.823905     0.0367   -80.0000     0.0793 1.3497e+03     2.4763    179.446 0.0000e+00
    260.000      1.184    29.4283   5.824205    -0.0220   -80.0000     0.0801 1.8760e+03     2.4759    179.469 0.0000e+00
    260.250      1.204    29.4314   5.824426     0.0294  -130.0000     0.0801 3.7132e+03     2.4765    179.585 0.0000e+00
    260.500      1.246    29.4334   5.824805    -0.0073   -80.0000     0.0804 1.5687e+03     2.4768    179.603 0.0000e+00
    260.750      1.286    29.4341   5.824836     0.0220  -410.0000     0.0825 9.2391e+02     2.4763    179.848 0.0000e+00
    261.000      1.306    29.4329   5.824702     0.0441   120.0000     0.0831 1.4752e+03     2.4755    179.915 0.0000e+00
    261.250      1.321    29.4304   5.824236     0.0147   -20.0000     0.0827 2.3266e+03     2.4759    179.863 0.0000e+00
    261.500      1.317    29.4286   5.823936     0.0000    60.0000     0.0831 9.7084e+02     2.4761    179.823 0.0000e+00
    261.750      1.301    29.4277   5.823787     0.0147    10.0000     0.0811 1.3103e+03     2.4774    179.721 0.0000e+00
    262.000      1.293    29.4268   5.823865     0.0220  -220.0000     0.0814 2.7739e+03     2.4777    179.567 0.0000e+00
