cruises/P45_06/L2/CTD/Align_CTD/P45_06_CTD_10_al.cnv
* Sea-Bird SBE19plus  Data File:
* FileName = C:\Users\OA_2023-03\Desktop\Bathymetry\ctd_casts\S2_18_04_26002.hex
* Software version 2.3.0 SB_Terminal.dll
* Temperature SN = 8460
* Conductivity SN = 8460
* System UpLoad Time = Apr 18 2026 16:40:21
* <ApplicationData>
* <SeatermAF>
** cast for s2
# nquan = 11
# nvalues = 2580                        
# units = specified
# name 0 = timeS: Time, Elapsed [seconds]
# name 1 = prdM: Pressure, Strain Gauge [db]
# name 2 = tv290C: Temperature [ITS-90, deg C]
# name 3 = c0S/m: Conductivity [S/m]
# name 4 = flECO-AFL: Fluorescence, WET Labs ECO-AFL/FL [mg/m^3]
# name 5 = flECO-AFL1: Fluorescence, WET Labs ECO-AFL/FL, 2 [mg/m^3]
# name 6 = CStarAt0: Beam Attenuation, WET Labs C-Star [1/m]
# name 7 = par/sat/log: PAR/Logarithmic, Satlantic [umol photons/m^2/sec]
# name 8 = sbeox0V: Oxygen raw, SBE 43 [V]
# name 9 = sbeox0Mm/L: Oxygen, SBE 43 [umol/l]
# name 10 = flag:  0.000e+00
# span 0 =      0.000,    644.750       
# span 1 =     -0.126,     72.020       
# span 2 =    19.4874,    29.7711       
# span 3 =  -0.256820,   5.857944       
# span 4 =   -27.7935,    29.9382       
# span 5 = -1.448e+05, 40750.0000       
# span 6 =    -0.0853,    27.5054       
# span 7 = 2.2999e-01, 1.5045e+03       
# span 8 =     1.6095,     2.6886       
# span 9 =    119.708,    237.279       
# span 10 = 0.0000e+00, 0.0000e+00      
# interval = seconds: 0.25
# start_time = Apr 18 2026 15:53:20 [Instrument's time stamp, header]
# bad_flag = -9.990e-29
*END*
      0.000     -0.121    29.0450   0.008517    -0.0588  -700.0000    -0.0845 4.2321e+02     2.6334    236.991 0.0000e+00
      0.250     -0.123    29.0447   0.008541     0.1322   640.0000    -0.0849 4.7504e+02     2.6346    236.990 0.0000e+00
      0.500     -0.125    29.0447   0.008574     0.0955   280.0000    -0.0853 5.9967e+02     2.6330    236.989 0.0000e+00
      0.750     -0.121    29.0450   0.008622     0.0367   -50.0000    -0.0852 7.8367e+02     2.6333    237.053 0.0000e+00
      1.000     -0.123    29.0450   0.008667     0.0514   420.0000    -0.0853 9.5356e+02     2.6343    236.977 0.0000e+00
      1.250     -0.123    29.0450   0.008709     0.0735  -330.0000    -0.0846 1.0531e+03     2.6331    237.012 0.0000e+00
      1.500     -0.123    29.0449   0.008736    -0.0441  -160.0000    -0.0853 1.0850e+03     2.6336    237.086 0.0000e+00
      1.750     -0.123    29.0449   0.008754     0.1322   420.0000    -0.0846 1.0438e+03     2.6337    237.076 0.0000e+00
      2.000     -0.125    29.0447   0.008754     0.0441   -80.0000    -0.0843 9.0082e+02     2.6336    237.142 0.0000e+00
      2.250     -0.123    29.0451   0.008742    -0.0220  -470.0000    -0.0843 6.5685e+02     2.6338    237.161 0.0000e+00
      2.500     -0.123    29.0450   0.008721     0.0955  -380.0000    -0.0843 4.5482e+02     2.6332    237.155 0.0000e+00
      2.750     -0.121    29.0450   0.008694     0.0881  -490.0000    -0.0844 4.0855e+02     2.6332    237.127 0.0000e+00
      3.000     -0.119    29.0450   0.008676     0.0220  -130.0000    -0.0843 4.0006e+02     2.6335    237.128 0.0000e+00
      3.250     -0.125    29.0449   0.008709     0.0808  -350.0000    -0.0843 1.1770e+03     2.6323    237.064 0.0000e+00
      3.500     -0.125    29.0446   0.008934     0.1836 -3420.0000    -0.0850 1.3430e+03     2.6332    237.081 0.0000e+00
      3.750     -0.121    29.0445   0.008925     0.0220  -870.0000    -0.0845 3.4029e+02     2.6330    237.036 0.0000e+00
      4.000     -0.123    29.0444   0.009060    -0.0073  -470.0000    -0.0845 3.9739e+02     2.6332    237.022 0.0000e+00
      4.250     -0.121    29.0444   0.009093    -0.0147  -300.0000    -0.0841 3.3897e+02     2.6336    237.011 0.0000e+00
      4.500     -0.123    29.0444   0.009138     0.1322  -820.0000    -0.0842 3.4496e+02     2.6341    237.088 0.0000e+00
      4.750     -0.125    29.0446   0.009346     0.0955   950.0000    -0.0843 7.4725e+02     2.6338    237.187 0.0000e+00
      5.000     -0.125    29.0445   0.009523    -0.3452 -3810.0000    -0.0836 3.8788e+02     2.6326    237.050 0.0000e+00
      5.250     -0.123    29.0447   0.009742     0.0147  -440.0000    -0.0839 1.3825e+03     2.6340    237.211 0.0000e+00
      5.500     -0.123    29.0447   0.009835    -0.4774  -410.0000    -0.0843 1.2591e+03     2.6336    237.002 0.0000e+00
      5.750     -0.125    29.0445   0.010013    -0.0147   230.0000    -0.0836 6.0136e+02     2.6336    237.024 0.0000e+00
      6.000     -0.123    29.0445   0.010028     0.1322  -330.0000    -0.0841 3.5649e+02     2.6331    237.145 0.0000e+00
      6.250     -0.125    29.0441   0.010007    -0.0367  -190.0000    -0.0847 3.1712e+02     2.6341    236.982 0.0000e+00
      6.500     -0.125    29.0441   0.009952     0.0220  -980.0000    -0.0846 3.3351e+02     2.6335    237.018 0.0000e+00
      6.750     -0.121    29.0440   0.009826     0.0294   200.0000    -0.0847 3.3287e+02     2.6334    237.042 0.0000e+00
      7.000     -0.123    29.0436   0.009727     0.1102  -440.0000    -0.0847 4.0102e+02     2.6332    237.057 0.0000e+00
      7.250     -0.126    29.0434   0.009649     0.0294   -50.0000    -0.0848 4.1938e+02     2.6341    237.072 0.0000e+00
      7.500     -0.125    29.0430   0.009667     0.1102   250.0000    -0.0847 4.3906e+02     2.6336    237.033 0.0000e+00
      7.750     -0.125    29.0426   0.009589     0.0294   -50.0000    -0.0843 3.8553e+02     2.6336    237.001 0.0000e+00
      8.000     -0.123    29.0426   0.009535     0.1689  -220.0000    -0.0847 6.7311e+02     2.6336    237.029 0.0000e+00
      8.250     -0.126    29.0420   0.009583    -0.0220   -80.0000    -0.0848 9.1813e+02     2.6352    236.884 0.0000e+00
      8.500     -0.123    29.0421   0.009643     0.1763  -350.0000    -0.0847 7.8486e+02     2.6344    236.976 0.0000e+00
      8.750     -0.125    29.0417   0.009622     0.5949   -80.0000    -0.0845 1.0726e+03     2.6346    236.960 0.0000e+00
      9.000     -0.126    29.0415   0.009787    -1.1679  -190.0000    -0.0849 3.9903e+02     2.6341    236.998 0.0000e+00
      9.250     -0.126    29.0412   0.009940     1.1311-20400.0000    -0.0850 5.0678e+02     2.6342    237.065 0.0000e+00
      9.500     -0.125    29.0410   0.009742    -0.6096 -8460.0000    -0.0850 4.3528e+02     2.6335    237.159 0.0000e+00
      9.750     -0.123    29.0406   0.009715    -1.3956  -870.0000    -0.0846 4.0590e+02     2.6335    237.139 0.0000e+00
     10.000     -0.126    29.0406   0.009697     0.7051 -1010.0000    -0.0850 3.2182e+02     2.6342    236.990 0.0000e+00
     10.250     -0.123    29.0406   0.009601     1.0944  1450.0000    -0.0848 3.0853e+02     2.6333    237.173 0.0000e+00
     10.500     -0.123    29.0405   0.009469     1.9317-37130.0000    -0.0846 3.3583e+02     2.6330    237.105 0.0000e+00
     10.750     -0.125    29.0403   0.009397    -0.8814-11040.0000    -0.0845 3.5727e+02     2.6335    237.089 0.0000e+00
     11.000     -0.123    29.0402   0.009292     0.4040  7210.0000    -0.0850 3.9542e+02     2.6336    237.012 0.0000e+00
     11.250     -0.121    29.0407   0.009244     0.2644-22640.0000    -0.0851 1.4210e+03     2.6338    237.130 0.0000e+00
     11.500     -0.123    29.0406   0.009244     2.1668-18320.0000    -0.0846 1.5045e+03     2.6348    237.059 0.0000e+00
     11.750     -0.121    29.0411   0.009310     2.5707 15210.0000    -0.0852 1.4198e+03     2.6343    237.059 0.0000e+00
     12.000     -0.123    29.0420   0.009430     0.2203-10120.0000    -0.0846 1.3355e+03     2.6342    237.033 0.0000e+00
     12.250     -0.125    29.0422   0.009643     2.1300-26850.0000    -0.0845 1.3265e+03     2.6348    237.122 0.0000e+00
     12.500     -0.123    29.0430   0.009862     5.1268 -5880.0000    -0.0842 1.3083e+03     2.6346    237.069 0.0000e+00
     12.750     -0.125    29.0441   0.010013    -5.6116-15580.0000    -0.0848 1.2646e+03     2.6344    237.079 0.0000e+00
     13.000     -0.119    29.0455   0.010061   -10.3785-14580.0000    -0.0844 1.2581e+03     2.6335    237.077 0.0000e+00
     13.250     -0.119    29.0470   0.010034    -0.7051   610.0000    -0.0847 1.2240e+03     2.6338    237.279 0.0000e+00
     13.500     -0.121    29.0490   0.009946    -3.6358-16490.0000    -0.0845 1.1545e+03     2.6331    237.204 0.0000e+00
     13.750     -0.119    29.0505   0.009847    -2.8425-75470.0000    -0.0846 1.2061e+03     2.6338    237.231 0.0000e+00
     14.000     -0.123    29.0518   0.009775   -11.3774 32550.0000    -0.0846 1.3182e+03     2.6350    237.148 0.0000e+00
     14.250     -0.123    29.0534   0.009703    16.8715 -1.393e+05    -0.0846 1.3750e+03     2.6342    237.135 0.0000e+00
     14.500     -0.125    29.0543   0.009556   -11.5390 40750.0000    -0.0841 1.4449e+03     2.6345    237.025 0.0000e+00
     14.750     -0.125    29.0553   0.009484    -7.8298 -8410.0000    -0.0840 1.4222e+03     2.6342    236.985 0.0000e+00
     15.000     -0.123    29.0559   0.009496     3.6211-76660.0000    -0.0843 1.3629e+03     2.6352    237.045 0.0000e+00
     15.250     -0.125    29.0560   0.009538    -2.4238 10950.0000    -0.0842 1.3506e+03     2.6340    236.908 0.0000e+00
     15.500     -0.123    29.0560   0.009616     0.4995 40750.0000    -0.0844 1.3682e+03     2.6341    236.879 0.0000e+00
     15.750     -0.123    29.0559   0.009670    -0.1028-28900.0000    -0.0842 1.4133e+03     2.6344    236.936 0.0000e+00
     16.000     -0.123    29.0564   0.009826    -3.4815  -110.0000    -0.0841 1.4262e+03     2.6338    236.976 0.0000e+00
     16.250     -0.125    29.0570   0.009946   -11.8548 40750.0000    -0.0842 1.4374e+03     2.6336    237.011 0.0000e+00
     16.500     -0.125    29.0577   0.009919    -3.5403 40750.0000    -0.0839 1.4275e+03     2.6331    237.169 0.0000e+00
     16.750     -0.125    29.0582   0.009820    19.8535  -160.0000    -0.0843 1.3576e+03     2.6333    237.125 0.0000e+00
     17.000     -0.119    29.0589   0.009637    -5.3031   -50.0000    -0.0843 1.2657e+03     2.6333    237.118 0.0000e+00
     17.250     -0.119    29.0598   0.009424     4.5833 28430.0000    -0.0846 1.2657e+03     2.6343    237.210 0.0000e+00
     17.500     -0.125    29.0607   0.009277     2.8131-29130.0000    -0.0839 1.3413e+03     2.6338    237.189 0.0000e+00
     17.750     -0.121    29.0614   0.009214     1.3662 28950.0000    -0.0842 1.4075e+03     2.6332    237.134 0.0000e+00
     18.000     -0.125    29.0626   0.009247     2.4753-41890.0000    -0.0842 1.4368e+03     2.6342    236.984 0.0000e+00
     18.250     -0.123    29.0637   0.009325     1.7922-36380.0000    -0.0843 1.5003e+03     2.6349    236.984 0.0000e+00
     18.500     -0.123    29.0642   0.009523    -2.6222 18540.0000    -0.0838 1.4555e+03     2.6347    236.857 0.0000e+00
     18.750     -0.119    29.0655   0.009676     1.0283 -1840.0000    -0.0843 1.3262e+03     2.6349    236.938 0.0000e+00
     19.000     -0.123    29.0666   0.009730     4.3115-11510.0000    -0.0841 1.2317e+03     2.6342    237.105 0.0000e+00
     19.250     -0.121    29.0671   0.009688    -7.7490-20430.0000    -0.0838 1.1810e+03     2.6340    237.020 0.0000e+00
     19.500     -0.119    29.0681   0.009595     2.7470-93330.0000    -0.0843 1.2378e+03     2.6341    237.071 0.0000e+00
     19.750     -0.125    29.0690   0.009502     4.4070 17120.0000    -0.0837 1.3605e+03     2.6333    237.064 0.0000e+00
     20.000     -0.123    29.0698   0.009379     0.9475 -3700.0000    -0.0838 1.3384e+03     2.6331    237.213 0.0000e+00
     20.250     -0.121    29.0706   0.009205    -3.8929 18980.0000    -0.0841 1.3220e+03     2.6332    237.048 0.0000e+00
     20.500     -0.123    29.0716   0.009045    11.4876-88680.0000    -0.0839 1.3424e+03     2.6334    237.037 0.0000e+00
     20.750     -0.123    29.0722   0.008913     9.6146  -160.0000    -0.0839 1.3343e+03     2.6329    237.035 0.0000e+00
     21.000     -0.121    29.0731   0.008814    -1.5057-13390.0000    -0.0841 1.3801e+03     2.6338    236.928 0.0000e+00
     21.250     -0.123    29.0739   0.008775    -2.9086-17020.0000    -0.0839 1.4452e+03     2.6346    236.909 0.0000e+00
     21.500     -0.121    29.0745   0.008793    -1.6306-24530.0000    -0.0846 1.4650e+03     2.6349    236.816 0.0000e+00
     21.750     -0.123    29.0751   0.008880     0.1983   840.0000    -0.0839 1.4549e+03     2.6346    236.830 0.0000e+00
     22.000     -0.123    29.0755   0.009021    -0.3452-68490.0000    -0.0843 1.4574e+03     2.6356    236.818 0.0000e+00
     22.250     -0.123    29.0761   0.009265    -8.1750-45910.0000    -0.0844 1.3747e+03     2.6352    236.980 0.0000e+00
     22.500     -0.126    29.0768   0.009451     0.8300-26110.0000    -0.0841 1.3077e+03     2.6354    236.925 0.0000e+00
     22.750     -0.125    29.0773   0.009550    -3.1290-33110.0000    -0.0844 1.2833e+03     2.6342    236.860 0.0000e+00
     23.000     -0.123    29.0776   0.009577     0.5509 29120.0000    -0.0841 1.2213e+03     2.6349    237.007 0.0000e+00
     23.250     -0.123    29.0784   0.009502     4.6053-10430.0000    -0.0839 1.2532e+03     2.6349    237.120 0.0000e+00
     23.500     -0.121    29.0790   0.009364     2.3137   -50.0000    -0.0838 1.3407e+03     2.6338    237.113 0.0000e+00
     23.750     -0.121    29.0795   0.009199     7.7710    10.0000    -0.0841 1.3579e+03     2.6333    237.127 0.0000e+00
     24.000     -0.119    29.0801   0.009021    21.0434-55360.0000    -0.0838 1.3897e+03     2.6348    237.037 0.0000e+00
     24.250     -0.119    29.0808   0.008868     9.1519-21980.0000    -0.0838 1.4443e+03     2.6346    236.978 0.0000e+00
     24.500     -0.119    29.0812   0.008796     5.2443 24080.0000    -0.0844 1.4402e+03     2.6330    236.981 0.0000e+00
     24.750     -0.121    29.0817   0.008766    -6.9704 40750.0000    -0.0843 1.3864e+03     2.6345    236.855 0.0000e+00
     25.000     -0.121    29.0824   0.008808     1.7995 22720.0000    -0.0841 1.3727e+03     2.6339    236.770 0.0000e+00
     25.250     -0.121    29.0834   0.008985     4.7008 40750.0000    -0.0843 1.3323e+03     2.6348    236.752 0.0000e+00
     25.500     -0.121    29.0840   0.009220     4.0912  9950.0000    -0.0844 1.2668e+03     2.6349    236.785 0.0000e+00
     25.750     -0.123    29.0845   0.009397    -3.6358-11900.0000    -0.0842 1.2687e+03     2.6353    236.731 0.0000e+00
     26.000     -0.123    29.0853   0.009568    -3.1804 23160.0000    -0.0843 1.3375e+03     2.6347    236.861 0.0000e+00
     26.250     -0.121    29.0858   0.009781    10.9955-39040.0000    -0.0843 1.3430e+03     2.6349    237.001 0.0000e+00
     26.500     -0.121    29.0858   0.009946    11.5096 17870.0000    -0.0840 1.3629e+03     2.6352    237.068 0.0000e+00
     26.750     -0.123    29.0859   0.009995     3.3053   250.0000    -0.0839 1.3384e+03     2.6342    237.076 0.0000e+00
     27.000     -0.121    29.0866   0.009958    -0.2791-29730.0000    -0.0841 1.2293e+03     2.6339    237.221 0.0000e+00
     27.250     -0.121    29.0867   0.009826     3.1951 17510.0000    -0.0837 1.2071e+03     2.6346    237.180 0.0000e+00
     27.500     -0.121    29.0869   0.009643    -4.0765 29150.0000    -0.0841 1.2451e+03     2.6342    237.190 0.0000e+00
     27.750     -0.121    29.0873   0.009496     0.8814 19810.0000    -0.0843 1.2759e+03     2.6339    237.020 0.0000e+00
     28.000     -0.121    29.0877   0.009409    -0.9108-85160.0000    -0.0843 1.3682e+03     2.6346    237.042 0.0000e+00
     28.250     -0.123    29.0871   0.009331     3.4154   -20.0000    -0.0843 1.4383e+03     2.6345    237.010 0.0000e+00
     28.500     -0.119    29.0869   0.009247     0.1616  6490.0000    -0.0845 1.4048e+03     2.6342    236.850 0.0000e+00
     28.750     -0.121    29.0869   0.009247     1.2193-33530.0000    -0.0844 1.2979e+03     2.6345    236.764 0.0000e+00
     29.000     -0.119    29.0872   0.009292   -14.8369 40750.0000    -0.0843 1.1957e+03     2.6336    236.929 0.0000e+00
     29.250     -0.121    29.0879   0.009310     5.3765-75910.0000    -0.0842 1.1593e+03     2.6341    236.940 0.0000e+00
     29.500     -0.121    29.0886   0.009226   -18.1422-64280.0000    -0.0845 1.1872e+03     2.6335    236.742 0.0000e+00
     29.750     -0.119    29.0889   0.009192    -2.5561 -8990.0000    -0.0845 1.2687e+03     2.6339    236.939 0.0000e+00
     30.000     -0.123    29.0892   0.009298     2.3284  -700.0000    -0.0843 1.4066e+03     2.6346    236.870 0.0000e+00
     30.250     -0.125    29.0892   0.009430     3.4301-67570.0000    -0.0845 1.4486e+03     2.6342    236.998 0.0000e+00
     30.500     -0.121    29.0892   0.009442     0.7345 -5610.0000    -0.0848 1.4063e+03     2.6342    237.055 0.0000e+00
     30.750     -0.119    29.0893   0.009424     1.4543-26660.0000    -0.0843 1.3407e+03     2.6341    237.114 0.0000e+00
     31.000     -0.121    29.0898   0.009370    -2.0346 40750.0000    -0.0845 1.2668e+03     2.6347    237.022 0.0000e+00
     31.250     -0.121    29.0908   0.009220    -0.4921-17600.0000    -0.0844 1.1448e+03     2.6348    237.068 0.0000e+00
     31.500     -0.119    29.0916   0.009027     7.5947 -1.448e+05    -0.0846 1.1588e+03     2.6346    237.122 0.0000e+00
     31.750     -0.119    29.0920   0.008967    11.8034 40750.0000    -0.0846 1.3418e+03     2.6352    236.948 0.0000e+00
     32.000     -0.123    29.0926   0.008979    10.2242 40750.0000    -0.0846 1.4414e+03     2.6348    236.881 0.0000e+00
     32.250     -0.119    29.0925   0.008961    -8.4321 40750.0000    -0.0843 1.3936e+03     2.6343    236.932 0.0000e+00
     32.500     -0.121    29.0931   0.008952     3.8635-31560.0000    -0.0845 1.3363e+03     2.6341    236.875 0.0000e+00
