cruises/P45_06/L2/CTD/CTD_1s/P45_06_CTD_08_1s.cnv
* Sea-Bird SBE19plus  Data File:
* FileName = C:\Users\OA_2023-03\Desktop\Bathymetry\ctd_casts\J2_17_04_2026001.hex
* Software version 2.3.0 SB_Terminal.dll
* Temperature SN = 8460
* Conductivity SN = 8460
* System UpLoad Time = Apr 17 2026 17:13:47
* <ApplicationData>
* <SeatermAF>
# nquan = 17
# nvalues = 203                         
# units = specified
# name 0 = timeS: Time, Elapsed [seconds]
# name 1 = prdM: Pressure, Strain Gauge [db]
# name 2 = tv290C: Temperature [ITS-90, deg C]
# name 3 = c0S/m: Conductivity [S/m]
# name 4 = flECO-AFL: Fluorescence, WET Labs ECO-AFL/FL [mg/m^3]
# name 5 = flECO-AFL1: Fluorescence, WET Labs ECO-AFL/FL, 2 [mg/m^3]
# name 6 = CStarAt0: Beam Attenuation, WET Labs C-Star [1/m]
# name 7 = par/sat/log: PAR/Logarithmic, Satlantic [umol photons/m^2/sec]
# name 8 = sbeox0V: Oxygen raw, SBE 43 [V]
# name 9 = sbeox0Mm/L: Oxygen, SBE 43 [umol/l]
# name 10 = sal00: Salinity, Practical [PSU]
# name 11 = sigma-é00: Density [sigma-theta, kg/m^3]
# name 12 = sbox0Mm/Kg: Oxygen, SBE 43 [umol/kg], WS = 2
# name 13 = depSM: Depth [salt water, m], lat = 5.51
# name 14 = potemp090C: Potential Temperature [ITS-90, deg C]
# name 15 = nbin: number of scans per bin
# name 16 = flag: flag
# span 0 =    191.500,    618.250       
# span 1 =      0.125,     58.851       
# span 2 =    19.6284,    29.8425       
# span 3 =   4.851490,   5.874936       
# span 4 =    -0.0098,     1.5168       
# span 5 =  -210.0000,  1945.0000       
# span 6 =     0.0750,     7.7829       
# span 7 = 3.5339e+00, 1.2581e+03       
# span 8 =     1.6526,     2.6904       
# span 9 =    124.039,    213.292       
# span 10 =    35.2697,    35.8541      
# span 11 =    22.0495,    25.4609      
# span 12 =    120.935,    210.612      
# span 13 =      0.124,     58.516      
# span 14 =    19.6176,    29.8425      
# span 15 =          2,          4      
# span 16 = 0.0000e+00, 0.0000e+00      
# interval = seconds: 1                 
# start_time = Apr 17 2026 14:51:22 [Instrument's time stamp, header]
# bad_flag = -9.990e-29
*END*
[from data line 86]
    460.125     50.180    19.8907   4.877393     0.5215   465.0000     0.1019 8.8565e+00     1.6955    136.413    35.7775    25.3863    123.988     49.897    19.8813          2 0.0000e+00
    462.500     50.612    19.7874   4.867997     0.5068   580.0000     0.0978 6.3989e+00     1.6868    127.714    35.7879    25.4215    123.883     50.326    19.7781          3 0.0000e+00
    463.250     51.238    19.7635   4.866026     0.4676   503.3333     0.0979 6.7952e+00     1.6831    127.885    35.7918    25.4307    123.470     50.948    19.7541          3 0.0000e+00
    466.375     51.953    19.7366   4.862916     0.4738   517.5000     0.1081 4.4090e+00     1.6737    127.091    35.7889    25.4356    122.863     51.658    19.7270          4 0.0000e+00
    467.250     52.753    19.7191   4.861141     0.4480   456.6667     0.1088 5.7701e+00     1.6719    127.476    35.7888    25.4402    122.809     52.454    19.7095          3 0.0000e+00
    469.500     53.237    19.7158   4.860786     0.4554   520.0000     0.1054 6.1702e+00     1.6699    126.204    35.7885    25.4408    122.624     52.935    19.7061          3 0.0000e+00
    470.375     54.020    19.7088   4.859947     0.4370   552.5000     0.1111 4.8632e+00     1.6681    126.261    35.7873    25.4417    122.350     53.714    19.6989          4 0.0000e+00
    471.125     54.597    19.7069   4.859861     0.4224   450.0000     0.1086 5.8176e+00     1.6662    126.104    35.7880    25.4429    122.185     54.287    19.6969          2 0.0000e+00
    473.500     55.065    19.7005   4.858956     0.4872   436.6667     0.1088 4.4944e+00     1.6643    125.904    35.7858    25.4429    122.303     54.752    19.6904          3 0.0000e+00
    474.250     55.689    19.6974   4.858796     0.4603   530.0000     0.1094 4.7170e+00     1.6641    126.031    35.7869    25.4445    122.204     55.373    19.6872          3 0.0000e+00
    477.375     56.162    19.6950   4.858453     0.4499   512.5000     0.1104 4.8739e+00     1.6657    125.249    35.7860    25.4445    122.480     55.843    19.6847          4 0.0000e+00
    483.625     56.470    19.6857   4.857340     0.4334   490.0000     0.1099 4.9482e+00     1.6556    125.398    35.7845    25.4459    121.138     56.150    19.6754          2 0.0000e+00
    484.375     56.848    19.6794   4.856694     0.4793   467.5000     0.1134 4.6845e+00     1.6550    125.171    35.7845    25.4475    121.327     56.526    19.6690          4 0.0000e+00
    485.375     57.410    19.6695   4.855665     0.4389   560.0000     0.1102 4.4391e+00     1.6551    125.522    35.7842    25.4499    121.463     57.084    19.6590          4 0.0000e+00
    486.375     58.122    19.6590   4.854675     0.4003   435.0000     0.1133 3.8720e+00     1.6550    125.199    35.7848    25.4531    121.221     57.791    19.6483          4 0.0000e+00
    487.125     58.567    19.6488   4.853549     0.4334   560.0000     0.1146 4.0599e+00     1.6526    124.881    35.7841    25.4553    120.935     58.234    19.6381          2 0.0000e+00
    490.500     58.851    19.6349   4.852232     0.4285   590.0000     0.1223 3.5339e+00     1.6568    124.580    35.7848    25.4595    122.122     58.516    19.6242          3 0.0000e+00
    491.375     58.810    19.6284   4.851490     0.4848   415.0000     0.1199 4.3003e+00     1.6595    124.656    35.7843    25.4609    122.512     58.477    19.6176          4 0.0000e+00
    492.375     57.595    19.6406   4.853004     0.5215   455.0000     0.1188 4.5050e+00     1.6632    124.047    35.7868    25.4595    122.805     57.268    19.6301          4 0.0000e+00
    493.375     56.767    19.6598   4.854890     0.5123   427.5000     0.1170 4.7055e+00     1.6657    124.039    35.7863    25.4541    122.777     56.444    19.6494          4 0.0000e+00
    494.375     56.389    19.6762   4.856457     0.5307   510.0000     0.1174 5.0498e+00     1.6654    124.587    35.7854    25.4490    122.583     56.068    19.6658          4 0.0000e+00
    495.375     55.612    19.6885   4.857608     0.5435   475.0000     0.1130 5.4590e+00     1.6672    124.940    35.7847    25.4452    123.112     55.296    19.6783          4 0.0000e+00
    496.375     54.546    19.6978   4.858452     0.5380   505.0000     0.1107 5.8388e+00     1.6716    125.310    35.7841    25.4423    123.604     54.236    19.6878          4 0.0000e+00
    497.375     53.783    19.7033   4.858917     0.5288   525.0000     0.1098 6.2703e+00     1.6741    125.777    35.7835    25.4404    123.841     53.478    19.6934          4 0.0000e+00
    498.375     53.273    19.7067   4.859220     0.4976   540.0000     0.1080 6.5341e+00     1.6789    125.992    35.7833    25.4393    124.955     52.971    19.6969          4 0.0000e+00
    499.375     52.157    19.7158   4.860143     0.5086   540.0000     0.1114 6.8053e+00     1.6901    125.680    35.7836    25.4370    127.407     51.862    19.7062          4 0.0000e+00
    500.375     50.810    19.7345   4.862165     0.5196   580.0000     0.1058 7.5907e+00     1.7128    125.690    35.7848    25.4330    130.971     50.522    19.7252          4 0.0000e+00
    501.375     50.085    19.7557   4.864348     0.5289   560.0000     0.1048 8.2443e+00     1.7396    126.497    35.7850    25.4276    133.855     49.801    19.7465          4 0.0000e+00
    502.375     49.531    19.8002   4.869290     0.5160   607.5000     0.1006 8.7238e+00     1.7643    126.744    35.7880    25.4181    135.888     49.250    19.7912          4 0.0000e+00
    503.375     48.805    19.8935   4.879714     0.5435   530.0000     0.0959 9.0072e+00     1.7851    127.066    35.7947    25.3986    137.423     48.528    19.8845          4 0.0000e+00
    504.375     48.186    20.0355   4.895490     0.5876   475.0000     0.0939 9.4256e+00     1.8038    128.575    35.8036    25.3679    138.964     47.914    20.0266          4 0.0000e+00
    505.375     47.559    20.1644   4.908506     0.5454   670.0000     0.0969 9.8849e+00     1.8242    132.000    35.8010    25.3316    140.967     47.290    20.1555          4 0.0000e+00
    506.375     46.961    20.2617   4.918158     0.5656   702.5000     0.0983 1.0283e+01     1.8460    135.804    35.7976    25.3030    143.567     46.696    20.2529          4 0.0000e+00
    507.375     46.260    20.3299   4.925047     0.5931   607.5000     0.1002 1.0623e+01     1.8742    138.344    35.7964    25.2839    147.237     45.998    20.3212          4 0.0000e+00
    508.375     45.310    20.3860   4.930946     0.6004   690.0000     0.1040 1.1188e+01     1.9087    139.952    35.7973    25.2694    151.506     45.054    20.3775          4 0.0000e+00
    509.375     44.440    20.4596   4.939213     0.6335   892.5000     0.1065 1.2388e+01     1.9494    141.360    35.8027    25.2539    156.359     44.189    20.4512          4 0.0000e+00
    510.375     44.003    20.5302   4.946730     0.6794   775.0000     0.1119 1.2672e+01     1.9946    143.310    35.8043    25.2360    160.395     43.755    20.5220          4 0.0000e+00
    511.375     43.559    20.6141   4.956538     0.6794   912.5000     0.1125 1.3435e+01     2.0279    145.619    35.8133    25.2203    161.609     43.313    20.6058          4 0.0000e+00
    512.375     42.799    20.7137   4.967836     0.7731   870.0000     0.1183 1.4214e+01     2.0451    148.934    35.8211    25.1992    160.823     42.557    20.7056          4 0.0000e+00
    513.375     42.017    20.8515   4.984047     0.7896  1050.0000     0.1313 1.5196e+01     2.0430    153.153    35.8364    25.1735    157.512     41.779    20.8435          4 0.0000e+00
    514.375     41.188    20.9918   5.000367     0.9016  1060.0000     0.1365 1.6333e+01     2.0249    157.799    35.8504    25.1459    155.831     40.955    20.9839          4 0.0000e+00
    515.375     40.457    21.0672   5.007169     0.9071  1080.0000     0.1431 1.7679e+01     2.0318    163.120    35.8421    25.1189    160.315     40.229    21.0594          4 0.0000e+00
    516.375     39.807    21.1632   5.015509     0.9971  1092.5000     0.1733 1.9025e+01     2.0708    165.943    35.8287    25.0824    166.524     39.583    21.1556          4 0.0000e+00
    517.375     39.150    21.2724   5.020810     1.0797  1260.0000     0.2249 2.0736e+01     2.1135    165.445    35.7801    25.0154    169.857     38.929    21.2648          4 0.0000e+00
    518.375     38.714    21.3637   5.028070     1.1366  1397.5000     0.2164 2.1699e+01     2.1443    162.731    35.7622    24.9765    171.783     38.496    21.3562          4 0.0000e+00
    519.375     38.261    21.5138   5.045558     1.2156  1445.0000     0.2110 2.2874e+01     2.1715    157.799    35.7768    24.9461    173.695     38.045    21.5063          4 0.0000e+00
    520.375     37.568    21.6677   5.061750     1.2560  1617.5000     0.2185 2.4485e+01     2.1963    158.662    35.7779    24.9041    175.343     37.357    21.6604          4 0.0000e+00
    521.375     36.941    21.7668   5.070112     1.3900  1605.0000     0.2379 2.6391e+01     2.2169    166.360    35.7622    24.8645    176.358     36.733    21.7595          4 0.0000e+00
    522.625     36.785    21.8954   5.082133     1.5168  1930.0000     0.2601 2.6002e+01     2.2326    173.863    35.7510    24.8200    177.055     36.578    21.8881          2 0.0000e+00
    523.375     36.425    21.9703   5.089992     1.5039  1945.0000     0.2538 2.9100e+01     2.2429    175.062    35.7512    24.7992    178.128     36.220    21.9630          4 0.0000e+00
    524.375     35.519    22.1111   5.104557     1.4231  1820.0000     0.2393 3.1488e+01     2.2593    176.518    35.7501    24.7586    179.860     35.320    22.1041          4 0.0000e+00
    525.375     34.755    22.2346   5.114893     1.2707  1597.5000     0.2268 3.4537e+01     2.2824    178.302    35.7300    24.7084    182.645     34.559    22.2277          4 0.0000e+00
    526.375     34.544    22.3768   5.129596     1.0485  1280.0000     0.1915 3.2666e+01     2.3109    179.571    35.7284    24.6668    185.386     34.349    22.3699          4 0.0000e+00
    527.375     34.073    22.4883   5.140425     0.6445   677.5000     0.1645 3.6648e+01     2.3404    179.792    35.7218    24.6300    187.774     33.881    22.4815          4 0.0000e+00
    528.375     33.231    22.6274   5.153498     0.5619   655.0000     0.1520 4.0873e+01     2.3645    180.196    35.7102    24.5815    188.753     33.044    22.6206          4 0.0000e+00
    529.375     32.916    22.9065   5.185725     0.4462   485.0000     0.1397 3.9159e+01     2.3792    181.370    35.7329    24.5185    188.692     32.731    22.8998          4 0.0000e+00
    530.375     32.744    23.0401   5.195015     0.4003   372.5000     0.1354 4.1912e+01     2.3944    183.662    35.6960    24.4519    190.182     32.560    23.0334          4 0.0000e+00
    531.375     32.107    23.2179   5.215232     0.3562   355.0000     0.1354 4.4766e+01     2.4144    186.779    35.7080    24.4094    191.558     31.927    23.2112          4 0.0000e+00
    532.375     31.478    23.3013   5.221977     0.3269   315.0000     0.1425 4.8357e+01     2.4305    189.727    35.6925    24.3734    193.346     31.302    23.2948          4 0.0000e+00
    533.375     31.127    23.3454   5.224830     0.3617   380.0000     0.1594 4.8126e+01     2.4598    191.801    35.6788    24.3501    197.739     30.951    23.3390          4 0.0000e+00
    534.375     30.712    23.4499   5.236537     0.3599   375.0000     0.1574 4.9347e+01     2.5042    192.074    35.6844    24.3237    203.240     30.540    23.4435          4 0.0000e+00
    535.375     30.135    23.5550   5.246000     0.3838   365.0000     0.1760 5.0336e+01     2.5573    192.694    35.6722    24.2837    207.933     29.966    23.5487          4 0.0000e+00
    536.375     29.246    23.7845   5.270054     0.3489   437.5000     0.1459 5.8020e+01     2.5991    194.539    35.6714    24.2154    209.529     29.082    23.7783          4 0.0000e+00
    538.375     28.663    24.4153   5.332610     0.2387   272.5000     0.1248 5.6654e+01     2.6461    197.323    35.6406    24.0042    210.581     28.503    24.4092          4 0.0000e+00
    539.375     27.687    24.7920   5.371782     0.2038   232.5000     0.1316 6.3499e+01     2.6684    202.025    35.6356    23.8867    210.612     27.532    24.7860          4 0.0000e+00
    540.125     27.111    24.9864   5.387153     0.2130   265.0000     0.1191 6.6425e+01     2.6757    206.245    35.5968    23.7982    209.962     26.959    24.9805          2 0.0000e+00
    542.375     26.744    25.4769   5.435464     0.1616   242.5000     0.1286 7.0611e+01     2.6904    210.787    35.5694    23.6272    208.652     26.594    25.4710          4 0.0000e+00
    543.375     26.177    25.8024   5.468534     0.1579   157.5000     0.1133 7.2796e+01     2.6874    210.815    35.5584    23.5181    206.736     26.031    25.7966          4 0.0000e+00
    544.375     26.055    26.0302   5.489910     0.1396   180.0000     0.1025 7.0371e+01     2.6803    211.816    35.5376    23.4314    205.192     25.910    26.0244          4 0.0000e+00
    545.375     25.713    26.2146   5.507522     0.1230   122.5000     0.1027 7.8418e+01     2.6756    211.415    35.5231    23.3626    204.156     25.569    26.2088          4 0.0000e+00
    546.375     25.063    26.3958   5.523574     0.1157   130.0000     0.0994 7.9833e+01     2.6688    210.991    35.4998    23.2880    202.788     24.922    26.3901          4 0.0000e+00
    547.375     24.681    26.6371   5.546705     0.1047   135.0000     0.0980 8.1315e+01     2.6635    210.432    35.4813    23.1978    201.904     24.543    26.6315          4 0.0000e+00
    548.375     24.451    26.8060   5.558718     0.0863   115.0000     0.0917 8.6666e+01     2.6659    208.594    35.4384    23.1116    202.065     24.314    26.8004          4 0.0000e+00
    549.375     23.945    26.9331   5.570543     0.0551    37.5000     0.0908 8.6657e+01     2.6694    207.017    35.4262    23.0620    201.678     23.812    26.9276          4 0.0000e+00
    550.125     23.632    26.9944   5.574984     0.0882   155.0000     0.0907 8.7751e+01     2.6679    206.269    35.4113    23.0312    201.118     23.500    26.9889          2 0.0000e+00
    551.625     23.520    27.0472   5.578134     0.0625   175.0000     0.0920 9.9805e+01     2.6672    205.089    35.3937    23.0010    201.394     23.388    27.0418          2 0.0000e+00
    552.375     23.022    27.0970   5.584140     0.0716   100.0000     0.0917 1.0103e+02     2.6718    204.635    35.3988    22.9888    201.906     22.893    27.0917          4 0.0000e+00
    553.375     22.451    27.1954   5.591407     0.0588    45.0000     0.0879 1.0363e+02     2.6792    205.015    35.3760    22.9400    201.932     22.326    27.1902          4 0.0000e+00
    554.375     22.268    27.2984   5.599501     0.0808   105.0000     0.0894 1.0007e+02     2.6777    205.421    35.3555    22.8915    200.844     22.144    27.2932          4 0.0000e+00
    555.375     21.974    27.3593   5.603416     0.0533    87.5000     0.0875 1.0603e+02     2.6724    204.727    35.3373    22.8581    200.429     21.851    27.3542          4 0.0000e+00
    556.375     21.308    27.4515   5.611207     0.0441   187.5000     0.0880 1.1437e+02     2.6768    204.199    35.3231    22.8176    200.990     21.189    27.4466          4 0.0000e+00
    557.250     20.679    27.5623   5.622022     0.0514   106.6667     0.0874 1.3331e+02     2.6802    204.463    35.3162    22.7766    200.575     20.564    27.5575          3 0.0000e+00
    560.375     20.187    27.7402   5.636223     0.0532   110.0000     0.0859 1.3275e+02     2.6861    203.428    35.2828    22.6936    200.825     20.074    27.7354          4 0.0000e+00
    561.250     19.520    27.7770   5.640001     0.0490    33.3333     0.1309 1.6102e+02     2.6855    203.792    35.2819    22.6810    199.849     19.411    27.7724          3 0.0000e+00
