cruises/P45_06/L2/CTD/CTD_1s/P45_06_CTD_07_1s.cnv
* Sea-Bird SBE19plus  Data File:
* FileName = C:\Users\OA_2023-03\Desktop\Bathymetry\ctd_casts\J1_17_04_2026003.hex
* Software version 2.3.0 SB_Terminal.dll
* Temperature SN = 8460
* Conductivity SN = 8460
* System UpLoad Time = Apr 17 2026 12:58:15
* <ApplicationData>
* <SeatermAF>
# nquan = 17
# nvalues = 147                         
# units = specified
# name 0 = timeS: Time, Elapsed [seconds]
# name 1 = prdM: Pressure, Strain Gauge [db]
# name 2 = tv290C: Temperature [ITS-90, deg C]
# name 3 = c0S/m: Conductivity [S/m]
# name 4 = flECO-AFL: Fluorescence, WET Labs ECO-AFL/FL [mg/m^3]
# name 5 = flECO-AFL1: Fluorescence, WET Labs ECO-AFL/FL, 2 [mg/m^3]
# name 6 = CStarAt0: Beam Attenuation, WET Labs C-Star [1/m]
# name 7 = par/sat/log: PAR/Logarithmic, Satlantic [umol photons/m^2/sec]
# name 8 = sbeox0V: Oxygen raw, SBE 43 [V]
# name 9 = sbeox0Mm/L: Oxygen, SBE 43 [umol/l]
# name 10 = sal00: Salinity, Practical [PSU]
# name 11 = sigma-é00: Density [sigma-theta, kg/m^3]
# name 12 = sbox0Mm/Kg: Oxygen, SBE 43 [umol/kg], WS = 2
# name 13 = depSM: Depth [salt water, m], lat = 5.51
# name 14 = potemp090C: Potential Temperature [ITS-90, deg C]
# name 15 = nbin: number of scans per bin
# name 16 = flag: flag
# span 0 =    671.375,    976.125       
# span 1 =     -0.053,     49.399       
# span 2 =    20.3099,    29.7390       
# span 3 =   0.111805,   5.854278       
# span 4 =    -0.0441,     1.2064       
# span 5 =  -175.0000,  2900.0000       
# span 6 =     0.0743,    11.9557       
# span 7 = 2.0131e+01, 2.0911e+03       
# span 8 =     1.7497,     2.7100       
# span 9 =    133.215,    212.987       
# span 10 =     0.5032,    35.7799      
# span 11 =    -3.8767,    25.2741      
# span 12 =    129.827,    212.677      
# span 13 =     -0.053,     49.120      
# span 14 =    20.3007,    29.7389      
# span 15 =          2,          4      
# span 16 = 0.0000e+00, 0.0000e+00      
# interval = seconds: 1                 
# start_time = Apr 17 2026 12:04:27 [Instrument's time stamp, header]
# bad_flag = -9.990e-29
*END*
    671.375      4.198    29.6071   5.840921     0.0423   165.0000     0.0796 6.3641e+02     2.1764    143.647    35.3205    22.1006    150.206      4.175    29.6061          4 0.0000e+00
    672.250      4.883    29.6151   5.840805     0.0220    70.0000     0.0802 7.0352e+02     2.1963    145.108    35.3137    22.0928    150.478      4.856    29.6139          3 0.0000e+00
    725.375      5.822    29.5712   5.838200     0.0312    47.5000     0.0841 2.3969e+02     2.5546    183.305    35.3278    22.1184    181.652      5.790    29.5698          4 0.0000e+00
    726.250      6.506    29.5194   5.832398     0.0416   153.3333     0.0834 3.0685e+02     2.5460    190.648    35.3261    22.1347    182.056      6.470    29.5178          3 0.0000e+00
    728.375      7.031    29.4675   5.827217     0.0238   122.5000     0.0837 2.8436e+02     2.6020    185.759    35.3287    22.1542    187.770      6.992    29.4658          4 0.0000e+00
    729.375      7.984    29.4236   5.822202     0.0330    90.0000     0.0858 2.6490e+02     2.6042    188.226    35.3264    22.1674    186.944      7.939    29.4216          4 0.0000e+00
    730.125      8.374    29.4096   5.820855     0.0404    50.0000     0.0829 2.8663e+02     2.5998    187.637    35.3273    22.1729    186.777      8.328    29.4075          2 0.0000e+00
    731.375      8.515    29.4043   5.820287     0.0294    82.5000     0.0847 3.1265e+02     2.6103    185.679    35.3273    22.1747    188.338      8.468    29.4021          4 0.0000e+00
    732.375      9.240    29.3911   5.818660     0.0312    62.5000     0.0838 2.3569e+02     2.6166    189.604    35.3256    22.1780    188.445      9.189    29.3888          4 0.0000e+00
    733.375     10.260    29.3687   5.816054     0.0349   115.0000     0.0825 2.5906e+02     2.6138    193.465    35.3240    22.1844    187.855     10.203    29.3661          4 0.0000e+00
    734.375     10.792    29.3606   5.815410     0.0404   102.5000     0.0823 3.1920e+02     2.6097    192.580    35.3254    22.1882    187.853     10.732    29.3579          4 0.0000e+00
    735.375     11.117    29.3501   5.814467     0.0459   155.0000     0.0836 3.1431e+02     2.6142    191.090    35.3266    22.1926    188.884     11.056    29.3474          4 0.0000e+00
    736.375     11.962    29.3098   5.809497     0.0330   130.0000     0.0833 2.5866e+02     2.6252    192.450    35.3220    22.2029    189.925     11.895    29.3069          4 0.0000e+00
    737.375     12.924    29.2761   5.806012     0.0367   117.5000     0.0812 3.2338e+02     2.6254    193.596    35.3226    22.2147    189.383     12.852    29.2730          4 0.0000e+00
    738.375     13.506    29.2469   5.802789     0.0330   145.0000     0.0935 2.8248e+02     2.6224    192.916    35.3219    22.2240    189.530     13.431    29.2436          4 0.0000e+00
    739.375     13.663    29.2304   5.801029     0.0331    82.5000     0.0813 3.6013e+02     2.6294    192.165    35.3219    22.2296    190.758     13.587    29.2271          4 0.0000e+00
    740.375     14.261    29.1897   5.796545     0.0422    90.0000     0.0832 2.8212e+02     2.6374    193.026    35.3209    22.2426    191.251     14.181    29.1862          4 0.0000e+00
    741.375     15.378    29.0820   5.783247     0.0386   130.0000     0.0794 1.6488e+02     2.6365    194.969    35.3087    22.2696    191.176     15.292    29.0783          4 0.0000e+00
    742.375     16.245    28.9670   5.769494     0.0367   177.5000     0.0756 2.9378e+02     2.6379    195.309    35.2987    22.3007    192.566     16.154    28.9630          4 0.0000e+00
    743.625     16.409    28.9034   5.762950     0.0367   185.0000     0.0764 2.9342e+02     2.6521    194.517    35.3005    22.3233    193.348     16.317    28.8994          2 0.0000e+00
    744.375     16.964    28.8143   5.753358     0.0459   165.0000     0.0809 2.1658e+02     2.6470    195.787    35.3000    22.3527    191.379     16.870    28.8102          4 0.0000e+00
    745.375     18.120    28.5904   5.725864     0.0404   137.5000     0.0801 1.4873e+02     2.5991    197.826    35.2753    22.4087    187.009     18.019    28.5860          4 0.0000e+00
    748.375     19.318    28.0981   5.672804     0.0735   165.0000     0.0781 1.2614e+02     2.6571    200.629    35.2717    22.5683    197.654     19.210    28.0935          4 0.0000e+00
    749.375     20.366    27.8917   5.661279     0.0441   185.0000     0.0822 8.3094e+01     2.6759    200.917    35.3453    22.6913    200.206     20.253    27.8869          4 0.0000e+00
    751.625     21.060    27.8157   5.660647     0.0514   170.0000     0.0743 2.3766e+02     2.7017    196.363    35.3978    22.7557    201.485     20.943    27.8107          2 0.0000e+00
    752.375     21.708    27.4087   5.617241     0.0679   170.0000     0.0774 1.7193e+02     2.6935    204.955    35.3982    22.8879    200.414     21.587    27.4036          4 0.0000e+00
    753.375     22.741    27.1200   5.592160     0.0753   152.5000     0.0927 1.3784e+02     2.6599    206.287    35.4386    23.0115    197.157     22.614    27.1148          4 0.0000e+00
    754.375     23.479    27.0190   5.584105     0.0863   177.5000     0.0900 2.1560e+02     2.6310    207.613    35.4578    23.0583    195.784     23.347    27.0136          4 0.0000e+00
    755.375     23.696    26.9704   5.579585     0.0900   247.5000     0.0858 1.9879e+02     2.6157    209.141    35.4626    23.0774    194.553     23.563    26.9650          4 0.0000e+00
    756.375     24.534    26.4647   5.531278     0.1469   240.0000     0.0877 1.3272e+02     2.5869    210.925    35.5024    23.2679    191.953     24.396    26.4591          4 0.0000e+00
    757.250     25.322    25.6551   5.448718     0.1689   246.6667     0.0974 1.6072e+02     2.5483    212.987    35.5281    23.5408    191.251     25.180    25.6495          3 0.0000e+00
    759.375     25.880    25.1289   5.403971     0.1616   245.0000     0.1050 1.5929e+02     2.5252    205.465    35.6099    23.7646    193.417     25.735    25.1232          4 0.0000e+00
    760.375     26.810    24.9013   5.377303     0.2093   295.0000     0.1104 1.1737e+02     2.5202    205.849    35.5907    23.8196    195.165     26.660    24.8955          4 0.0000e+00
    761.375     27.555    24.7211   5.360755     0.2130   287.5000     0.1198 1.4539e+02     2.5428    203.760    35.6093    23.8883    199.430     27.401    24.7152          4 0.0000e+00
    762.375     27.831    24.6203   5.351777     0.2203   275.0000     0.1263 1.6218e+02     2.5633    198.269    35.6219    23.9283    200.469     27.675    24.6143          4 0.0000e+00
    763.375     28.316    24.5337   5.343836     0.2351   330.0000     0.1294 1.2021e+02     2.5623    197.665    35.6310    23.9613    197.579     28.157    24.5276          4 0.0000e+00
    764.375     29.269    24.3690   5.329935     0.2185   295.0000     0.1379 9.8091e+01     2.5232    200.143    35.6572    24.0307    191.308     29.105    24.3628          4 0.0000e+00
    767.375     30.383    24.1219   5.306292     0.2369   280.0000     0.1375 6.9136e+01     2.3877    208.213    35.6756    24.1185    175.995     30.212    24.1154          4 0.0000e+00
    768.375     31.322    23.8963   5.280319     0.3801   380.0000     0.1407 7.4402e+01     2.3045    207.624    35.6590    24.1731    169.057     31.147    23.8897          4 0.0000e+00
    770.375     31.817    23.7010   5.264271     0.5637   787.5000     0.1341 7.8413e+01     2.2190    192.759    35.6936    24.2570    165.107     31.639    23.6944          4 0.0000e+00
    771.375     32.654    23.1723   5.202589     0.9713  1260.0000     0.1370 5.8878e+01     2.1919    192.185    35.6473    24.3765    164.970     32.470    23.1656          4 0.0000e+00
    772.375     33.371    22.8325   5.171435     1.0669  1405.0000     0.1919 6.9515e+01     2.1733    187.827    35.6822    24.5014    163.286     33.184    22.8257          4 0.0000e+00
    773.375     33.802    22.7138   5.161483     1.0246  1267.5000     0.1970 6.8553e+01     2.1347    175.672    35.7016    24.5502    158.622     33.612    22.7069          4 0.0000e+00
    774.375     34.388    22.5384   5.144770     0.9475  1182.5000     0.1994 5.9181e+01     2.1009    171.393    35.7146    24.6103    156.949     34.195    22.5314          4 0.0000e+00
    775.375     35.038    22.1975   5.110290     1.0155  1275.0000     0.2187 5.8669e+01     2.0810    171.886    35.7241    24.7144    157.180     34.840    22.1905          4 0.0000e+00
    776.375     35.562    21.9622   5.088430     1.0540  1230.0000     0.2127 5.8592e+01     2.0689    171.188    35.7459    24.7973    156.793     35.362    21.9551          4 0.0000e+00
    777.375     36.129    21.7806   5.069588     1.0430  1175.0000     0.2112 5.4913e+01     2.0517    171.002    35.7469    24.8490    153.496     35.926    21.7735          4 0.0000e+00
    778.375     36.888    21.6921   5.061371     0.9347  1167.5000     0.2079 4.5620e+01     2.0069    166.475    35.7548    24.8798    146.463     36.681    21.6848          4 0.0000e+00
    779.375     37.682    21.6208   5.054529     0.9347  1162.5000     0.1983 4.5029e+01     1.9526    161.943    35.7594    24.9031    141.950     37.469    21.6134          4 0.0000e+00
    780.375     38.026    21.5564   5.047148     0.9732  1175.0000     0.1915 5.0858e+01     1.9190    161.446    35.7541    24.9170    140.770     37.812    21.5490          4 0.0000e+00
    781.375     38.579    21.3842   5.030584     0.8997  1065.0000     0.1913 4.1562e+01     1.8961    161.885    35.7651    24.9730    139.595     38.361    21.3767          4 0.0000e+00
    782.375     39.328    21.0391   4.992386     0.8116  1085.0000     0.1672 4.0018e+01     1.8763    161.285    35.7471    25.0542    138.976     39.107    21.0315          4 0.0000e+00
    783.375     39.773    20.9005   4.980369     0.8263  1075.0000     0.1586 4.3665e+01     1.8621    154.899    35.7663    25.1067    138.473     39.549    20.8929          4 0.0000e+00
    784.375     40.374    20.8373   4.974597     0.7731  1065.0000     0.1558 3.8031e+01     1.8517    146.387    35.7726    25.1287    137.898     40.147    20.8296          4 0.0000e+00
    785.375     41.174    20.7532   4.965832     0.7970  1000.0000     0.1598 3.6308e+01     1.8432    143.981    35.7722    25.1512    137.432     40.941    20.7454          4 0.0000e+00
    786.375     41.663    20.6890   4.958988     0.8098   980.0000     0.1578 4.2148e+01     1.8355    143.999    35.7706    25.1674    136.843     41.428    20.6811          4 0.0000e+00
    787.375     42.242    20.6498   4.955447     0.7235   952.5000     0.1620 3.7895e+01     1.8283    142.842    35.7748    25.1812    136.280     42.003    20.6418          4 0.0000e+00
    788.375     42.971    20.6163   4.951947     0.7345   925.0000     0.1872 3.6687e+01     1.8217    142.022    35.7743    25.1900    135.746     42.728    20.6082          4 0.0000e+00
    789.375     43.581    20.5980   4.950154     0.7014   905.0000     0.1785 3.5698e+01     1.8152    141.638    35.7750    25.1954    135.138     43.335    20.5898          4 0.0000e+00
    790.375     44.339    20.5605   4.946298     0.7859   955.0000     0.1578 3.2495e+01     1.8092    141.198    35.7751    25.2056    134.693     44.089    20.5522          4 0.0000e+00
    791.375     44.904    20.5246   4.942672     0.7308   912.5000     0.1507 3.4851e+01     1.8041    140.682    35.7758    25.2158    134.660     44.650    20.5161          4 0.0000e+00
    792.375     45.324    20.5023   4.940329     0.7381   912.5000     0.1492 3.2796e+01     1.8039    140.025    35.7753    25.2215    135.131     45.067    20.4938          4 0.0000e+00
    793.375     45.763    20.4787   4.938129     0.7051   877.5000     0.1464 3.2541e+01     1.8047    139.477    35.7772    25.2293    135.156     45.504    20.4701          4 0.0000e+00
    794.250     45.955    20.4549   4.935498     0.7198   936.6667     0.1497 3.2967e+01     1.8034    139.032    35.7759    25.2347    134.734     45.695    20.4462          3 0.0000e+00
    798.125     46.391    20.4299   4.932482     0.7125   880.0000     0.1472 2.6698e+01     1.7918    138.791    35.7723    25.2387    132.985     46.129    20.4212          2 0.0000e+00
    801.375     46.953    20.4039   4.929983     0.6813   850.0000     0.1542 2.0131e+01     1.7718    137.948    35.7737    25.2467    131.497     46.688    20.3951          4 0.0000e+00
    802.250     47.715    20.3753   4.927458     0.6097   820.0000     0.1509 2.4546e+01     1.7694    137.867    35.7770    25.2571    131.372     47.445    20.3663          3 0.0000e+00
    804.500     48.046    20.3533   4.925439     0.6390   733.3333     0.1529 2.3492e+01     1.7647    135.273    35.7791    25.2645    131.223     47.774    20.3443          3 0.0000e+00
    805.250     48.591    20.3489   4.925118     0.6145   733.3333     0.1606 2.1162e+01     1.7642    134.990    35.7799    25.2664    131.168     48.316    20.3398          3 0.0000e+00
    809.500     48.962    20.3361   4.923650     0.6341   930.0000     0.2034 2.1596e+01     1.7497    134.440    35.7787    25.2688    129.827     48.685    20.3270          3 0.0000e+00
    810.375     49.399    20.3241   4.922137     0.6078   780.0000     0.2039 2.1685e+01     1.7508    134.534    35.7764    25.2703    130.089     49.120    20.3148          4 0.0000e+00
    812.375     49.371    20.3099   4.920677     0.6592   810.0000     0.2252 2.3374e+01     1.7522    133.319    35.7765    25.2741    130.137     49.091    20.3007          4 0.0000e+00
    815.375     48.975    20.3199   4.921702     0.6335   815.0000     0.2335 2.4753e+01     1.7649    133.215    35.7765    25.2715    132.574     48.698    20.3107          4 0.0000e+00
    816.375     48.241    20.3168   4.921111     0.6757   810.0000     0.2163 2.6040e+01     1.7731    133.438    35.7745    25.2708    133.480     47.968    20.3078          4 0.0000e+00
    817.375     47.699    20.3284   4.922479     0.7033   877.5000     0.2093 2.7243e+01     1.7819    133.505    35.7761    25.2689    134.491     47.429    20.3195          4 0.0000e+00
    818.375     47.071    20.3467   4.924327     0.6904   830.0000     0.2000 2.9683e+01     1.7917    133.302    35.7759    25.2638    135.521     46.804    20.3379          4 0.0000e+00
    819.375     46.522    20.3648   4.926068     0.7143   857.5000     0.1844 3.0632e+01     1.8012    134.195    35.7750    25.2582    136.435     46.259    20.3561          4 0.0000e+00
    820.375     45.849    20.3947   4.928792     0.7106   872.5000     0.1607 3.3207e+01     1.8103    135.498    35.7721    25.2480    137.223     45.590    20.3861          4 0.0000e+00
    821.375     44.929    20.4320   4.932182     0.7400   820.0000     0.1480 3.6639e+01     1.8192    136.489    35.7686    25.2353    137.896     44.675    20.4235          4 0.0000e+00
    822.375     44.052    20.4766   4.936716     0.8061  1025.0000     0.1478 4.0477e+01     1.8255    137.373    35.7681    25.2228    138.130     43.803    20.4684          4 0.0000e+00
    823.375     43.523    20.5256   4.941584     0.7933   972.5000     0.1461 4.2079e+01     1.8304    138.399    35.7664    25.2084    138.671     43.277    20.5174          4 0.0000e+00
    824.375     43.171    20.5620   4.945075     0.7859   967.5000     0.1466 4.5367e+01     1.8390    139.370    35.7642    25.1969    140.137     42.927    20.5539          4 0.0000e+00
    825.375     42.317    20.5918   4.947895     0.7914   980.0000     0.1473 4.8593e+01     1.8534    140.221    35.7624    25.1874    142.406     42.078    20.5837          4 0.0000e+00
    826.375     41.454    20.6133   4.949925     0.8593   987.5000     0.1511 5.3083e+01     1.8750    141.015    35.7610    25.1805    146.185     41.221    20.6054          4 0.0000e+00
    827.375     40.828    20.6449   4.952775     0.9493  1002.5000     0.1575 5.6380e+01     1.9141    141.458    35.7578    25.1695    152.718     40.597    20.6371          4 0.0000e+00
