cruises/P45_06/L2/CTD/CTD_1s/P45_06_CTD_02_1s.cnv
* Sea-Bird SBE19plus  Data File:
* FileName = C:\Users\OA_2023-03\Desktop\Bathymetry\ctd_casts\J3_15_04_25002.hex
* Software version 2.3.0 SB_Terminal.dll
* Temperature SN = 8460
* Conductivity SN = 8460
* System UpLoad Time = Apr 15 2026 17:07:40
* <ApplicationData>
* <SeatermAF>
# nquan = 17
# nvalues = 634                         
# units = specified
# name 0 = timeS: Time, Elapsed [seconds]
# name 1 = prdM: Pressure, Strain Gauge [db]
# name 2 = tv290C: Temperature [ITS-90, deg C]
# name 3 = c0S/m: Conductivity [S/m]
# name 4 = flECO-AFL: Fluorescence, WET Labs ECO-AFL/FL [mg/m^3]
# name 5 = flECO-AFL1: Fluorescence, WET Labs ECO-AFL/FL, 2 [mg/m^3]
# name 6 = CStarAt0: Beam Attenuation, WET Labs C-Star [1/m]
# name 7 = par/sat/log: PAR/Logarithmic, Satlantic [umol photons/m^2/sec]
# name 8 = sbeox0V: Oxygen raw, SBE 43 [V]
# name 9 = sbeox0Mm/L: Oxygen, SBE 43 [umol/l]
# name 10 = sal00: Salinity, Practical [PSU]
# name 11 = sigma-é00: Density [sigma-theta, kg/m^3]
# name 12 = sbox0Mm/Kg: Oxygen, SBE 43 [umol/kg], WS = 2
# name 13 = depSM: Depth [salt water, m], lat = 5.51
# name 14 = potemp090C: Potential Temperature [ITS-90, deg C]
# name 15 = nbin: number of scans per bin
# name 16 = flag: flag
# span 0 =     96.625,   1086.375       
# span 1 =     -0.071,    166.127       
# span 2 =    16.1433,    29.7759       
# span 3 =   0.033122,   5.820802       
# span 4 =   -12.8978,     0.7731       
# span 5 =-19556.6667,  1062.5000       
# span 6 =     0.0030,    15.8860       
# span 7 = 1.1792e-01, 6.9981e+02       
# span 8 =     1.2872,     2.5598       
# span 9 =     91.252,    201.727       
# span 10 =     0.1468,    35.9151      
# span 11 =    -4.1346,    26.2302      
# span 12 =     89.023,    197.283      
# span 13 =     -0.071,    165.140      
# span 14 =    16.1167,    29.7756      
# span 15 =          2,          4      
# span 16 = 0.0000e+00, 0.0000e+00      
# interval = seconds: 1                 
# start_time = Apr 15 2026 15:54:22 [Instrument's time stamp, header]
# bad_flag = -9.990e-29
*END*
     96.625      0.619    29.7691   5.819928    -0.0037   175.0000     0.0587 2.6301e+02     2.5042    180.743    35.0604    21.8502    177.063      0.616    29.7689          2 0.0000e+00
     97.250      0.978    29.7698   5.820055     0.0294    -6.6667     0.0582 3.8306e+02     2.5045    181.277    35.0606    21.8501    177.163      0.973    29.7696          3 0.0000e+00
    116.500      1.316    29.7759   5.820802     0.0416   126.6667     0.0638 2.1896e+02     2.5101    181.931    35.0611    21.8484    177.497      1.309    29.7756          3 0.0000e+00
    148.125      1.761    29.7705   5.820209     0.0183    65.0000     0.0604 5.3470e+02     2.5137    182.402    35.0609    21.8502    177.887      1.752    29.7701          2 0.0000e+00
    288.375      2.089    29.7496   5.817872     0.0349    55.0000     0.0635 3.4449e+02     2.5212    183.159    35.0601    21.8567    178.746      2.078    29.7491          4 0.0000e+00
    289.375      2.689    29.7300   5.815773     0.0331   122.5000     0.0649 3.1622e+02     2.5198    183.088    35.0599    21.8633    178.624      2.675    29.7294          4 0.0000e+00
    290.375      3.331    29.7032   5.812494     0.0294    95.0000     0.0584 2.8361e+02     2.5182    182.659    35.0569    21.8702    178.588      3.313    29.7024          4 0.0000e+00
    291.375      3.886    29.6866   5.811121     0.0275   117.5000     0.0583 1.9287e+02     2.5172    182.728    35.0595    21.8778    178.625      3.865    29.6856          4 0.0000e+00
    292.375      4.646    29.6490   5.806609     0.0367   115.0000     0.0603 1.7197e+02     2.5167    183.054    35.0559    21.8879    178.749      4.620    29.6479          4 0.0000e+00
    293.375      5.349    29.6159   5.803572     0.0331   115.0000     0.0614 1.4768e+02     2.5171    183.202    35.0592    21.9016    178.911      5.319    29.6146          4 0.0000e+00
    294.375      5.968    29.5057   5.790262     0.0404    52.5000     0.0600 1.1358e+02     2.5165    183.226    35.0485    21.9310    179.171      5.935    29.5042          4 0.0000e+00
    295.375      6.758    29.3556   5.773147     0.0330    95.0000     0.0623 1.3373e+02     2.5166    183.509    35.0408    21.9759    179.819      6.721    29.3540          4 0.0000e+00
    296.375      7.507    29.2683   5.764022     0.0386   107.5000     0.0620 1.3472e+02     2.5183    183.814    35.0420    22.0063    180.172      7.465    29.2664          4 0.0000e+00
    297.375      8.038    29.2355   5.761150     0.0294   102.5000     0.0645 1.8152e+02     2.5174    184.009    35.0461    22.0204    180.015      7.993    29.2336          4 0.0000e+00
    298.375      8.662    29.2210   5.759776     0.0294    72.5000     0.0641 1.4875e+02     2.5140    184.154    35.0472    22.0261    179.724      8.613    29.2189          4 0.0000e+00
    299.375      9.384    29.2096   5.758577     0.0386   142.5000     0.0654 1.3820e+02     2.5128    184.160    35.0470    22.0299    179.898      9.332    29.2073          4 0.0000e+00
    300.375     10.197    29.2031   5.758216     0.0330   135.0000     0.0643 1.2547e+02     2.5144    184.169    35.0490    22.0337    180.134     10.140    29.2006          4 0.0000e+00
    301.375     10.924    29.1976   5.757647     0.0459   150.0000     0.0653 1.2596e+02     2.5146    184.500    35.0490    22.0355    180.081     10.863    29.1950          4 0.0000e+00
    302.375     11.361    29.1946   5.757406     0.0330    77.5000     0.0634 1.3118e+02     2.5140    184.371    35.0494    22.0369    180.040     11.297    29.1919          4 0.0000e+00
    303.375     11.887    29.1902   5.756931     0.0386    90.0000     0.0630 1.2477e+02     2.5141    183.885    35.0492    22.0383    180.112     11.820    29.1873          4 0.0000e+00
    304.375     12.730    29.1818   5.755803     0.0386   152.5000     0.0614 1.1045e+02     2.5142    183.768    35.0474    22.0398    180.198     12.659    29.1787          4 0.0000e+00
    305.375     13.611    29.1744   5.755074     0.0312   157.5000     0.0646 1.1425e+02     2.5151    184.213    35.0475    22.0424    180.320     13.536    29.1711          4 0.0000e+00
    306.375     14.143    29.1733   5.755094     0.0478   140.0000     0.0612 1.0956e+02     2.5152    184.309    35.0483    22.0435    180.386     14.064    29.1698          4 0.0000e+00
    307.375     14.612    29.1715   5.754938     0.0367   137.5000     0.0610 1.0385e+02     2.5174    184.151    35.0484    22.0442    180.603     14.530    29.1680          4 0.0000e+00
    308.375     15.508    29.1661   5.754348     0.0441   165.0000     0.0601 1.0023e+02     2.5171    184.208    35.0480    22.0458    180.411     15.422    29.1624          4 0.0000e+00
    309.375     16.528    29.1606   5.753825     0.0312   117.5000     0.0643 9.4515e+01     2.5147    184.278    35.0482    22.0479    180.220     16.436    29.1566          4 0.0000e+00
    310.375     17.240    29.1581   5.753670     0.0441   185.0000     0.0608 1.0005e+02     2.5143    184.421    35.0487    22.0491    180.318     17.144    29.1540          4 0.0000e+00
    311.375     17.621    29.1567   5.753567     0.0404   102.5000     0.0620 9.2716e+01     2.5137    184.442    35.0489    22.0498    180.316     17.523    29.1525          4 0.0000e+00
    312.375     18.334    29.1537   5.753355     0.0404    90.0000     0.0584 8.6449e+01     2.5152    184.714    35.0495    22.0513    180.496     18.232    29.1493          4 0.0000e+00
    313.375     19.255    29.1493   5.752967     0.0422    82.5000     0.0602 8.6777e+01     2.5146    184.726    35.0498    22.0531    180.363     19.147    29.1446          4 0.0000e+00
    314.375     19.818    29.1474   5.752813     0.0367   150.0000     0.0617 9.0245e+01     2.5137    184.307    35.0500    22.0539    180.394     19.708    29.1426          4 0.0000e+00
    315.375     20.394    29.1448   5.752573     0.0459   220.0000     0.0645 8.1674e+01     2.5153    184.296    35.0501    22.0549    180.665     20.279    29.1398          4 0.0000e+00
    316.375     21.285    29.1428   5.752454     0.0423   152.5000     0.0632 7.9775e+01     2.5172    184.375    35.0504    22.0558    180.979     21.166    29.1377          4 0.0000e+00
    317.375     22.100    29.1400   5.752125     0.0422   165.0000     0.0642 7.5745e+01     2.5218    184.577    35.0500    22.0565    181.649     21.977    29.1347          4 0.0000e+00
    318.375     22.672    29.1364   5.751764     0.0532    90.0000     0.0621 7.5405e+01     2.5293    184.562    35.0500    22.0578    182.241     22.546    29.1308          4 0.0000e+00
    319.375     23.291    29.1049   5.748039     0.0477   102.5000     0.0676 7.1082e+01     2.5305    184.440    35.0473    22.0664    182.222     23.160    29.0992          4 0.0000e+00
    320.375     23.947    29.0102   5.737239     0.0533   152.5000     0.0631 6.8091e+01     2.5337    184.929    35.0422    22.0943    183.248     23.813    29.0045          4 0.0000e+00
    321.375     24.495    28.9289   5.729470     0.0606    95.0000     0.0656 6.7995e+01     2.5438    185.537    35.0483    22.1260    184.492     24.358    28.9230          4 0.0000e+00
    322.375     25.037    28.8839   5.725391     0.0551   145.0000     0.0678 6.1952e+01     2.5483    186.276    35.0530    22.1447    184.441     24.897    28.8779          4 0.0000e+00
    323.375     25.656    28.7791   5.716094     0.0514   205.0000     0.0674 5.9093e+01     2.5440    187.416    35.0658    22.1891    183.779     25.512    28.7729          4 0.0000e+00
    324.375     26.255    28.4814   5.692003     0.0716   185.0000     0.0676 5.6925e+01     2.5332    188.089    35.1184    22.3274    183.192     26.107    28.4751          4 0.0000e+00
    325.375     26.935    28.1225   5.664210     0.0734   197.5000     0.0688 5.0880e+01     2.5184    189.330    35.1911    22.5003    183.091     26.784    28.1162          4 0.0000e+00
    326.375     27.863    27.9991   5.659059     0.0863   150.0000     0.0727 4.6308e+01     2.5110    191.369    35.2469    22.5828    183.225     27.707    27.9925          4 0.0000e+00
    327.375     28.824    27.9160   5.656871     0.0790   320.0000     0.0774 4.7106e+01     2.5080    192.138    35.2935    22.6450    183.226     28.662    27.9093          4 0.0000e+00
    328.375     29.746    27.8321   5.657332     0.1065   205.0000     0.0748 4.6407e+01     2.5008    191.274    35.3595    22.7221    182.602     29.579    27.8252          4 0.0000e+00
    329.375     30.365    27.6353   5.640553     0.1359   150.0000     0.0771 4.7233e+01     2.4965    190.086    35.3893    22.8086    183.171     30.194    27.6282          4 0.0000e+00
    330.375     30.871    27.3611   5.615126     0.1322   182.5000     0.0766 4.4752e+01     2.4949    188.972    35.4164    22.9178    183.803     30.697    27.3540          4 0.0000e+00
    331.375     31.430    27.1839   5.599399     0.1451   235.0000     0.0762 4.1641e+01     2.4916    189.237    35.4390    22.9918    184.136     31.254    27.1766          4 0.0000e+00
    332.375     32.079    26.9573   5.577707     0.1469   240.0000     0.0765 3.7903e+01     2.4914    190.006    35.4565    23.0776    185.330     31.899    26.9499          4 0.0000e+00
    333.375     32.654    26.6443   5.546504     0.1744   252.5000     0.0805 3.8590e+01     2.4992    190.434    35.4719    23.1889    187.366     32.471    26.6368          4 0.0000e+00
    334.375     32.910    26.4649   5.530284     0.1781   235.0000     0.0880 3.9772e+01     2.5036    190.586    35.4926    23.2613    188.149     32.726    26.4575          4 0.0000e+00
    335.375     33.615    26.1362   5.502868     0.2791   212.5000     0.0950 3.2447e+01     2.5108    191.566    35.5474    23.4061    190.235     33.427    26.1286          4 0.0000e+00
    336.375     34.528    25.6856   5.457494     0.1836   235.0000     0.1049 3.1865e+01     2.5190    192.739    35.5658    23.5605    192.326     34.334    25.6780          4 0.0000e+00
    337.375     34.930    25.4869   5.442327     0.2222   267.5000     0.1016 3.4276e+01     2.5239    193.755    35.6095    23.6550    192.862     34.734    25.4791          4 0.0000e+00
    338.375     35.486    25.2581   5.421772     0.1891   232.5000     0.1010 2.9631e+01     2.5196    195.666    35.6370    23.7461    192.370     35.287    25.2503          4 0.0000e+00
    339.375     36.593    24.8525   5.376349     0.1910   260.0000     0.1007 1.8194e+01     2.5095    197.838    35.6189    23.8563    192.462     36.387    24.8446          4 0.0000e+00
    340.375     37.453    24.6546   5.359892     0.2093   245.0000     0.1118 2.7086e+01     2.4987    199.283    35.6524    23.9417    192.315     37.243    24.6465          4 0.0000e+00
    341.375     37.768    24.5474   5.350006     0.2387   247.5000     0.0941 2.7058e+01     2.4927    201.003    35.6633    23.9822    191.868     37.555    24.5393          4 0.0000e+00
    342.375     38.246    24.3601   5.331474     0.2148   267.5000     0.1066 2.4139e+01     2.4767    201.727    35.6729    24.0458    189.345     38.031    24.3519          4 0.0000e+00
    343.375     39.166    24.0475   5.299762     0.2167   260.0000     0.0959 1.8667e+01     2.4423    201.725    35.6828    24.1467    185.358     38.945    24.0392          4 0.0000e+00
    344.375     39.936    23.7918   5.275609     0.2387   260.0000     0.0977 2.2282e+01     2.3980    200.840    35.7043    24.2389    181.620     39.710    23.7834          4 0.0000e+00
    345.375     40.148    23.6608   5.264274     0.2846   302.5000     0.1006 2.2421e+01     2.3613    199.974    35.7232    24.2918    180.174     39.922    23.6524          4 0.0000e+00
    346.375     40.526    23.4548   5.245773     0.2754   315.0000     0.0926 2.0135e+01     2.3488    200.110    35.7479    24.3709    181.353     40.297    23.4464          4 0.0000e+00
    347.375     41.300    23.0274   5.200606     0.2571   337.5000     0.0923 1.7387e+01     2.3421    199.658    35.7467    24.4946    182.190     41.067    23.0190          4 0.0000e+00
    348.375     42.067    22.7919   5.179710     0.2883   330.0000     0.0928 1.7560e+01     2.3341    195.425    35.7767    24.5853    181.904     41.829    22.7833          4 0.0000e+00
    349.375     42.721    22.6686   5.169821     0.3250   380.0000     0.0904 1.6747e+01     2.3221    189.561    35.8004    24.6388    179.650     42.480    22.6600          4 0.0000e+00
    350.375     43.221    22.5727   5.163260     0.3783   400.0000     0.0880 1.6276e+01     2.2900    185.917    35.8278    24.6870    173.707     42.977    22.5640          4 0.0000e+00
    351.375     43.877    22.3741   5.141452     0.4205   462.5000     0.0904 1.4350e+01     2.2288    187.157    35.8203    24.7380    164.552     43.630    22.3653          4 0.0000e+00
    352.375     44.411    22.2799   5.133942     0.4370   470.0000     0.0903 1.4444e+01     2.1401    188.924    35.8389    24.7788    154.600     44.160    22.2711          4 0.0000e+00
    353.375     44.822    22.1945   5.125479     0.5105   632.5000     0.0916 1.3747e+01     2.0615    188.495    35.8428    24.8060    149.244     44.568    22.1856          4 0.0000e+00
    354.375     45.292    22.0707   5.110971     0.5802   680.0000     0.0903 1.2975e+01     2.0095    187.404    35.8307    24.8318    146.717     45.036    22.0617          4 0.0000e+00
    355.375     45.948    21.8463   5.082805     0.6537   710.0000     0.0923 1.1496e+01     1.9702    183.146    35.7937    24.8667    143.978     45.689    21.8372          4 0.0000e+00
    356.375     46.683    21.6150   5.055016     0.6812   895.0000     0.0990 1.1088e+01     1.9308    174.351    35.7649    24.9094    140.746     46.419    21.6059          4 0.0000e+00
    357.375     47.252    21.4867   5.042560     0.6684   837.5000     0.1033 1.0836e+01     1.8969    161.609    35.7724    24.9507    138.799     46.984    21.4775          4 0.0000e+00
    358.375     47.833    21.3967   5.033831     0.6721   872.5000     0.1057 9.9376e+00     1.8752    152.280    35.7775    24.9795    137.938     47.562    21.3873          4 0.0000e+00
    359.375     48.607    21.2592   5.018097     0.7143   940.0000     0.1075 8.7112e+00     1.8599    149.708    35.7661    25.0088    137.358     48.332    21.2498          4 0.0000e+00
    360.375     49.428    21.1163   5.002342     0.7290   940.0000     0.1111 8.3127e+00     1.8486    148.602    35.7589    25.0426    137.136     49.148    21.1068          4 0.0000e+00
    361.375     50.198    21.0478   4.996079     0.6611   815.0000     0.1100 7.7867e+00     1.8421    145.394    35.7657    25.0665    137.071     49.913    21.0381          4 0.0000e+00
    362.375     50.699    21.0109   4.992523     0.6298   717.5000     0.1113 8.0487e+00     1.8373    142.158    35.7678    25.0783    136.850     50.412    21.0012          4 0.0000e+00
    363.375     50.954    20.9898   4.990358     0.6519   802.5000     0.1117 8.0352e+00     1.8342    141.221    35.7679    25.0842    137.339     50.666    20.9800          4 0.0000e+00
    364.375     51.357    20.9744   4.988878     0.6409   772.5000     0.1104 7.1435e+00     1.8418    140.854    35.7688    25.0891    139.962     51.066    20.9645          4 0.0000e+00
    365.375     51.843    20.9524   4.986432     0.6372   857.5000     0.1084 6.7801e+00     1.8637    140.398    35.7674    25.0940    143.426     51.549    20.9425          4 0.0000e+00
    366.375     52.285    20.9420   4.985463     0.6555   802.5000     0.1073 6.5536e+00     1.8876    140.354    35.7681    25.0973    145.332     51.989    20.9321          4 0.0000e+00
    367.375     52.934    20.9419   4.985856     0.6996   872.5000     0.1060 5.4511e+00     1.9000    140.314    35.7711    25.0998    144.033     52.634    20.9318          4 0.0000e+00
    368.375     53.699    20.9746   4.994580     0.5435   565.0000     0.1042 5.2063e+00     1.8848    140.100    35.8137    25.1233    138.861     53.394    20.9643          4 0.0000e+00
