cruises/P45_06/L2/CTD/CTD_1s/P45_06_CTD_08_1s.cnv
* Sea-Bird SBE19plus  Data File:
* FileName = C:\Users\OA_2023-03\Desktop\Bathymetry\ctd_casts\J2_17_04_2026001.hex
* Software version 2.3.0 SB_Terminal.dll
* Temperature SN = 8460
* Conductivity SN = 8460
* System UpLoad Time = Apr 17 2026 17:13:47
* <ApplicationData>
* <SeatermAF>
# nquan = 17
# nvalues = 203                         
# units = specified
# name 0 = timeS: Time, Elapsed [seconds]
# name 1 = prdM: Pressure, Strain Gauge [db]
# name 2 = tv290C: Temperature [ITS-90, deg C]
# name 3 = c0S/m: Conductivity [S/m]
# name 4 = flECO-AFL: Fluorescence, WET Labs ECO-AFL/FL [mg/m^3]
# name 5 = flECO-AFL1: Fluorescence, WET Labs ECO-AFL/FL, 2 [mg/m^3]
# name 6 = CStarAt0: Beam Attenuation, WET Labs C-Star [1/m]
# name 7 = par/sat/log: PAR/Logarithmic, Satlantic [umol photons/m^2/sec]
# name 8 = sbeox0V: Oxygen raw, SBE 43 [V]
# name 9 = sbeox0Mm/L: Oxygen, SBE 43 [umol/l]
# name 10 = sal00: Salinity, Practical [PSU]
# name 11 = sigma-é00: Density [sigma-theta, kg/m^3]
# name 12 = sbox0Mm/Kg: Oxygen, SBE 43 [umol/kg], WS = 2
# name 13 = depSM: Depth [salt water, m], lat = 5.51
# name 14 = potemp090C: Potential Temperature [ITS-90, deg C]
# name 15 = nbin: number of scans per bin
# name 16 = flag: flag
# span 0 =    191.500,    618.250       
# span 1 =      0.125,     58.851       
# span 2 =    19.6284,    29.8425       
# span 3 =   4.851490,   5.874936       
# span 4 =    -0.0098,     1.5168       
# span 5 =  -210.0000,  1945.0000       
# span 6 =     0.0750,     7.7829       
# span 7 = 3.5339e+00, 1.2581e+03       
# span 8 =     1.6526,     2.6904       
# span 9 =    124.039,    213.292       
# span 10 =    35.2697,    35.8541      
# span 11 =    22.0495,    25.4609      
# span 12 =    120.935,    210.612      
# span 13 =      0.124,     58.516      
# span 14 =    19.6176,    29.8425      
# span 15 =          2,          4      
# span 16 = 0.0000e+00, 0.0000e+00      
# interval = seconds: 1                 
# start_time = Apr 17 2026 14:51:22 [Instrument's time stamp, header]
# bad_flag = -9.990e-29
*END*
    191.500      3.483    29.7233   5.862029     0.0147    80.0000     0.0861 5.0655e+02     2.1901    155.089    35.3793    22.1052    147.795      3.463    29.7224          3 0.0000e+00
    192.250      4.218    29.7391   5.864655     0.0220    40.0000     0.0901 3.1126e+02     2.1988    153.956    35.3853    22.1044    150.530      4.195    29.7381          3 0.0000e+00
    370.375      5.115    29.7191   5.863597     0.0092    67.5000     0.0905 4.4799e+02     2.6249    192.055    35.3926    22.1167    187.902      5.087    29.7178          4 0.0000e+00
    371.375      5.767    29.6912   5.860713     0.0275   105.0000     0.0924 2.1146e+02     2.6223    192.428    35.3933    22.1268    187.587      5.735    29.6898          4 0.0000e+00
    372.375      5.981    29.6879   5.860533     0.0257    45.0000     0.0895 2.0669e+02     2.6219    191.601    35.3944    22.1288    187.803      5.948    29.6864          4 0.0000e+00
    373.375      6.391    29.6498   5.856429     0.0202   147.5000     0.0986 2.9922e+02     2.6274    191.237    35.3943    22.1417    188.723      6.355    29.6482          4 0.0000e+00
    374.375      7.092    29.5474   5.844332     0.0294    52.5000     0.0933 3.2557e+02     2.6293    192.028    35.3868    22.1708    188.615      7.053    29.5457          4 0.0000e+00
    375.375      7.751    29.4767   5.836866     0.0312    52.5000     0.0869 2.0196e+02     2.6235    193.111    35.3877    22.1955    188.296      7.707    29.4748          4 0.0000e+00
    376.375      8.172    29.4470   5.834035     0.0257    72.5000     0.0863 1.9913e+02     2.6219    192.779    35.3901    22.2073    188.509      8.126    29.4449          4 0.0000e+00
    377.375      8.443    29.4233   5.831346     0.0220   177.5000     0.0877 2.0742e+02     2.6250    192.640    35.3890    22.2146    189.239      8.396    29.4212          4 0.0000e+00
    378.375      8.972    29.3953   5.828240     0.0275   -57.5000     0.0868 2.4408e+02     2.6292    193.486    35.3882    22.2235    189.331      8.922    29.3931          4 0.0000e+00
    379.375      9.938    29.3733   5.825799     0.0294    95.0000     0.0877 2.4307e+02     2.6248    194.082    35.3875    22.2304    188.779      9.882    29.3709          4 0.0000e+00
    380.125     10.373    29.3693   5.825572     0.0183   115.0000     0.0858 1.8509e+02     2.6224    193.122    35.3888    22.2328    188.815     10.315    29.3668          2 0.0000e+00
    381.375     10.532    29.3684   5.825551     0.0936   122.5000     0.0871 1.6583e+02     2.6257    192.746    35.3893    22.2335    189.309     10.473    29.3658          4 0.0000e+00
    382.375     11.286    29.3609   5.824528     0.0367    87.5000     0.0835 2.2453e+02     2.6261    193.336    35.3875    22.2347    189.072     11.223    29.3582          4 0.0000e+00
    383.375     12.089    29.3569   5.824218     0.0275    80.0000     0.0906 2.1257e+02     2.6220    194.136    35.3881    22.2366    188.840     12.021    29.3540          4 0.0000e+00
    385.375     12.573    29.3547   5.824116     0.0312     5.0000     0.0833 2.2468e+02     2.6301    192.955    35.3889    22.2379    189.759     12.503    29.3517          4 0.0000e+00
    386.375     13.357    29.3486   5.823746     0.0312   155.0000     0.0816 2.1573e+02     2.6279    193.548    35.3906    22.2414    189.171     13.283    29.3454          4 0.0000e+00
    387.375     13.989    29.3438   5.823219     0.0294    87.5000     0.0834 1.8082e+02     2.6240    193.710    35.3903    22.2428    189.377     13.911    29.3404          4 0.0000e+00
    388.375     14.364    29.3392   5.822677     0.0423   130.0000     0.0815 1.9478e+02     2.6319    193.035    35.3899    22.2441    190.250     14.283    29.3357          4 0.0000e+00
    389.375     14.798    29.3327   5.822020     0.0257   165.0000     0.0811 2.0876e+02     2.6328    193.517    35.3901    22.2465    190.026     14.715    29.3291          4 0.0000e+00
    390.375     15.662    29.3067   5.818815     0.0367    32.5000     0.0786 1.6415e+02     2.6327    194.441    35.3870    22.2530    190.303     15.574    29.3029          4 0.0000e+00
    392.625     16.155    29.2745   5.815836     0.0330   145.0000     0.0794 1.8685e+02     2.6433    193.476    35.3902    22.2662    191.378     16.064    29.2706          2 0.0000e+00
    393.375     16.926    29.1725   5.802295     0.0312    47.5000     0.0798 1.6059e+02     2.6462    194.798    35.3723    22.2872    192.170     16.831    29.1684          4 0.0000e+00
    394.375     17.648    29.0388   5.785112     0.0275   115.0000     0.0779 1.6693e+02     2.6516    195.563    35.3528    22.3175    193.123     17.549    29.0345          4 0.0000e+00
    395.375     17.870    28.9692   5.777270     0.0294   100.0000     0.0799 1.7111e+02     2.6553    195.530    35.3502    22.3388    193.958     17.770    28.9649          4 0.0000e+00
    396.375     18.362    28.8738   5.766201     0.0349   120.0000     0.0769 1.6807e+02     2.6669    196.534    35.3443    22.3663    195.414     18.260    28.8694          4 0.0000e+00
    397.375     19.014    28.7012   5.743307     0.0441   120.0000     0.0924 1.4962e+02     2.6717    197.803    35.3137    22.4009    196.195     18.907    28.6966          4 0.0000e+00
    398.375     19.541    28.5267   5.722471     0.0441   125.0000     0.0784 1.4873e+02     2.6770    198.489    35.2986    22.4474    197.407     19.432    28.5221          4 0.0000e+00
    399.375     20.000    28.2786   5.693876     0.0441    75.0000     0.0802 1.4422e+02     2.6833    199.858    35.2841    22.5184    198.585     19.888    28.2738          4 0.0000e+00
    400.375     20.468    28.0342   5.666352     0.0478   130.0000     0.0838 1.3954e+02     2.6821    201.171    35.2741    22.5911    198.803     20.354    28.0293          4 0.0000e+00
    401.375     21.111    27.8976   5.653063     0.0551   162.5000     0.0947 1.3772e+02     2.6765    203.164    35.2828    22.6424    198.830     20.993    27.8927          4 0.0000e+00
    402.375     21.474    27.8248   5.646142     0.0422    87.5000     0.0867 1.4390e+02     2.6764    204.036    35.2887    22.6706    199.161     21.354    27.8198          4 0.0000e+00
    403.375     21.728    27.7813   5.643068     0.0569   170.0000     0.0821 1.4064e+02     2.6725    204.387    35.2996    22.6930    198.866     21.607    27.7762          4 0.0000e+00
    404.375     22.581    27.6064   5.626030     0.0459   177.5000     0.0836 1.1881e+02     2.6715    205.505    35.3107    22.7583    199.612     22.455    27.6011          4 0.0000e+00
    405.375     23.289    27.4078   5.609745     0.0533   142.5000     0.0857 1.2677e+02     2.6725    205.851    35.3452    22.8485    200.104     23.158    27.4023          4 0.0000e+00
    406.375     23.467    27.3323   5.604761     0.0478   142.5000     0.0887 1.2159e+02     2.6649    205.166    35.3669    22.8892    199.557     23.336    27.3269          4 0.0000e+00
    407.375     23.876    27.2585   5.599705     0.0606   232.5000     0.0849 1.1802e+02     2.6680    205.429    35.3868    22.9279    201.507     23.742    27.2530          4 0.0000e+00
    408.375     24.377    27.1324   5.589351     0.0680   220.0000     0.0857 1.0724e+02     2.6875    205.554    35.4087    22.9850    203.704     24.240    27.1268          4 0.0000e+00
    409.375     24.908    27.0200   5.580945     0.0698   227.5000     0.0852 1.0146e+02     2.6895    205.772    35.4340    23.0402    202.726     24.768    27.0143          4 0.0000e+00
    410.375     25.762    26.7423   5.555981     0.1047   200.0000     0.0887 8.4467e+01     2.6785    206.828    35.4671    23.1537    202.254     25.618    26.7364          4 0.0000e+00
    411.125     26.204    26.5609   5.539981     0.1139   155.0000     0.0912 1.0354e+02     2.6723    207.056    35.4909    23.2293    202.360     26.057    26.5549          2 0.0000e+00
    412.625     26.345    26.4583   5.533119     0.0992   215.0000     0.0920 9.7308e+01     2.6634    208.036    35.5203    23.2839    202.126     26.197    26.4524          2 0.0000e+00
    413.375     26.906    26.1981   5.508171     0.1377   222.5000     0.0930 8.1824e+01     2.6559    211.308    35.5401    23.3807    201.224     26.755    26.1921          4 0.0000e+00
    414.375     27.696    25.6727   5.453479     0.1506   232.5000     0.1024 8.1503e+01     2.6264    213.292    35.5486    23.5510    198.582     27.541    25.6666          4 0.0000e+00
    415.375     28.132    25.3766   5.426740     0.1781   232.5000     0.1043 8.7090e+01     2.5929    211.951    35.5831    23.6685    197.845     27.974    25.3704          4 0.0000e+00
    416.375     28.282    25.2652   5.417065     0.1910   287.5000     0.1036 8.4920e+01     2.5883    211.296    35.5989    23.7148    198.304     28.123    25.2590          4 0.0000e+00
    417.375     28.573    25.1797   5.411567     0.1983   170.0000     0.1143 7.4422e+01     2.5594    211.022    35.6253    23.7609    192.121     28.413    25.1735          4 0.0000e+00
    418.375     29.442    24.6876   5.356683     0.2057   295.0000     0.1208 5.9070e+01     2.4963    211.821    35.6048    23.8951    188.066     29.277    24.6812          4 0.0000e+00
    421.375     30.475    23.9772   5.289078     0.3195   385.0000     0.1209 5.8836e+01     2.4401    206.323    35.6607    24.1502    187.799     30.304    23.9708          4 0.0000e+00
    422.375     31.194    23.6463   5.256562     0.3636   435.0000     0.1310 6.3271e+01     2.4260    205.629    35.6790    24.2621    187.653     31.019    23.6398          4 0.0000e+00
    423.375     31.394    23.5700   5.251250     0.3140   387.5000     0.1442 6.4139e+01     2.4109    195.530    35.6998    24.3002    186.126     31.217    23.5635          4 0.0000e+00
    424.375     31.790    23.4993   5.243189     0.3526   437.5000     0.1372 5.6160e+01     2.3926    193.685    35.6951    24.3174    184.205     31.612    23.4927          4 0.0000e+00
    425.375     32.294    23.4046   5.233842     0.3140   347.5000     0.1492 5.4735e+01     2.3716    195.914    35.6998    24.3487    181.845     32.113    23.3979          4 0.0000e+00
    426.375     32.670    23.3609   5.230590     0.3103   337.5000     0.1520 4.9837e+01     2.3421    194.390    35.7100    24.3693    178.042     32.486    23.3542          4 0.0000e+00
    427.375     33.192    23.2938   5.223894     0.3360   345.0000     0.1536 4.6889e+01     2.3059    193.109    35.7127    24.3909    175.016     33.005    23.2870          4 0.0000e+00
    428.375     33.529    23.2004   5.213944     0.3599   350.0000     0.1510 5.1880e+01     2.2832    192.093    35.7117    24.4174    174.731     33.341    23.1935          4 0.0000e+00
    429.375     33.856    23.0970   5.203777     0.3856   360.0000     0.1463 4.9065e+01     2.2736    190.253    35.7171    24.4515    174.705     33.666    23.0901          4 0.0000e+00
    430.375     34.582    22.7951   5.171067     0.4866   477.5000     0.1700 3.7889e+01     2.2633    188.474    35.7094    24.5328    174.591     34.387    22.7881          4 0.0000e+00
    431.375     35.344    22.5477   5.146983     0.6299   732.5000     0.1635 4.0773e+01     2.2541    185.805    35.7239    24.6148    174.592     35.145    22.5406          4 0.0000e+00
    433.625     35.715    22.3856   5.132701     0.8924  1265.0000     0.1533 3.8683e+01     2.2100    179.882    35.7451    24.6772    168.249     35.514    22.3784          2 0.0000e+00
    434.375     36.239    22.2926   5.122331     1.1366  1475.0000     0.1646 3.3672e+01     2.1903    180.787    35.7401    24.6997    166.676     36.034    22.2854          4 0.0000e+00
    435.375     36.640    22.2082   5.114995     1.1458  1480.0000     0.1948 3.7309e+01     2.1616    180.709    35.7518    24.7326    162.171     36.434    22.2009          4 0.0000e+00
    436.375     37.108    22.0921   5.104496     1.3588  1805.0000     0.1898 3.3013e+01     2.1054    179.982    35.7647    24.7752    154.848     36.899    22.0848          4 0.0000e+00
    437.375     37.863    21.8542   5.078694     1.2909  1832.5000     0.2172 2.7182e+01     2.0509    179.912    35.7574    24.8365    152.128     37.649    21.8467          4 0.0000e+00
    438.375     38.374    21.7597   5.071679     1.2487  1557.5000     0.2467 2.8797e+01     2.0284    176.258    35.7801    24.8802    154.439     38.158    21.7521          4 0.0000e+00
    439.375     39.071    21.6045   5.055776     1.1495  1495.0000     0.2408 2.3884e+01     2.0410    172.523    35.7824    24.9251    158.551     38.851    21.5969          4 0.0000e+00
    440.375     39.589    21.3981   5.030233     1.1568  1380.0000     0.2470 2.5004e+01     2.0556    170.324    35.7504    24.9581    160.327     39.365    21.3904          4 0.0000e+00
    441.375     39.764    21.3420   5.025741     1.1275  1472.5000     0.2328 2.5239e+01     2.0641    162.688    35.7612    24.9818    160.412     39.540    21.3343          4 0.0000e+00
    442.375     40.353    21.2862   5.026126     0.9695  1217.5000     0.2253 2.0103e+01     2.0647    154.938    35.8108    25.0350    159.946     40.126    21.2784          4 0.0000e+00
    443.375     41.041    21.1655   5.017691     0.9053  1195.0000     0.2105 1.9926e+01     2.0619    155.207    35.8439    25.0934    158.497     40.809    21.1576          4 0.0000e+00
    444.375     41.383    21.1052   5.012253     0.9236  1105.0000     0.1951 2.0289e+01     2.0385    161.479    35.8507    25.1152    153.286     41.149    21.0971          4 0.0000e+00
    445.375     41.781    21.0844   5.010532     0.8814  1195.0000     0.1964 1.8433e+01     1.9938    165.636    35.8541    25.1235    147.386     41.545    21.0764          4 0.0000e+00
    446.375     42.452    21.0388   5.005640     0.8300  1017.5000     0.1637 1.5500e+01     1.9503    166.254    35.8529    25.1350    143.754     42.213    21.0307          4 0.0000e+00
    447.375     43.043    20.9395   4.993710     0.8355   970.0000     0.1504 1.5956e+01     1.9153    165.577    35.8400    25.1523    140.822     42.800    20.9313          4 0.0000e+00
    448.375     43.629    20.7862   4.975619     0.7345   885.0000     0.1512 1.5299e+01     1.8792    165.045    35.8227    25.1809    138.100     43.382    20.7779          4 0.0000e+00
    449.375     44.210    20.6481   4.959948     0.6813   685.0000     0.1452 1.5516e+01     1.8556    161.457    35.8120    25.2102    137.707     43.960    20.6397          4 0.0000e+00
    450.375     44.662    20.5797   4.952965     0.6610   862.5000     0.1560 1.5381e+01     1.8431    153.789    35.8129    25.2293    137.559     44.410    20.5712          4 0.0000e+00
    451.375     45.508    20.4758   4.941339     0.5876   697.5000     0.1556 1.0526e+01     1.8344    147.943    35.8059    25.2519    137.134     45.251    20.4672          4 0.0000e+00
    452.250     46.271    20.4108   4.934289     0.5680   660.0000     0.1102 1.2256e+01     1.8268    145.572    35.8032    25.2673    136.316     46.009    20.4021          3 0.0000e+00
    454.375     46.715    20.3930   4.932880     0.5876   677.5000     0.1102 1.1229e+01     1.8006    140.052    35.8066    25.2748    132.954     46.450    20.3842          4 0.0000e+00
    455.375     47.299    20.3637   4.929369     0.5766   612.5000     0.1063 1.0807e+01     1.7824    140.583    35.8026    25.2796    129.812     47.031    20.3548          4 0.0000e+00
    456.375     47.789    20.3293   4.925699     0.5601   615.0000     0.1057 1.0921e+01     1.7525    140.762    35.8016    25.2881    126.227     47.519    20.3204          4 0.0000e+00
    457.375     48.323    20.2669   4.918904     0.5325   537.5000     0.1056 9.9249e+00     1.7278    140.161    35.7989    25.3027    125.039     48.049    20.2578          4 0.0000e+00
    458.375     49.002    20.1831   4.910180     0.4976   690.0000     0.1037 8.8525e+00     1.7143    138.801    35.7983    25.3247    124.776     48.724    20.1739          4 0.0000e+00
