cruises/P45_06/L2/CTD/CTD_1s/P45_06_CTD_02_1s.cnv
* Sea-Bird SBE19plus  Data File:
* FileName = C:\Users\OA_2023-03\Desktop\Bathymetry\ctd_casts\J3_15_04_25002.hex
* Software version 2.3.0 SB_Terminal.dll
* Temperature SN = 8460
* Conductivity SN = 8460
* System UpLoad Time = Apr 15 2026 17:07:40
* <ApplicationData>
* <SeatermAF>
# nquan = 17
# nvalues = 634                         
# units = specified
# name 0 = timeS: Time, Elapsed [seconds]
# name 1 = prdM: Pressure, Strain Gauge [db]
# name 2 = tv290C: Temperature [ITS-90, deg C]
# name 3 = c0S/m: Conductivity [S/m]
# name 4 = flECO-AFL: Fluorescence, WET Labs ECO-AFL/FL [mg/m^3]
# name 5 = flECO-AFL1: Fluorescence, WET Labs ECO-AFL/FL, 2 [mg/m^3]
# name 6 = CStarAt0: Beam Attenuation, WET Labs C-Star [1/m]
# name 7 = par/sat/log: PAR/Logarithmic, Satlantic [umol photons/m^2/sec]
# name 8 = sbeox0V: Oxygen raw, SBE 43 [V]
# name 9 = sbeox0Mm/L: Oxygen, SBE 43 [umol/l]
# name 10 = sal00: Salinity, Practical [PSU]
# name 11 = sigma-é00: Density [sigma-theta, kg/m^3]
# name 12 = sbox0Mm/Kg: Oxygen, SBE 43 [umol/kg], WS = 2
# name 13 = depSM: Depth [salt water, m], lat = 5.51
# name 14 = potemp090C: Potential Temperature [ITS-90, deg C]
# name 15 = nbin: number of scans per bin
# name 16 = flag: flag
# span 0 =     96.625,   1086.375       
# span 1 =     -0.071,    166.127       
# span 2 =    16.1433,    29.7759       
# span 3 =   0.033122,   5.820802       
# span 4 =   -12.8978,     0.7731       
# span 5 =-19556.6667,  1062.5000       
# span 6 =     0.0030,    15.8860       
# span 7 = 1.1792e-01, 6.9981e+02       
# span 8 =     1.2872,     2.5598       
# span 9 =     91.252,    201.727       
# span 10 =     0.1468,    35.9151      
# span 11 =    -4.1346,    26.2302      
# span 12 =     89.023,    197.283      
# span 13 =     -0.071,    165.140      
# span 14 =    16.1167,    29.7756      
# span 15 =          2,          4      
# span 16 = 0.0000e+00, 0.0000e+00      
# interval = seconds: 1                 
# start_time = Apr 15 2026 15:54:22 [Instrument's time stamp, header]
# bad_flag = -9.990e-29
*END*
[from data line 86]
    371.375     54.539    20.9707   5.002375     0.4774   537.5000     0.0817 4.8720e+00     1.7930    149.390    35.8795    25.1746    130.621     54.230    20.9602          4 0.0000e+00
    372.375     55.494    20.7613   4.980145     0.4333   420.0000     0.0739 3.5959e+00     1.7799    150.543    35.8761    25.2289    130.101     55.179    20.7507          4 0.0000e+00
    373.375     56.419    20.5949   4.964658     0.4058   447.5000     0.0654 4.2666e+00     1.7643    146.783    35.8909    25.2853    128.697     56.099    20.5842          4 0.0000e+00
    375.500     56.868    20.5224   4.958982     0.4285   410.0000     0.0611 4.3545e+00     1.7403    134.193    35.9059    25.3163    127.111     56.545    20.5117          3 0.0000e+00
    376.375     57.710    20.4565   4.951817     0.3948   392.5000     0.0558 2.9103e+00     1.7306    133.624    35.9032    25.3320    125.610     57.382    20.4456          4 0.0000e+00
    377.375     58.530    20.3990   4.946290     0.4150   385.0000     0.0512 3.8780e+00     1.7131    133.869    35.9067    25.3501    123.524     58.198    20.3880          4 0.0000e+00
    378.375     58.825    20.3764   4.944320     0.4040   372.5000     0.0505 3.9145e+00     1.6978    132.639    35.9097    25.3585    122.547     58.491    20.3653          4 0.0000e+00
    379.375     59.151    20.3629   4.943590     0.3801   392.5000     0.0520 3.5871e+00     1.6876    130.961    35.9151    25.3662    122.073     58.814    20.3518          4 0.0000e+00
    380.375     59.887    20.2697   4.933481     0.3416   290.0000     0.0503 2.9411e+00     1.6805    130.712    35.9115    25.3884    121.772     59.547    20.2585          4 0.0000e+00
    381.375     60.452    20.1851   4.924513     0.3214   322.5000     0.0459 3.2871e+00     1.6738    130.097    35.9099    25.4098    121.217     60.108    20.1738          4 0.0000e+00
    382.375     60.589    20.1565   4.921800     0.3599   357.5000     0.0475 3.3712e+00     1.6663    127.618    35.9120    25.4190    120.519     60.244    20.1452          4 0.0000e+00
    383.375     60.915    20.1495   4.921292     0.3379   325.0000     0.0454 3.0157e+00     1.6603    125.574    35.9137    25.4222    120.033     60.569    20.1382          4 0.0000e+00
    384.375     61.611    20.1241   4.918364     0.2938   352.5000     0.0444 2.5032e+00     1.6539    125.128    35.9110    25.4270    119.157     61.261    20.1126          4 0.0000e+00
    385.250     62.173    20.0841   4.912906     0.3305   320.0000     0.0435 2.7501e+00     1.6461    125.102    35.9002    25.4294    118.108     61.820    20.0725          3 0.0000e+00
    387.375     62.608    20.0323   4.907008     0.3526   330.0000     0.0432 2.4898e+00     1.6254    123.824    35.8958    25.4398    116.208     62.251    20.0207          4 0.0000e+00
    388.375     63.470    19.9465   4.894119     0.3434   335.0000     0.0445 2.1062e+00     1.6156    123.412    35.8626    25.4372    114.952     63.108    19.9348          4 0.0000e+00
    389.375     64.220    19.8349   4.877880     0.3562   415.0000     0.0526 2.3518e+00     1.6021    123.122    35.8239    25.4371    113.703     63.855    19.8231          4 0.0000e+00
    390.375     64.631    19.7830   4.872809     0.3709   395.0000     0.0538 2.4410e+00     1.5909    122.041    35.8262    25.4526    113.053     64.263    19.7711          4 0.0000e+00
    391.375     65.119    19.7601   4.871633     0.3562   377.5000     0.0562 2.1321e+00     1.5834    120.531    35.8359    25.4660    112.773     64.748    19.7481          4 0.0000e+00
    392.375     65.884    19.6492   4.856682     0.3489   322.5000     0.0683 1.8563e+00     1.5784    119.892    35.8070    25.4730    112.653     65.509    19.6371          4 0.0000e+00
    393.375     66.392    19.5311   4.842143     0.3562   412.5000     0.0683 2.0820e+00     1.5733    119.233    35.7874    25.4889    112.146     66.014    19.5190          4 0.0000e+00
    395.625     66.612    19.4778   4.837938     0.3673   425.0000     0.0889 1.9432e+00     1.5578    115.926    35.7981    25.5110    110.631     66.233    19.4657          2 0.0000e+00
    396.375     67.285    19.4431   4.833919     0.3232   395.0000     0.0868 1.3080e+00     1.5532    115.858    35.7942    25.5171    110.257     66.901    19.4309          4 0.0000e+00
    397.250     68.016    19.3934   4.828706     0.3085   346.6667     0.0872 1.6407e+00     1.5482    115.946    35.7932    25.5293    110.079     67.628    19.3811          3 0.0000e+00
    399.375     68.483    19.3175   4.821407     0.3011   302.5000     0.0894 1.5358e+00     1.5454    114.574    35.7975    25.5522    110.429     68.093    19.3051          4 0.0000e+00
    400.375     69.228    19.2180   4.809867     0.2442   282.5000     0.1016 1.3668e+00     1.5436    114.057    35.7865    25.5696    110.359     68.832    19.2056          4 0.0000e+00
    401.250     69.726    19.1819   4.807271     0.2840   330.0000     0.1048 1.5264e+00     1.5425    113.729    35.7957    25.5860    110.356     69.328    19.1694          3 0.0000e+00
    403.375     70.103    19.1685   4.806280     0.2644   332.5000     0.0933 1.4028e+00     1.5385    113.141    35.7989    25.5919    109.733     69.703    19.1558          4 0.0000e+00
    404.375     70.836    19.1445   4.803697     0.2442   352.5000     0.0862 1.1772e+00     1.5350    113.625    35.7977    25.5972    109.249     70.432    19.1318          4 0.0000e+00
    405.375     71.318    19.1143   4.800415     0.2865   272.5000     0.0745 1.3582e+00     1.5305    113.501    35.7960    25.6037    108.701     70.910    19.1016          4 0.0000e+00
    406.375     71.623    19.0960   4.798956     0.2626   325.0000     0.0771 1.2942e+00     1.5258    113.308    35.7996    25.6111    108.348     71.214    19.0831          4 0.0000e+00
    407.375     72.072    19.0575   4.794761     0.2332   330.0000     0.0746 1.2394e+00     1.5226    113.241    35.7975    25.6195    108.269     71.660    19.0446          4 0.0000e+00
    408.375     72.650    19.0246   4.791749     0.2167   295.0000     0.0702 1.1101e+00     1.5201    112.978    35.8004    25.6302    108.028     72.235    19.0116          4 0.0000e+00
    409.375     73.235    19.0161   4.793026     0.2093   280.0000     0.0693 1.0979e+00     1.5166    112.505    35.8183    25.6461    107.542     72.816    19.0030          4 0.0000e+00
    410.375     73.585    19.0110   4.792645     0.2277   267.5000     0.0697 1.1244e+00     1.5126    111.850    35.8193    25.6481    107.253     73.164    18.9978          4 0.0000e+00
    411.375     74.076    19.0055   4.792113     0.2295   282.5000     0.0689 9.9648e-01     1.5105    111.206    35.8194    25.6496    107.201     73.652    18.9923          4 0.0000e+00
    412.375     74.997    19.0039   4.793504     0.2497   240.0000     0.0647 7.2758e-01     1.5089    110.990    35.8322    25.6599    107.175     74.568    18.9905          4 0.0000e+00
    413.375     75.755    19.0152   4.795896     0.2038   232.5000     0.0606 9.4241e-01     1.5084    110.874    35.8422    25.6647    107.134     75.322    19.0016          4 0.0000e+00
    415.500     75.924    19.0304   4.798168     0.2179   216.6667     0.0592 9.6185e-01     1.5050    109.807    35.8480    25.6652    106.292     75.489    19.0168          3 0.0000e+00
    416.375     76.058    19.0310   4.798245     0.2277   240.0000     0.0518 9.4805e-01     1.5001    109.741    35.8481    25.6652    104.894     75.623    19.0174          4 0.0000e+00
    417.375     76.454    19.0333   4.798705     0.2148   252.5000     0.0517 8.7543e-01     1.4866    109.730    35.8498    25.6658    102.537     76.016    19.0196          4 0.0000e+00
    418.375     76.848    19.0355   4.799682     0.2148   257.5000     0.0504 8.9645e-01     1.4703    109.810    35.8559    25.6700    101.065     76.407    19.0217          4 0.0000e+00
    419.375     77.038    19.0392   4.800810     0.1965   282.5000     0.0490 9.4948e-01     1.4602    109.707    35.8622    25.6738    100.882     76.597    19.0254          4 0.0000e+00
    420.375     77.597    19.0384   4.802503     0.2038   232.5000     0.0455 7.4782e-01     1.4557    109.394    35.8768    25.6853    101.138     77.152    19.0245          4 0.0000e+00
    421.375     78.466    18.9902   4.797913     0.1891   245.0000     0.0411 7.2146e-01     1.4555    108.580    35.8797    25.6999    101.640     78.017    18.9762          4 0.0000e+00
    422.375     78.990    18.9470   4.793299     0.1800   200.0000     0.0353 8.0695e-01     1.4564    106.249    35.8782    25.7098    101.754     78.537    18.9329          4 0.0000e+00
    423.375     79.425    18.9286   4.791803     0.1818   227.5000     0.0338 7.5291e-01     1.4552    103.547    35.8815    25.7170    101.326     78.970    18.9144          4 0.0000e+00
    424.375     79.945    18.8761   4.784925     0.1836   232.5000     0.0306 7.1938e-01     1.4518    102.823    35.8689    25.7208    100.581     79.487    18.8619          4 0.0000e+00
    425.375     80.434    18.8159   4.777879     0.1598   212.5000     0.0286 7.0742e-01     1.4447    103.394    35.8616    25.7306     99.588     79.972    18.8016          4 0.0000e+00
    426.375     80.963    18.7505   4.770434     0.1946   227.5000     0.0288 6.8428e-01     1.4368    104.303    35.8554    25.7425     99.083     80.498    18.7362          4 0.0000e+00
    427.375     81.409    18.7323   4.769506     0.1763   185.0000     0.0299 6.9157e-01     1.4324    104.917    35.8632    25.7532     99.023     80.942    18.7179          4 0.0000e+00
    428.375     81.922    18.7316   4.770310     0.1726   262.5000     0.0302 6.3606e-01     1.4295    104.708    35.8704    25.7589     98.914     81.452    18.7171          4 0.0000e+00
    429.375     82.277    18.7195   4.769207     0.1487   237.5000     0.0301 6.6187e-01     1.4274    103.992    35.8715    25.7628     98.794     81.805    18.7049          4 0.0000e+00
    430.375     82.623    18.7031   4.767421     0.1597   240.0000     0.0290 6.4805e-01     1.4262    102.720    35.8706    25.7663     98.801     82.149    18.6885          4 0.0000e+00
    431.375     83.186    18.6638   4.762763     0.1506   220.0000     0.0275 5.7126e-01     1.4250    101.561    35.8652    25.7722     98.609     82.709    18.6490          4 0.0000e+00
    432.375     83.852    18.6255   4.758577     0.1744   240.0000     0.0254 5.6510e-01     1.4222    101.378    35.8628    25.7801     98.341     83.370    18.6107          4 0.0000e+00
    433.375     84.345    18.6010   4.755980     0.1341   197.5000     0.0239 5.8411e-01     1.4204    101.527    35.8620    25.7857     98.288     83.861    18.5861          4 0.0000e+00
    434.375     84.794    18.5803   4.753740     0.1689   207.5000     0.0256 5.5536e-01     1.4187    101.552    35.8608    25.7900     98.270     84.307    18.5654          4 0.0000e+00
    435.375     85.334    18.5566   4.751092     0.1506   210.0000     0.0226 5.0546e-01     1.4188    101.535    35.8589    25.7946     98.427     84.843    18.5416          4 0.0000e+00
    436.375     85.829    18.5320   4.748368     0.1451   205.0000     0.0228 4.9606e-01     1.4177    101.579    35.8571    25.7995     98.123     85.336    18.5168          4 0.0000e+00
    437.375     86.193    18.5180   4.746925     0.1598   232.5000     0.0237 5.0197e-01     1.4151    101.159    35.8569    25.8028     97.789     85.697    18.5029          4 0.0000e+00
    438.375     86.504    18.5122   4.746361     0.1616   185.0000     0.0229 5.0744e-01     1.4133    100.917    35.8571    25.8044     97.779     86.007    18.4970          4 0.0000e+00
    439.375     86.814    18.5094   4.746086     0.1561   195.0000     0.0214 5.1111e-01     1.4124    100.836    35.8570    25.8051     97.742     86.315    18.4942          4 0.0000e+00
    440.375     87.399    18.4829   4.743227     0.1432   207.5000     0.0210 4.4637e-01     1.4115    101.019    35.8556    25.8108     97.744     86.897    18.4676          4 0.0000e+00
    441.375     88.080    18.4289   4.736598     0.1432   220.0000     0.0219 4.4889e-01     1.4111    101.111    35.8463    25.8172     97.765     87.573    18.4134          4 0.0000e+00
    442.375     88.624    18.4104   4.735169     0.1102   212.5000     0.0209 4.4351e-01     1.4098    100.610    35.8501    25.8248     97.665     88.114    18.3948          4 0.0000e+00
    443.375     89.135    18.3869   4.732619     0.1469   200.0000     0.0210 4.1394e-01     1.4091    100.381    35.8487    25.8296     97.608     88.622    18.3713          4 0.0000e+00
    444.375     89.710    18.3378   4.726650     0.1157   190.0000     0.0204 3.8648e-01     1.4077    100.544    35.8406    25.8357     97.480     89.193    18.3222          4 0.0000e+00
    445.375     90.385    18.2934   4.721887     0.1450   247.5000     0.0203 3.5653e-01     1.4059    100.619    35.8385    25.8453     97.307     89.864    18.2777          4 0.0000e+00
    446.375     90.945    18.2526   4.717403     0.1432   177.5000     0.0196 3.5854e-01     1.4038    100.690    35.8358    25.8535     97.201     90.421    18.2368          4 0.0000e+00
    447.375     91.299    18.2277   4.714840     0.1341   177.5000     0.0199 3.5287e-01     1.4024    100.560    35.8356    25.8595     97.256     90.772    18.2118          4 0.0000e+00
    448.375     91.839    18.2090   4.713049     0.1102   240.0000     0.0205 3.2486e-01     1.4023    100.537    35.8365    25.8649     97.213     91.310    18.1930          4 0.0000e+00
    449.375     92.432    18.1761   4.709309     0.1212   197.5000     0.0198 3.1267e-01     1.3999    100.405    35.8331    25.8706     96.725     91.899    18.1601          4 0.0000e+00
    451.500     92.660    18.1511   4.706783     0.1322   190.0000     0.0195 3.3705e-01     1.3913     99.861    35.8334    25.8770     95.713     92.126    18.1350          3 0.0000e+00
    452.375     92.999    18.1371   4.705267     0.1230   207.5000     0.0201 3.1212e-01     1.3884     99.777    35.8325    25.8798     95.467     92.463    18.1211          4 0.0000e+00
    453.375     93.611    18.0866   4.699586     0.1084   185.0000     0.0196 2.9640e-01     1.3849    100.027    35.8279    25.8888     95.158     93.071    18.0705          4 0.0000e+00
    454.375     93.981    18.0459   4.695281     0.1249   200.0000     0.0194 3.3049e-01     1.3817     99.779    35.8266    25.8980     95.148     93.438    18.0297          4 0.0000e+00
    455.375     94.420    18.0243   4.693497     0.1047   202.5000     0.0196 2.8361e-01     1.3807     99.092    35.8302    25.9061     95.214     93.876    18.0080          4 0.0000e+00
    456.375     95.232    17.9799   4.688485     0.1304   167.5000     0.0210 2.4178e-01     1.3794     98.510    35.8258    25.9139     95.005     94.682    17.9635          4 0.0000e+00
    457.375     95.848    17.9577   4.686465     0.1083   122.5000     0.0180 2.7304e-01     1.3767     98.238    35.8278    25.9209     94.669     95.294    17.9412          4 0.0000e+00
    458.375     96.228    17.9486   4.685593     0.1286   160.0000     0.0180 2.6511e-01     1.3744     97.922    35.8281    25.9233     94.634     95.672    17.9321          4 0.0000e+00
    459.375     96.741    17.9362   4.684262     0.1102   125.0000     0.0178 2.3266e-01     1.3738     97.563    35.8274    25.9259     94.602     96.182    17.9196          4 0.0000e+00
    460.375     97.479    17.9136   4.681700     0.1120   142.5000     0.0173 2.0241e-01     1.3718     97.787    35.8251    25.9297     94.210     96.916    17.8968          4 0.0000e+00
    461.375     97.995    17.8976   4.680130     0.0973    60.0000     0.0170 2.2554e-01     1.3685     97.802    35.8253    25.9339     93.811     97.429    17.8808          4 0.0000e+00
