cruises/P45_06/L2/CTD/CTD_1s/P45_06_CTD_09_1s.cnv
* Sea-Bird SBE19plus  Data File:
* FileName = C:\Users\OA_2023-03\Desktop\Bathymetry\ctd_casts\S1_18_04_26001.hex
* Software version 2.3.0 SB_Terminal.dll
* Temperature SN = 8460
* Conductivity SN = 8460
* System UpLoad Time = Apr 18 2026 10:40:32
* <ApplicationData>
* <SeatermAF>
# nquan = 17
# nvalues = 105                         
# units = specified
# name 0 = timeS: Time, Elapsed [seconds]
# name 1 = prdM: Pressure, Strain Gauge [db]
# name 2 = tv290C: Temperature [ITS-90, deg C]
# name 3 = c0S/m: Conductivity [S/m]
# name 4 = flECO-AFL: Fluorescence, WET Labs ECO-AFL/FL [mg/m^3]
# name 5 = flECO-AFL1: Fluorescence, WET Labs ECO-AFL/FL, 2 [mg/m^3]
# name 6 = CStarAt0: Beam Attenuation, WET Labs C-Star [1/m]
# name 7 = par/sat/log: PAR/Logarithmic, Satlantic [umol photons/m^2/sec]
# name 8 = sbeox0V: Oxygen raw, SBE 43 [V]
# name 9 = sbeox0Mm/L: Oxygen, SBE 43 [umol/l]
# name 10 = sal00: Salinity, Practical [PSU]
# name 11 = sigma-é00: Density [sigma-theta, kg/m^3]
# name 12 = sbox0Mm/Kg: Oxygen, SBE 43 [umol/kg], WS = 2
# name 13 = depSM: Depth [salt water, m], lat = 5.51
# name 14 = potemp090C: Potential Temperature [ITS-90, deg C]
# name 15 = nbin: number of scans per bin
# name 16 = flag: flag
# span 0 =    306.375,    664.375       
# span 1 =     -0.081,     37.764       
# span 2 =    22.6243,    29.3148       
# span 3 =   0.759219,   5.811324       
# span 4 =     0.0165,    29.9382       
# span 5 =-85215.0000,  1307.5000       
# span 6 =     0.0804,    15.5159       
# span 7 = 1.0112e+01, 1.7753e+03       
# span 8 =     2.1710,     2.6895       
# span 9 =    145.402,    209.416       
# span 10 =     3.8235,    35.7645      
# span 11 =    -1.2893,    24.6005      
# span 12 =    141.771,    207.320      
# span 13 =     -0.081,     37.551      
# span 14 =    22.6167,    29.3148      
# span 15 =          2,          4      
# span 16 = 0.0000e+00, 0.0000e+00      
# interval = seconds: 1                 
# start_time = Apr 18 2026 09:40:24 [Instrument's time stamp, header]
# bad_flag = -9.990e-29
*END*
[from data line 86]
    566.500      9.811    28.9909   5.775480     0.0490   -80.0000     0.0864 3.4127e+02     2.5937    192.257    35.3241    22.3113    187.856      9.756    28.9885          3 0.0000e+00
    567.375      8.765    29.0182   5.778774     0.0459    -2.5000     0.0863 3.6982e+02     2.5965    191.562    35.3270    22.3043    187.762      8.716    29.0161          4 0.0000e+00
    568.250      8.152    29.0483   5.781595     0.0416   -60.0000     0.0850 3.3399e+02     2.5945    192.861    35.3243    22.2921    186.999      8.107    29.0463          3 0.0000e+00
    569.625      8.050    29.0892   5.786072     0.0404   -65.0000     0.0835 3.7094e+02     2.5892    192.087    35.3250    22.2789    186.937      8.005    29.0872          2 0.0000e+00
    570.375      7.535    29.0977   5.786619     0.0404    17.5000     0.0844 4.1274e+02     2.5917    190.664    35.3226    22.2742    187.119      7.493    29.0958          4 0.0000e+00
    571.375      6.433    29.1164   5.788993     0.0331     0.0000     0.0846 4.7509e+02     2.5918    190.671    35.3254    22.2700    186.667      6.398    29.1148          4 0.0000e+00
    572.375      5.814    29.1275   5.790016     0.0367    80.0000     0.0864 4.8513e+02     2.5857    191.697    35.3244    22.2654    186.081      5.781    29.1262          4 0.0000e+00
    573.375      5.665    29.1375   5.791112     0.0404   -30.0000     0.0871 5.1407e+02     2.5870    191.187    35.3246    22.2622    186.774      5.633    29.1361          4 0.0000e+00
    574.375      5.033    29.1403   5.791249     0.0312   -35.0000     0.0849 5.3932e+02     2.5945    190.254    35.3237    22.2605    187.450      5.005    29.1391          4 0.0000e+00
    575.375      4.149    29.1553   5.793139     0.0220    25.0000     0.0843 7.1874e+02     2.5965    190.899    35.3259    22.2571    186.812      4.126    29.1543          4 0.0000e+00
    576.375      3.806    29.1730   5.795166     0.0312    -2.5000     0.0838 7.0408e+02     2.5862    190.970    35.3268    22.2518    185.789      3.785    29.1721          4 0.0000e+00
    577.375      3.088    29.1831   5.795998     0.0367   -90.0000     0.0827 7.4525e+02     2.5884    189.990    35.3253    22.2472    186.560      3.071    29.1824          4 0.0000e+00
    578.375      2.097    29.2174   5.800094     0.0257    40.0000     0.0937 1.1132e+03     2.5909    189.999    35.3284    22.2379    186.578      2.085    29.2169          4 0.0000e+00
    581.375      1.262    29.2929   5.808056     0.0312  -132.5000     0.0804 1.4262e+03     2.5914    189.489    35.3276    22.2119    186.354      1.255    29.2926          4 0.0000e+00
    639.625      0.873    29.3104   5.811044     0.0221   -50.0000     0.0819 7.7347e+02     2.5853    190.822    35.3353    22.2117    184.885      0.868    29.3103          2 0.0000e+00
    643.250      0.346    29.3102   5.810943     0.0440  -170.0000     0.1669 1.1786e+03     2.5980    190.837    35.3350    22.2115    187.296      0.345    29.3101          3 0.0000e+00
    659.375      0.127    29.3140   5.811221     0.0165   -30.0000    12.4557 1.1688e+03     2.2405    179.668    35.3341    22.2096    152.707      0.126    29.3140          4 0.0000e+00
    660.125     -0.040    29.3126   5.811324     0.6464 -8120.0000     9.9384 1.4097e+03     2.2289    166.945    35.3359    22.2113    152.649     -0.040    29.3126          2 0.0000e+00
    664.375     -0.081    29.3148   0.759219    29.9382-85215.0000    15.5159 1.7753e+03     2.2121    182.132     3.8235    -1.2893    185.015     -0.081    29.3148          2 0.0000e+00
