cruises/P45_06/L2/CTD/CTD_1s/P45_06_CTD_06_1s.cnv
* Sea-Bird SBE19plus  Data File:
* FileName = C:\Users\OA_2023-03\Desktop\Bathymetry\ctd_casts\P3_16_04-25002.hex
* Software version 2.3.0 SB_Terminal.dll
* Temperature SN = 8460
* Conductivity SN = 8460
* System UpLoad Time = Apr 16 2026 15:33:25
* <ApplicationData>
* <SeatermAF>
# nquan = 17
# nvalues = 626                         
# units = specified
# name 0 = timeS: Time, Elapsed [seconds]
# name 1 = prdM: Pressure, Strain Gauge [db]
# name 2 = tv290C: Temperature [ITS-90, deg C]
# name 3 = c0S/m: Conductivity [S/m]
# name 4 = flECO-AFL: Fluorescence, WET Labs ECO-AFL/FL [mg/m^3]
# name 5 = flECO-AFL1: Fluorescence, WET Labs ECO-AFL/FL, 2 [mg/m^3]
# name 6 = CStarAt0: Beam Attenuation, WET Labs C-Star [1/m]
# name 7 = par/sat/log: PAR/Logarithmic, Satlantic [umol photons/m^2/sec]
# name 8 = sbeox0V: Oxygen raw, SBE 43 [V]
# name 9 = sbeox0Mm/L: Oxygen, SBE 43 [umol/l]
# name 10 = sal00: Salinity, Practical [PSU]
# name 11 = sigma-é00: Density [sigma-theta, kg/m^3]
# name 12 = sbox0Mm/Kg: Oxygen, SBE 43 [umol/kg], WS = 2
# name 13 = depSM: Depth [salt water, m], lat = 5.51
# name 14 = potemp090C: Potential Temperature [ITS-90, deg C]
# name 15 = nbin: number of scans per bin
# name 16 = flag: flag
# span 0 =    134.375,   1052.375       
# span 1 =      0.067,    168.021       
# span 2 =    15.8934,    29.8179       
# span 3 =   4.458210,   5.834616       
# span 4 =    -0.0343,     1.2560       
# span 5 = -7817.5000,  1107.5000       
# span 6 =     0.0210,    16.1465       
# span 7 = 1.1775e-01, 1.6450e+03       
# span 8 =     1.2455,     2.6401       
# span 9 =     86.775,    206.051       
# span 10 =    35.1058,    35.8775      
# span 11 =    21.8817,    26.2662      
# span 12 =     84.566,    205.635      
# span 13 =      0.067,    167.022      
# span 14 =    15.8668,    29.8177      
# span 15 =          2,          4      
# span 16 = 0.0000e+00, 0.0000e+00      
# interval = seconds: 1                 
# start_time = Apr 16 2026 14:33:22 [Instrument's time stamp, header]
# bad_flag = -9.990e-29
*END*
[from data line 426]
    777.375     93.485    17.7750   4.665694     0.0973   225.0000     0.0292 5.7486e-01     1.4170     98.319    35.8108    25.9527    101.146     92.946    17.7590          4 0.0000e+00
    778.375     93.027    17.7789   4.666075     0.1120   227.5000     0.0291 6.2460e-01     1.4242     99.900    35.8107    25.9517    101.885     92.490    17.7631          4 0.0000e+00
    779.375     92.276    17.7861   4.666917     0.1028   217.5000     0.0290 6.4814e-01     1.4320    101.232    35.8120    25.9509    102.735     91.744    17.7704          4 0.0000e+00
    780.375     91.638    17.8025   4.668867     0.1249   207.5000     0.0287 6.7792e-01     1.4387    102.057    35.8146    25.9488    103.185     91.110    17.7869          4 0.0000e+00
    781.375     91.048    17.8301   4.672003     0.0936   225.0000     0.0287 6.9162e-01     1.4432    102.742    35.8175    25.9442    103.055     90.524    17.8145          4 0.0000e+00
    782.375     90.346    17.8685   4.676459     0.1120   170.0000     0.0287 7.3931e-01     1.4438    103.578    35.8223    25.9384    102.670     89.825    17.8531          4 0.0000e+00
    783.375     89.734    17.9156   4.681604     0.1157   225.0000     0.0293 7.4546e-01     1.4436    104.273    35.8254    25.9291    102.486     89.218    17.9002          4 0.0000e+00
    784.375     89.163    17.9680   4.687503     0.1047   212.5000     0.0301 7.5902e-01     1.4436    105.000    35.8302    25.9198    102.468     88.650    17.9527          4 0.0000e+00
    785.375     88.459    18.0175   4.692947     0.1304   240.0000     0.0301 7.8568e-01     1.4442    105.647    35.8337    25.9102    102.302     87.950    18.0023          4 0.0000e+00
    786.375     88.005    18.0532   4.696539     0.1249   200.0000     0.0305 8.0533e-01     1.4426    105.814    35.8333    25.9011    101.803     87.498    18.0380          4 0.0000e+00
    787.375     87.657    18.0767   4.698927     0.1304   237.5000     0.0308 8.3094e-01     1.4406    105.247    35.8333    25.8952    101.495     87.153    18.0615          4 0.0000e+00
    788.375     87.036    18.0892   4.700102     0.1524   220.0000     0.0310 8.5220e-01     1.4385    104.819    35.8326    25.8916    101.328     86.536    18.0741          4 0.0000e+00
    789.375     86.673    18.1075   4.702197     0.1267   267.5000     0.0298 8.2914e-01     1.4372    104.723    35.8347    25.8886    101.014     86.174    18.0925          4 0.0000e+00
    790.375     86.430    18.1315   4.704851     0.1542   225.0000     0.0296 9.0396e-01     1.4337    104.844    35.8364    25.8838    100.163     85.933    18.1166          4 0.0000e+00
    791.375     85.752    18.1554   4.707446     0.1414   220.0000     0.0298 8.9659e-01     1.4272    104.463    35.8379    25.8791     99.094     85.259    18.1405          4 0.0000e+00
    792.375     85.098    18.1691   4.708732     0.1157   230.0000     0.0300 9.3009e-01     1.4205    103.942    35.8372    25.8750     98.447     84.609    18.1543          4 0.0000e+00
    793.375     84.613    18.1963   4.711725     0.1286   185.0000     0.0295 9.8732e-01     1.4151    103.641    35.8391    25.8697     97.946     84.126    18.1816          4 0.0000e+00
    794.375     84.029    18.2342   4.716127     0.1469   212.5000     0.0309 9.8723e-01     1.4106    103.490    35.8436    25.8637     97.582     83.547    18.2197          4 0.0000e+00
    795.375     83.330    18.2542   4.717959     0.1395   247.5000     0.0306 1.0057e+00     1.4075    102.913    35.8420    25.8575     97.421     82.852    18.2397          4 0.0000e+00
    796.375     82.736    18.2674   4.719156     0.1598   225.0000     0.0316 1.0817e+00     1.4060    101.719    35.8410    25.8534     97.296     82.261    18.2529          4 0.0000e+00
    797.375     82.335    18.2918   4.721978     0.1396   210.0000     0.0307 1.1178e+00     1.4036    100.611    35.8438    25.8494     96.903     81.863    18.2775          4 0.0000e+00
    798.375     82.031    18.3122   4.724071     0.1616   237.5000     0.0303 1.1576e+00     1.4015    100.086    35.8439    25.8444     96.840     81.560    18.2979          4 0.0000e+00
    799.375     81.575    18.3286   4.725750     0.1359   240.0000     0.0311 1.2123e+00     1.4016     99.694    35.8441    25.8404     97.127     81.107    18.3144          4 0.0000e+00
    800.375     80.810    18.3531   4.728416     0.1506   255.0000     0.0319 1.2365e+00     1.4034     99.503    35.8457    25.8354     97.602     80.347    18.3389          4 0.0000e+00
    801.375     79.998    18.3849   4.731741     0.1634   217.5000     0.0320 1.3007e+00     1.4077     99.501    35.8465    25.8280     98.233     79.539    18.3709          4 0.0000e+00
    802.375     79.518    18.4352   4.737433     0.1616   250.0000     0.0319 1.3279e+00     1.4121     99.203    35.8511    25.8190     98.632     79.062    18.4213          4 0.0000e+00
    803.375     79.344    18.4729   4.740978     0.1634   265.0000     0.0318 1.3479e+00     1.4170     98.821    35.8484    25.8074     99.180     78.890    18.4590          4 0.0000e+00
    804.375     78.813    18.5177   4.745976     0.1579   240.0000     0.0324 1.4779e+00     1.4224     98.958    35.8519    25.7987     99.706     78.361    18.5039          4 0.0000e+00
    805.375     78.267    18.5716   4.751874     0.1781   227.5000     0.0322 1.4994e+00     1.4278     99.365    35.8551    25.7875    100.142     77.819    18.5579          4 0.0000e+00
    806.375     78.078    18.6024   4.755042     0.1818   220.0000     0.0339 1.4746e+00     1.4325    100.094    35.8552    25.7798    100.537     77.630    18.5886          4 0.0000e+00
    807.375     77.566    18.6270   4.757613     0.1414   235.0000     0.0334 1.5517e+00     1.4372    100.769    35.8558    25.7740    101.013     77.121    18.6133          4 0.0000e+00
    808.375     76.753    18.6552   4.760623     0.1634   260.0000     0.0327 1.6125e+00     1.4421    101.280    35.8570    25.7678    101.457     76.313    18.6417          4 0.0000e+00
    809.375     76.288    18.6760   4.762816     0.1873   225.0000     0.0330 1.6214e+00     1.4464    101.904    35.8576    25.7630    101.799     75.851    18.6625          4 0.0000e+00
    810.375     76.029    18.6941   4.764577     0.1781   247.5000     0.0331 1.6823e+00     1.4505    102.509    35.8568    25.7577    102.328     75.593    18.6807          4 0.0000e+00
    811.375     75.406    18.7248   4.767937     0.1836   240.0000     0.0333 1.7170e+00     1.4565    102.927    35.8588    25.7514    103.373     74.975    18.7115          4 0.0000e+00
    812.375     74.604    18.7509   4.770615     0.1836   255.0000     0.0338 1.8004e+00     1.4661    103.321    35.8590    25.7449    104.613     74.178    18.7376          4 0.0000e+00
    813.375     74.171    18.7719   4.772940     0.1946   192.5000     0.0351 1.8389e+00     1.4751    103.841    35.8606    25.7408    105.398     73.746    18.7587          4 0.0000e+00
    814.375     73.850    18.7887   4.774610     0.1800   245.0000     0.0348 1.9402e+00     1.4835    104.259    35.8601    25.7362    105.951     73.428    18.7755          4 0.0000e+00
    815.375     73.172    18.8356   4.779618     0.1800   252.5000     0.0354 1.9978e+00     1.4881    104.550    35.8619    25.7255    106.028     72.754    18.8226          4 0.0000e+00
    816.375     72.536    18.9106   4.788386     0.1946   272.5000     0.0361 2.0558e+00     1.4924    105.186    35.8709    25.7132    106.210     72.121    18.8976          4 0.0000e+00
    817.375     72.093    18.9516   4.791901     0.1892   252.5000     0.0367 2.1295e+00     1.4950    106.621    35.8651    25.6983    106.222     71.681    18.9387          4 0.0000e+00
    818.375     71.751    18.9802   4.794721     0.2075   250.0000     0.0361 2.1982e+00     1.4976    107.804    35.8641    25.6902    106.664     71.341    18.9674          4 0.0000e+00
    820.375     71.502    18.9949   4.795935     0.2020   280.0000     0.0370 2.2663e+00     1.5115    108.725    35.8616    25.6845    109.071     71.094    18.9822          4 0.0000e+00
    821.375     70.743    19.0028   4.796838     0.1983   302.5000     0.0365 2.2858e+00     1.5228    108.860    35.8627    25.6833    110.637     70.338    18.9902          4 0.0000e+00
    822.375     70.049    19.0134   4.797925     0.1983   252.5000     0.0367 2.3693e+00     1.5367    108.987    35.8629    25.6807    112.439     69.649    19.0008          4 0.0000e+00
    823.375     69.667    19.0276   4.799338     0.2057   287.5000     0.0368 2.4106e+00     1.5520    109.060    35.8627    25.6768    114.381     69.269    19.0151          4 0.0000e+00
    824.375     69.263    19.0476   4.801473     0.2038   255.0000     0.0370 2.5015e+00     1.5709    109.851    35.8633    25.6722    117.284     68.868    19.0352          4 0.0000e+00
    825.375     68.520    19.0779   4.804660     0.2020   232.5000     0.0365 2.5882e+00     1.5969    111.198    35.8641    25.6650    119.994     68.129    19.0656          4 0.0000e+00
    826.375     67.890    19.1123   4.808154     0.2075   260.0000     0.0386 2.7364e+00     1.6152    112.840    35.8640    25.6560    120.729     67.503    19.1001          4 0.0000e+00
    827.375     67.708    19.1493   4.811602     0.2240   260.0000     0.0373 2.7374e+00     1.6277    114.673    35.8609    25.6441    121.555     67.322    19.1371          4 0.0000e+00
    828.375     67.496    19.2263   4.820541     0.2111   267.5000     0.0390 2.9536e+00     1.6396    116.559    35.8692    25.6307    122.572     67.111    19.2141          4 0.0000e+00
    829.375     66.906    19.3010   4.828230     0.2093   275.0000     0.0403 3.0123e+00     1.6509    118.798    35.8692    25.6113    123.607     66.525    19.2889          4 0.0000e+00
    830.375     66.206    19.3634   4.834656     0.2240   295.0000     0.0385 3.1698e+00     1.6623    122.388    35.8692    25.5951    124.471     65.828    19.3514          4 0.0000e+00
    831.125     65.987    19.3923   4.837616     0.2240   295.0000     0.0401 3.0878e+00     1.6696    124.195    35.8691    25.5874    124.836     65.612    19.3803          2 0.0000e+00
    832.500     65.885    19.4081   4.839000     0.2277   323.3333     0.0391 3.2808e+00     1.6785    124.475    35.8671    25.5818    125.708     65.510    19.3962          3 0.0000e+00
    833.375     65.337    19.4206   4.840353     0.2148   247.5000     0.0397 3.3127e+00     1.6857    125.288    35.8678    25.5791    126.420     64.964    19.4087          4 0.0000e+00
    834.250     64.837    19.4343   4.841874     0.2203   320.0000     0.0409 3.4573e+00     1.6913    126.269    35.8689    25.5763    126.488     64.467    19.4225          3 0.0000e+00
    836.625     64.507    19.4724   4.845822     0.2130   270.0000     0.0413 3.5186e+00     1.6884    128.396    35.8690    25.5665    125.137     64.139    19.4607          2 0.0000e+00
    837.375     63.689    19.5274   4.852099     0.2773   267.5000     0.0412 3.5378e+00     1.6872    128.530    35.8742    25.5561    124.845     63.327    19.5158          4 0.0000e+00
    838.375     62.897    19.6106   4.861069     0.2350   275.0000     0.0429 3.8130e+00     1.6844    129.208    35.8775    25.5368    124.570     62.539    19.5991          4 0.0000e+00
    839.375     62.563    19.6716   4.867091     0.2461   252.5000     0.0437 3.8563e+00     1.6851    129.708    35.8751    25.5190    124.753     62.206    19.6601          4 0.0000e+00
    840.375     62.176    19.7150   4.871269     0.2589   282.5000     0.0439 3.9688e+00     1.6857    128.968    35.8726    25.5057    124.566     61.822    19.7036          4 0.0000e+00
    841.375     61.575    19.7473   4.874219     0.2608   252.5000     0.0440 4.1749e+00     1.6844    127.906    35.8696    25.4949    124.159     61.225    19.7360          4 0.0000e+00
    842.375     61.299    19.7629   4.875557     0.2791   260.0000     0.0447 4.1291e+00     1.6828    127.494    35.8674    25.4891    124.113     60.950    19.7515          4 0.0000e+00
    843.375     61.121    19.7684   4.875960     0.2589   325.0000     0.0445 4.4207e+00     1.6835    127.118    35.8661    25.4867    124.479     60.773    19.7572          4 0.0000e+00
    844.375     60.545    19.7736   4.876430     0.2883   302.5000     0.0442 4.5799e+00     1.6865    127.404    35.8657    25.4850    125.083     60.201    19.7625          4 0.0000e+00
    845.375     60.065    19.7804   4.877095     0.2901   345.0000     0.0444 4.6952e+00     1.6907    127.714    35.8655    25.4830    125.489     59.724    19.7694          4 0.0000e+00
    846.375     59.934    19.7859   4.877663     0.2919   302.5000     0.0457 4.6181e+00     1.6940    127.408    35.8655    25.4816    125.745     59.594    19.7749          4 0.0000e+00
    847.375     59.536    19.7936   4.878576     0.2883   360.0000     0.0444 4.9196e+00     1.6970    127.014    35.8667    25.4804    125.979     59.198    19.7826          4 0.0000e+00
    848.375     58.775    19.8075   4.880044     0.3011   302.5000     0.0454 5.1594e+00     1.6995    127.222    35.8672    25.4771    126.052     58.441    19.7967          4 0.0000e+00
    851.375     58.096    19.8386   4.883113     0.2993   325.0000     0.0468 5.2301e+00     1.6920    128.891    35.8662    25.4681    124.710     57.766    19.8279          4 0.0000e+00
    852.375     57.124    19.8512   4.884343     0.3342   322.5000     0.0485 5.5763e+00     1.6933    129.084    35.8659    25.4645    125.759     56.799    19.8407          4 0.0000e+00
    853.375     56.732    19.8667   4.885406     0.3214   315.0000     0.0517 5.4965e+00     1.7021    129.260    35.8615    25.4571    127.602     56.409    19.8562          4 0.0000e+00
    854.375     56.340    19.8917   4.887349     0.3159   295.0000     0.0525 5.7059e+00     1.7168    129.053    35.8563    25.4465    129.618     56.021    19.8813          4 0.0000e+00
    855.375     55.531    19.9514   4.892872     0.3470   345.0000     0.0548 6.0155e+00     1.7321    127.960    35.8511    25.4267    131.012     55.216    19.9412          4 0.0000e+00
    856.375     54.961    20.0639   4.904363     0.3673   330.0000     0.0585 6.2914e+00     1.7474    127.117    35.8499    25.3960    132.804     54.649    20.0537          4 0.0000e+00
    857.375     54.864    20.1513   4.912607     0.3893   295.0000     0.0612 6.3576e+00     1.7688    127.380    35.8431    25.3676    135.779     54.553    20.1411          2 0.0000e+00
    858.375     54.686    20.2324   4.920205     0.3930   395.0000     0.0650 6.8933e+00     1.7972    129.031    35.8364    25.3409    139.521     54.376    20.2222          4 0.0000e+00
    859.375     54.270    20.2933   4.925215     0.4058   352.5000     0.0667 7.0209e+00     1.8315    131.416    35.8259    25.3166    143.181     53.962    20.2831          4 0.0000e+00
    860.375     53.893    20.3746   4.934112     0.4169   442.5000     0.0701 7.1447e+00     1.8622    133.383    35.8297    25.2977    145.084     53.587    20.3645          4 0.0000e+00
    861.375     53.692    20.4692   4.944564     0.4480   415.0000     0.0738 7.3586e+00     1.8817    134.733    35.8348    25.2761    145.405     53.388    20.4591          4 0.0000e+00
    862.375     53.438    20.5775   4.956493     0.4738   592.5000     0.0725 7.8808e+00     1.8915    137.165    35.8403    25.2512    145.169     53.134    20.5675          4 0.0000e+00
    863.375     53.007    20.6801   4.967231     0.4940   545.0000     0.0751 8.1063e+00     1.8977    140.884    35.8409    25.2240    146.057     52.706    20.6701          4 0.0000e+00
    864.375     52.463    20.7601   4.975014     0.4976   480.0000     0.0791 8.3280e+00     1.9150    145.273    35.8366    25.1990    148.801     52.166    20.7501          4 0.0000e+00
