cruises/P45_06/L2/CTD/CTD_1s/P45_06_CTD_02_1s.cnv
* Sea-Bird SBE19plus  Data File:
* FileName = C:\Users\OA_2023-03\Desktop\Bathymetry\ctd_casts\J3_15_04_25002.hex
* Software version 2.3.0 SB_Terminal.dll
* Temperature SN = 8460
* Conductivity SN = 8460
* System UpLoad Time = Apr 15 2026 17:07:40
* <ApplicationData>
* <SeatermAF>
# nquan = 17
# nvalues = 634                         
# units = specified
# name 0 = timeS: Time, Elapsed [seconds]
# name 1 = prdM: Pressure, Strain Gauge [db]
# name 2 = tv290C: Temperature [ITS-90, deg C]
# name 3 = c0S/m: Conductivity [S/m]
# name 4 = flECO-AFL: Fluorescence, WET Labs ECO-AFL/FL [mg/m^3]
# name 5 = flECO-AFL1: Fluorescence, WET Labs ECO-AFL/FL, 2 [mg/m^3]
# name 6 = CStarAt0: Beam Attenuation, WET Labs C-Star [1/m]
# name 7 = par/sat/log: PAR/Logarithmic, Satlantic [umol photons/m^2/sec]
# name 8 = sbeox0V: Oxygen raw, SBE 43 [V]
# name 9 = sbeox0Mm/L: Oxygen, SBE 43 [umol/l]
# name 10 = sal00: Salinity, Practical [PSU]
# name 11 = sigma-é00: Density [sigma-theta, kg/m^3]
# name 12 = sbox0Mm/Kg: Oxygen, SBE 43 [umol/kg], WS = 2
# name 13 = depSM: Depth [salt water, m], lat = 5.51
# name 14 = potemp090C: Potential Temperature [ITS-90, deg C]
# name 15 = nbin: number of scans per bin
# name 16 = flag: flag
# span 0 =     96.625,   1086.375       
# span 1 =     -0.071,    166.127       
# span 2 =    16.1433,    29.7759       
# span 3 =   0.033122,   5.820802       
# span 4 =   -12.8978,     0.7731       
# span 5 =-19556.6667,  1062.5000       
# span 6 =     0.0030,    15.8860       
# span 7 = 1.1792e-01, 6.9981e+02       
# span 8 =     1.2872,     2.5598       
# span 9 =     91.252,    201.727       
# span 10 =     0.1468,    35.9151      
# span 11 =    -4.1346,    26.2302      
# span 12 =     89.023,    197.283      
# span 13 =     -0.071,    165.140      
# span 14 =    16.1167,    29.7756      
# span 15 =          2,          4      
# span 16 = 0.0000e+00, 0.0000e+00      
# interval = seconds: 1                 
# start_time = Apr 15 2026 15:54:22 [Instrument's time stamp, header]
# bad_flag = -9.990e-29
*END*
[from data line 426]
    742.375     90.876    18.2054   4.712216     0.1726   200.0000     0.0159 2.3198e-01     1.4061     99.667    35.8329    25.8630     98.030     90.352    18.1896          4 0.0000e+00
    744.625     90.574    18.2626   4.718288     0.1139   240.0000     0.0144 2.8973e-01     1.4077    100.149    35.8348    25.8501     98.061     90.053    18.2469          2 0.0000e+00
    745.375     89.813    18.2998   4.722604     0.1671   227.5000     0.0151 2.5482e-01     1.4090    100.275    35.8393    25.8443     98.235     89.296    18.2842          4 0.0000e+00
    746.375     88.802    18.3539   4.729038     0.1524   245.0000     0.0159 2.8488e-01     1.4110    100.241    35.8472    25.8367     98.322     88.291    18.3384          4 0.0000e+00
    747.250     88.430    18.3748   4.730942     0.1787   233.3333     0.0160 2.9112e-01     1.4122    100.275    35.8452    25.8300     98.444     87.921    18.3593          3 0.0000e+00
    748.375     88.307    18.3989   4.733587     0.1745   220.0000     0.0157 3.0355e-01     1.4149    100.268    35.8468    25.8251     98.773     87.798    18.3834          4 0.0000e+00
    749.375     87.544    18.4303   4.737146     0.1597   250.0000     0.0176 3.1570e-01     1.4174    100.202    35.8499    25.8196     98.926     87.041    18.4149          4 0.0000e+00
    750.375     86.686    18.4749   4.742224     0.1597   225.0000     0.0174 3.1223e-01     1.4192    100.271    35.8545    25.8118     99.013     86.187    18.4596          4 0.0000e+00
    751.375     86.404    18.5090   4.745806     0.1726   245.0000     0.0170 3.2926e-01     1.4215    100.554    35.8552    25.8038     99.247     85.907    18.4938          4 0.0000e+00
    752.375     86.116    18.5344   4.748454     0.1763   250.0000     0.0181 3.4720e-01     1.4238    100.668    35.8556    25.7977     99.465     85.621    18.5192          4 0.0000e+00
    753.375     85.302    18.5608   4.751358     0.1543   240.0000     0.0179 3.3420e-01     1.4263    100.906    35.8575    25.7925     99.568     84.812    18.5458          4 0.0000e+00
    754.375     84.353    18.5874   4.754330     0.1910   257.5000     0.0191 3.8458e-01     1.4277    101.200    35.8599    25.7875     99.770     83.869    18.5725          4 0.0000e+00
    755.375     83.945    18.6159   4.757273     0.1818   255.0000     0.0201 3.9810e-01     1.4312    101.292    35.8602    25.7805    100.493     83.462    18.6011          4 0.0000e+00
    756.375     83.516    18.6588   4.762500     0.1781   242.5000     0.0204 4.1146e-01     1.4382    101.452    35.8672    25.7750    101.699     83.036    18.6441          4 0.0000e+00
    757.375     82.826    18.6843   4.764901     0.1910   247.5000     0.0229 4.3857e-01     1.4476    101.678    35.8655    25.7672    102.574     82.351    18.6697          4 0.0000e+00
    758.375     82.379    18.6916   4.765140     0.1781   267.5000     0.0249 4.3610e-01     1.4537    101.952    35.8614    25.7621    102.695     81.906    18.6771          4 0.0000e+00
    759.375     81.891    18.6882   4.764051     0.1946   287.5000     0.0286 4.5461e-01     1.4567    102.000    35.8554    25.7584    102.567     81.421    18.6737          4 0.0000e+00
    760.375     81.214    18.6781   4.761678     0.1946   260.0000     0.0321 4.6864e-01     1.4569    102.512    35.8443    25.7525    102.315     80.748    18.6638          4 0.0000e+00
    761.375     80.731    18.7108   4.765602     0.2056   260.0000     0.0287 4.9457e-01     1.4560    103.688    35.8492    25.7479    102.381     80.267    18.6965          4 0.0000e+00
    762.375     80.573    18.7685   4.772816     0.1965   252.5000     0.0276 5.0940e-01     1.4598    105.156    35.8600    25.7415    103.667     80.111    18.7542          4 0.0000e+00
    763.375     80.004    18.8310   4.780010     0.1708   267.5000     0.0253 5.2068e-01     1.4710    105.601    35.8666    25.7306    105.489     79.546    18.8168          4 0.0000e+00
    764.375     79.109    18.9034   4.788761     0.2093   265.0000     0.0246 5.5485e-01     1.4839    105.238    35.8778    25.7207    106.508     78.655    18.8893          4 0.0000e+00
    765.375     78.557    18.9501   4.793316     0.2112   232.5000     0.0327 5.7623e-01     1.4930    104.673    35.8758    25.7071    106.775     78.107    18.9361          4 0.0000e+00
    766.375     78.178    18.9844   4.795574     0.2093   290.0000     0.0388 5.6932e-01     1.4978    104.216    35.8652    25.6903    106.817     77.730    18.9704          4 0.0000e+00
    767.375     77.459    19.0109   4.796905     0.2130   257.5000     0.0413 5.8726e-01     1.5020    104.798    35.8537    25.6746    107.251     77.015    18.9971          4 0.0000e+00
    768.375     76.431    19.0019   4.793931     0.2148   282.5000     0.0484 6.3024e-01     1.5063    107.053    35.8369    25.6641    107.607     75.993    18.9883          4 0.0000e+00
    769.375     75.821    18.9942   4.792267     0.2185   217.5000     0.0522 6.8207e-01     1.5091    109.250    35.8298    25.6606    107.745     75.387    18.9807          4 0.0000e+00
    770.375     75.566    18.9942   4.792069     0.2222   272.5000     0.0515 6.9831e-01     1.5116    110.043    35.8283    25.6594    108.087     75.133    18.9807          4 0.0000e+00
    771.375     75.048    18.9944   4.791584     0.2075   302.5000     0.0518 7.0891e-01     1.5148    109.947    35.8243    25.6562    108.534     74.618    18.9810          4 0.0000e+00
    772.375     74.343    19.0096   4.793582     0.2259   267.5000     0.0497 7.5347e-01     1.5189    109.962    35.8281    25.6553    108.979     73.918    18.9963          4 0.0000e+00
    773.375     73.955    19.0236   4.794817     0.2442   282.5000     0.0544 7.7860e-01     1.5227    110.438    35.8265    25.6504    109.330     73.532    19.0104          4 0.0000e+00
    774.375     73.821    19.0121   4.791124     0.2277   322.5000     0.0607 7.8639e-01     1.5260    110.633    35.8055    25.6373    109.810     73.398    18.9989          4 0.0000e+00
    775.375     73.174    19.0046   4.789375     0.2387   295.0000     0.0637 8.1319e-01     1.5315    110.739    35.7976    25.6331    110.619     72.756    18.9916          4 0.0000e+00
    776.375     72.258    19.0185   4.790554     0.2773   310.0000     0.0683 8.7058e-01     1.5363    111.165    35.7959    25.6282    110.749     71.845    19.0055          4 0.0000e+00
    777.375     71.829    19.0555   4.793960     0.2662   267.5000     0.0653 8.8609e-01     1.5388    111.640    35.7926    25.6162    110.640     71.418    19.0426          4 0.0000e+00
    778.375     71.625    19.0763   4.796124     0.2846   287.5000     0.0656 9.0087e-01     1.5390    112.066    35.7928    25.6110    110.435     71.216    19.0635          4 0.0000e+00
    779.375     70.983    19.1046   4.798934     0.2589   337.5000     0.0650 9.3883e-01     1.5390    112.337    35.7922    25.6033    110.424     70.578    19.0918          4 0.0000e+00
    780.375     70.103    19.1308   4.801844     0.3379   315.0000     0.0682 9.9891e-01     1.5398    112.947    35.7942    25.5980    110.647     69.703    19.1183          4 0.0000e+00
    781.375     69.618    19.1435   4.802870     0.3177   322.5000     0.0754 1.0482e+00     1.5428    113.641    35.7920    25.5930    111.172     69.221    19.1310          4 0.0000e+00
    782.375     69.489    19.1527   4.803680     0.2957   377.5000     0.0814 1.0638e+00     1.5466    113.537    35.7910    25.5899    111.832     69.093    19.1401          4 0.0000e+00
    783.375     68.903    19.1641   4.804713     0.2864   325.0000     0.0854 1.1074e+00     1.5532    113.232    35.7901    25.5862    112.758     68.509    19.1517          4 0.0000e+00
    784.375     68.037    19.2173   4.810337     0.3268   330.0000     0.0956 1.1912e+00     1.5600    112.965    35.7915    25.5735    113.266     67.649    19.2050          4 0.0000e+00
    785.250     67.645    19.2850   4.817675     0.3379   403.3333     0.1052 1.2491e+00     1.5648    112.939    35.7946    25.5584    113.247     67.259    19.2728          3 0.0000e+00
    787.375     67.110    19.4284   4.832254     0.3452   345.0000     0.0872 1.2996e+00     1.5723    113.826    35.7930    25.5200    114.179     66.727    19.4162          4 0.0000e+00
    788.375     66.354    19.4634   4.835183     0.3874   365.0000     0.0868 1.3779e+00     1.5804    114.722    35.7876    25.5067    115.310     65.976    19.4514          4 0.0000e+00
    789.250     66.075    19.4885   4.837704     0.3722   393.3333     0.0868 1.4016e+00     1.5887    115.554    35.7871    25.4998    116.093     65.698    19.4765          3 0.0000e+00
    790.500     65.943    19.5123   4.839970     0.3550   410.0000     0.0856 1.4661e+00     1.5978    116.042    35.7856    25.4924    116.778     65.567    19.5003          3 0.0000e+00
    791.375     65.263    19.5735   4.847558     0.3838   415.0000     0.0770 1.4631e+00     1.6039    115.780    35.7964    25.4847    117.299     64.892    19.5615          4 0.0000e+00
    792.375     64.308    19.6697   4.860095     0.4113   410.0000     0.0682 1.6032e+00     1.6111    116.123    35.8182    25.4762    117.861     63.941    19.6579          4 0.0000e+00
    793.375     63.775    19.7189   4.865075     0.4076   387.5000     0.0698 1.6938e+00     1.6184    117.301    35.8175    25.4627    118.496     63.412    19.7072          4 0.0000e+00
    794.375     63.546    19.7460   4.867005     0.3985   407.5000     0.0771 1.7167e+00     1.6257    118.577    35.8104    25.4501    119.189     63.184    19.7343          4 0.0000e+00
    795.375     63.027    19.7827   4.870815     0.4113   400.0000     0.0719 1.7841e+00     1.6320    119.216    35.8107    25.4406    119.625     62.668    19.7711          4 0.0000e+00
    796.375     62.508    19.8424   4.879451     0.4058   377.5000     0.0623 1.8482e+00     1.6379    119.654    35.8311    25.4406    120.269     62.153    19.8309          4 0.0000e+00
    797.375     62.375    19.8893   4.885630     0.3930   477.5000     0.0577 1.8525e+00     1.6464    120.297    35.8420    25.4366    121.397     62.020    19.8778          4 0.0000e+00
    798.375     62.117    19.9192   4.889648     0.3819   372.5000     0.0562 1.9381e+00     1.6565    121.046    35.8497    25.4344    122.405     61.763    19.9077          4 0.0000e+00
    799.375     61.454    19.9442   4.892466     0.4095   392.5000     0.0514 1.9939e+00     1.6657    121.751    35.8518    25.4295    123.170     61.104    19.9328          4 0.0000e+00
    800.375     60.943    20.0012   4.901389     0.3875   400.0000     0.0446 2.1039e+00     1.6734    122.280    35.8767    25.4334    123.678     60.597    19.9899          4 0.0000e+00
    801.375     60.608    20.0654   4.909555     0.3783   400.0000     0.0394 2.1197e+00     1.6811    122.612    35.8891    25.4258    124.593     60.263    20.0542          4 0.0000e+00
    802.375     60.045    20.1257   4.916760     0.3710   367.5000     0.0393 2.1831e+00     1.6924    123.547    35.8971    25.4158    126.092     59.704    20.1145          4 0.0000e+00
    803.375     59.455    20.1645   4.921049     0.3563   375.0000     0.0391 2.3099e+00     1.7066    124.867    35.8994    25.4072    127.635     59.117    20.1534          4 0.0000e+00
    804.375     59.248    20.1955   4.924846     0.3709   347.5000     0.0381 2.3443e+00     1.7193    125.792    35.9042    25.4027    128.581     58.911    20.1844          4 0.0000e+00
    805.375     58.885    20.2334   4.929226     0.3379   352.5000     0.0386 2.4236e+00     1.7298    126.391    35.9080    25.3954    129.399     58.551    20.2224          4 0.0000e+00
    806.375     58.002    20.3099   4.937406     0.3691   385.0000     0.0407 2.5296e+00     1.7393    126.911    35.9100    25.3765    130.108     57.673    20.2990          4 0.0000e+00
    807.375     57.256    20.3779   4.943810     0.3783   350.0000     0.0424 2.7901e+00     1.7489    128.203    35.9048    25.3542    131.028     56.931    20.3672          4 0.0000e+00
    808.375     57.037    20.4051   4.945951     0.4003   430.0000     0.0449 2.7601e+00     1.7590    130.102    35.8993    25.3427    131.837     56.713    20.3944          4 0.0000e+00
    809.375     56.787    20.4388   4.949394     0.4077   435.0000     0.0468 2.9569e+00     1.7662    131.554    35.8988    25.3333    132.347     56.464    20.4281          4 0.0000e+00
    810.375     56.508    20.4740   4.952862     0.4187   525.0000     0.0470 2.9543e+00     1.7745    132.263    35.8973    25.3227    133.498     56.186    20.4634          4 0.0000e+00
    811.375     56.447    20.5057   4.955786     0.4003   490.0000     0.0479 3.0200e+00     1.7864    133.022    35.8943    25.3119    135.381     56.127    20.4950          4 0.0000e+00
    812.375     56.322    20.5366   4.958810     0.4701   485.0000     0.0482 3.1623e+00     1.8057    133.876    35.8926    25.3023    138.697     56.002    20.5261          4 0.0000e+00
    813.375     56.098    20.5567   4.960627     0.4205   530.0000     0.0496 3.1578e+00     1.8370    134.994    35.8906    25.2953    142.356     55.780    20.5461          4 0.0000e+00
    814.375     55.555    20.5932   4.964088     0.4168   540.0000     0.0519 3.2766e+00     1.8597    135.490    35.8879    25.2835    142.038     55.239    20.5827          4 0.0000e+00
    815.375     54.983    20.6797   4.973196     0.4774   417.5000     0.0571 3.4658e+00     1.8560    136.041    35.8889    25.2607    138.762     54.671    20.6693          4 0.0000e+00
    816.375     54.494    20.8113   4.986016     0.4903   532.5000     0.0583 3.5402e+00     1.8411    137.402    35.8819    25.2197    136.575     54.185    20.8009          4 0.0000e+00
    817.375     53.880    20.9372   4.996738     0.5233   560.0000     0.0672 3.7855e+00     1.8314    139.799    35.8625    25.1707    135.997     53.574    20.9269          4 0.0000e+00
    818.375     53.439    20.9419   4.989079     0.5674   640.0000     0.0876 3.8565e+00     1.8269    144.438    35.7969    25.1194    136.160     53.136    20.9317          4 0.0000e+00
    819.375     53.046    20.9209   4.982549     0.6188   850.0000     0.0925 4.0571e+00     1.8261    147.374    35.7620    25.0985    136.541     52.745    20.9108          4 0.0000e+00
    820.375     52.571    20.9188   4.981685     0.7253   930.0000     0.0949 4.1952e+00     1.8280    144.388    35.7570    25.0952    136.966     52.273    20.9087          4 0.0000e+00
    821.375     52.168    20.9302   4.982694     0.6978   877.5000     0.0978 4.3963e+00     1.8298    140.102    35.7557    25.0912    137.139     51.873    20.9202          4 0.0000e+00
    822.375     51.940    20.9440   4.984011     0.6904   815.0000     0.0999 4.5189e+00     1.8329    138.711    35.7548    25.0866    137.687     51.645    20.9341          4 0.0000e+00
    823.375     51.749    20.9529   4.984850     0.7272   825.0000     0.1013 4.6339e+00     1.8381    138.964    35.7542    25.0838    138.449     51.456    20.9430          4 0.0000e+00
    824.375     51.452    20.9667   4.986263     0.6831   827.5000     0.1027 4.8402e+00     1.8448    139.454    35.7541    25.0799    139.316     51.161    20.9568          4 0.0000e+00
    825.375     51.243    20.9930   4.989098     0.6904   850.0000     0.1072 4.9125e+00     1.8534    139.979    35.7550    25.0734    140.462     50.953    20.9832          4 0.0000e+00
    826.375     50.996    21.0159   4.991371     0.7309   952.5000     0.1104 5.0411e+00     1.8653    140.337    35.7542    25.0665    142.149     50.706    21.0061          4 0.0000e+00
    827.375     50.527    21.0407   4.993869     0.7198  1017.5000     0.1067 5.1928e+00     1.8814    140.624    35.7537    25.0594    144.223     50.241    21.0310          4 0.0000e+00
