cruises/P45_06/L2/CTD/CTD_1s/P45_06_CTD_06_1s.cnv
* Sea-Bird SBE19plus  Data File:
* FileName = C:\Users\OA_2023-03\Desktop\Bathymetry\ctd_casts\P3_16_04-25002.hex
* Software version 2.3.0 SB_Terminal.dll
* Temperature SN = 8460
* Conductivity SN = 8460
* System UpLoad Time = Apr 16 2026 15:33:25
* <ApplicationData>
* <SeatermAF>
# nquan = 17
# nvalues = 626                         
# units = specified
# name 0 = timeS: Time, Elapsed [seconds]
# name 1 = prdM: Pressure, Strain Gauge [db]
# name 2 = tv290C: Temperature [ITS-90, deg C]
# name 3 = c0S/m: Conductivity [S/m]
# name 4 = flECO-AFL: Fluorescence, WET Labs ECO-AFL/FL [mg/m^3]
# name 5 = flECO-AFL1: Fluorescence, WET Labs ECO-AFL/FL, 2 [mg/m^3]
# name 6 = CStarAt0: Beam Attenuation, WET Labs C-Star [1/m]
# name 7 = par/sat/log: PAR/Logarithmic, Satlantic [umol photons/m^2/sec]
# name 8 = sbeox0V: Oxygen raw, SBE 43 [V]
# name 9 = sbeox0Mm/L: Oxygen, SBE 43 [umol/l]
# name 10 = sal00: Salinity, Practical [PSU]
# name 11 = sigma-é00: Density [sigma-theta, kg/m^3]
# name 12 = sbox0Mm/Kg: Oxygen, SBE 43 [umol/kg], WS = 2
# name 13 = depSM: Depth [salt water, m], lat = 5.51
# name 14 = potemp090C: Potential Temperature [ITS-90, deg C]
# name 15 = nbin: number of scans per bin
# name 16 = flag: flag
# span 0 =    134.375,   1052.375       
# span 1 =      0.067,    168.021       
# span 2 =    15.8934,    29.8179       
# span 3 =   4.458210,   5.834616       
# span 4 =    -0.0343,     1.2560       
# span 5 = -7817.5000,  1107.5000       
# span 6 =     0.0210,    16.1465       
# span 7 = 1.1775e-01, 1.6450e+03       
# span 8 =     1.2455,     2.6401       
# span 9 =     86.775,    206.051       
# span 10 =    35.1058,    35.8775      
# span 11 =    21.8817,    26.2662      
# span 12 =     84.566,    205.635      
# span 13 =      0.067,    167.022      
# span 14 =    15.8668,    29.8177      
# span 15 =          2,          4      
# span 16 = 0.0000e+00, 0.0000e+00      
# interval = seconds: 1                 
# start_time = Apr 16 2026 14:33:22 [Instrument's time stamp, header]
# bad_flag = -9.990e-29
*END*
[from data line 341]
    690.625    143.333    16.4796   4.523714     0.0294   185.0000     0.0220 1.1797e-01     1.3552     92.044    35.7012    26.1812     97.413    142.489    16.4564          2 0.0000e+00
    691.375    142.737    16.4906   4.525056     0.0202   127.5000     0.0218 1.1789e-01     1.3612     93.687    35.7034    26.1804     98.238    141.897    16.4675          4 0.0000e+00
    692.375    141.741    16.4998   4.526022     0.0238   172.5000     0.0220 1.1794e-01     1.3701     96.595    35.7041    26.1787     99.377    140.907    16.4768          4 0.0000e+00
    693.375    141.206    16.5053   4.526525     0.0165    55.0000     0.0213 1.1797e-01     1.3793     98.770    35.7039    26.1772    100.069    140.375    16.4824          4 0.0000e+00
    694.375    140.915    16.5200   4.528353     0.0221   170.0000     0.0212 1.1801e-01     1.3849     99.731    35.7070    26.1762    100.146    140.086    16.4971          4 0.0000e+00
    695.375    140.520    16.5430   4.530924     0.0294   157.5000     0.0210 1.1802e-01     1.3882     99.957    35.7093    26.1726    100.323    139.694    16.5202          4 0.0000e+00
    696.375    139.610    16.5756   4.534789     0.0331   182.5000     0.0215 1.1800e-01     1.3923    100.457    35.7147    26.1691    100.804    138.789    16.5528          4 0.0000e+00
    697.250    138.777    16.5986   4.537222     0.0024    63.3333     0.0220 1.1800e-01     1.3958    101.427    35.7160    26.1646    101.035    137.961    16.5760          3 0.0000e+00
    698.625    138.512    16.6219   4.539723     0.0147   170.0000     0.0217 1.1792e-01     1.3998    102.959    35.7173    26.1600    101.199    137.699    16.5994          2 0.0000e+00
    699.375    138.066    16.6311   4.540729     0.0257   117.5000     0.0221 1.1805e-01     1.4008    103.049    35.7182    26.1585    101.263    137.255    16.6086          4 0.0000e+00
    700.375    137.178    16.6419   4.541888     0.0275   165.0000     0.0222 1.1798e-01     1.4029    102.852    35.7191    26.1567    101.567    136.373    16.6196          4 0.0000e+00
    701.375    136.466    16.6540   4.543291     0.0294   125.0000     0.0212 1.1801e-01     1.4059    103.158    35.7210    26.1552    101.971    135.665    16.6317          4 0.0000e+00
    702.375    136.038    16.6638   4.544326     0.0294   157.5000     0.0218 1.1806e-01     1.4089    103.664    35.7216    26.1534    102.111    135.239    16.6416          4 0.0000e+00
    703.375    135.659    16.6718   4.545192     0.0092    50.0000     0.0235 1.1800e-01     1.4099    103.847    35.7222    26.1520    101.984    134.863    16.6496          4 0.0000e+00
    704.375    135.025    16.6843   4.546661     0.0220   142.5000     0.0218 1.1800e-01     1.4106    103.828    35.7242    26.1505    101.999    134.232    16.6622          4 0.0000e+00
    705.375    134.389    16.6961   4.547940     0.0275   122.5000     0.0217 1.1795e-01     1.4112    103.978    35.7253    26.1485    102.039    133.601    16.6741          4 0.0000e+00
    706.375    133.977    16.7023   4.548540     0.0202   185.0000     0.0222 1.1800e-01     1.4119    104.411    35.7251    26.1470    102.102    133.192    16.6804          4 0.0000e+00
    707.375    133.465    16.7091   4.549342     0.0331    75.0000     0.0227 1.1798e-01     1.4124    104.836    35.7263    26.1463    101.917    132.683    16.6872          4 0.0000e+00
    708.375    132.711    16.7146   4.549914     0.0220   110.0000     0.0249 1.1797e-01     1.4107    104.750    35.7267    26.1452    101.423    131.933    16.6929          4 0.0000e+00
    709.375    131.961    16.7194   4.550380     0.0330   142.5000     0.0213 1.1800e-01     1.4081    104.593    35.7269    26.1442    100.900    131.188    16.6978          4 0.0000e+00
    710.375    131.496    16.7268   4.551225     0.0294   192.5000     0.0220 1.1803e-01     1.4043    104.599    35.7280    26.1432    100.528    130.726    16.7052          4 0.0000e+00
    711.375    131.064    16.7396   4.552748     0.0202   190.0000     0.0220 1.1807e-01     1.4024    104.669    35.7301    26.1418    100.487    130.297    16.7181          4 0.0000e+00
    712.375    130.300    16.7536   4.554199     0.0367   102.5000     0.0223 1.1798e-01     1.4010    104.682    35.7307    26.1390    100.322    129.537    16.7322          4 0.0000e+00
    713.375    129.410    16.7724   4.556355     0.0331   137.5000     0.0230 1.1798e-01     1.3994    104.208    35.7332    26.1364     99.888    128.653    16.7512          4 0.0000e+00
    714.375    128.831    16.7912   4.558417     0.0330   195.0000     0.0229 1.1798e-01     1.3957    103.576    35.7348    26.1332     99.153    128.077    16.7701          4 0.0000e+00
    715.375    128.427    16.8051   4.559895     0.0294   152.5000     0.0229 1.1810e-01     1.3912    102.880    35.7355    26.1304     98.584    127.675    16.7841          4 0.0000e+00
    716.375    127.954    16.8186   4.561366     0.0386   150.0000     0.0228 1.1801e-01     1.3874    102.708    35.7367    26.1281     98.384    127.205    16.7976          4 0.0000e+00
    717.375    127.617    16.8321   4.562959     0.0367   135.0000     0.0239 1.1798e-01     1.3856    102.731    35.7387    26.1265     98.370    126.871    16.8111          4 0.0000e+00
    718.375    127.330    16.8392   4.563611     0.0441   100.0000     0.0236 1.1798e-01     1.3844    102.542    35.7383    26.1244     98.298    126.586    16.8182          4 0.0000e+00
    719.375    126.703    16.8425   4.563908     0.0423   172.5000     0.0235 1.1800e-01     1.3834    101.880    35.7382    26.1236     98.173    125.962    16.8216          4 0.0000e+00
    720.375    125.810    16.8441   4.564070     0.0404   117.5000     0.0239 1.1797e-01     1.3824    101.084    35.7385    26.1233     97.974    125.075    16.8235          4 0.0000e+00
    721.375    124.957    16.8458   4.564210     0.0349   170.0000     0.0249 1.1803e-01     1.3804    100.595    35.7387    26.1230     97.682    124.226    16.8252          4 0.0000e+00
    722.375    124.378    16.8494   4.564603     0.0478   207.5000     0.0248 1.1811e-01     1.3792    100.635    35.7391    26.1225     97.632    123.651    16.8289          4 0.0000e+00
    723.375    123.836    16.8573   4.565588     0.0367   200.0000     0.0238 1.1799e-01     1.3777    100.708    35.7409    26.1220     96.964    123.113    16.8369          4 0.0000e+00
    724.375    123.157    16.8627   4.566055     0.0386   210.0000     0.0237 1.1801e-01     1.3716    100.661    35.7405    26.1204     95.634    122.437    16.8424          4 0.0000e+00
    725.375    122.618    16.8712   4.567053     0.0386   177.5000     0.0237 1.1804e-01     1.3631    100.511    35.7419    26.1194     94.586    121.902    16.8510          4 0.0000e+00
    726.375    122.048    16.8925   4.569503     0.0312   197.5000     0.0244 1.1798e-01     1.3567    100.173    35.7447    26.1165     94.431    121.336    16.8723          4 0.0000e+00
    727.375    121.386    16.9182   4.572439     0.0441   130.0000     0.0249 1.1796e-01     1.3547     99.918    35.7478    26.1127     94.562    120.677    16.8982          4 0.0000e+00
    728.375    121.001    16.9424   4.575025     0.0496   212.5000     0.0257 1.1803e-01     1.3530     99.805    35.7491    26.1079     94.399    120.295    16.9224          4 0.0000e+00
    729.375    120.589    16.9702   4.578090     0.0441   207.5000     0.0249 1.2649e-01     1.3523     98.536    35.7514    26.1030     94.324    119.885    16.9502          4 0.0000e+00
    730.375    119.768    16.9974   4.581085     0.0496   192.5000     0.0253 1.1804e-01     1.3506     96.867    35.7537    26.0983     93.816    119.070    16.9776          4 0.0000e+00
    731.125    119.226    17.0126   4.582570     0.0698    60.0000     0.0251 1.1921e-01     1.3484     96.079    35.7535    26.0945     93.232    118.531    16.9928          2 0.0000e+00
    733.375    118.578    17.0419   4.585750     0.0606   185.0000     0.0248 1.2670e-01     1.3382     96.562    35.7554    26.0890     92.258    117.888    17.0222          4 0.0000e+00
    734.375    117.427    17.0630   4.588270     0.0551   215.0000     0.0243 1.2900e-01     1.3359     96.520    35.7592    26.0868     92.042    116.743    17.0435          4 0.0000e+00
    735.375    117.070    17.0812   4.590241     0.0478   230.0000     0.0253 1.5080e-01     1.3340     96.345    35.7604    26.0833     91.940    116.388    17.0618          2 0.0000e+00
    736.375    116.734    17.0908   4.591074     0.0643   222.5000     0.0246 1.8338e-01     1.3331     95.672    35.7593    26.0802     91.933    116.054    17.0714          4 0.0000e+00
    737.375    115.625    17.1048   4.592795     0.0570   180.0000     0.0246 1.4518e-01     1.3326     94.605    35.7623    26.0790     91.829    114.952    17.0856          4 0.0000e+00
    738.250    114.892    17.1149   4.593794     0.0588   206.6667     0.0245 1.6872e-01     1.3320     94.124    35.7624    26.0767     91.854    114.224    17.0958          3 0.0000e+00
    739.500    114.698    17.1222   4.594528     0.0514   183.3333     0.0248 1.7368e-01     1.3327     94.154    35.7624    26.0749     91.993    114.031    17.1031          3 0.0000e+00
    740.375    114.149    17.1258   4.594971     0.0551   217.5000     0.0246 2.1257e-01     1.3326     94.088    35.7633    26.0747     91.954    113.485    17.1068          4 0.0000e+00
    741.375    113.363    17.1298   4.595368     0.0643   225.0000     0.0248 1.9874e-01     1.3332     94.098    35.7635    26.0739     92.017    112.703    17.1110          4 0.0000e+00
    742.375    112.932    17.1334   4.595740     0.0514   185.0000     0.0248 2.1168e-01     1.3336     94.146    35.7637    26.0731     92.080    112.275    17.1146          4 0.0000e+00
    743.375    112.433    17.1366   4.596020     0.0624   160.0000     0.0247 2.2487e-01     1.3341     94.038    35.7634    26.0722     92.139    111.780    17.1179          4 0.0000e+00
    744.375    111.614    17.1474   4.597306     0.0624   197.5000     0.0242 2.3553e-01     1.3348     94.282    35.7654    26.0711     92.178    110.966    17.1289          4 0.0000e+00
    745.375    111.077    17.1666   4.599441     0.0496   177.5000     0.0246 2.1727e-01     1.3354     94.262    35.7673    26.0678     92.291    110.432    17.1482          4 0.0000e+00
    746.375    110.872    17.2048   4.603921     0.1010   197.5000     0.0250 2.4149e-01     1.3369     94.248    35.7725    26.0627     92.465    110.228    17.1864          4 0.0000e+00
    747.375    110.241    17.2524   4.609290     0.0569   222.5000     0.0257 2.5194e-01     1.3386     94.225    35.7774    26.0550     92.531    109.601    17.2340          4 0.0000e+00
    748.375    109.369    17.2890   4.613126     0.0698   185.0000     0.0257 2.4316e-01     1.3393     94.229    35.7787    26.0470     92.390    108.734    17.2707          4 0.0000e+00
    749.375    108.847    17.3100   4.615137     0.0717   185.0000     0.0254 2.6325e-01     1.3399     94.264    35.7778    26.0413     92.473    108.215    17.2918          4 0.0000e+00
    750.375    108.402    17.3295   4.617351     0.0735   187.5000     0.0253 2.7226e-01     1.3413     94.281    35.7800    26.0382     92.832    107.772    17.3113          4 0.0000e+00
    751.375    107.760    17.3481   4.619407     0.0808   145.0000     0.0262 2.9151e-01     1.3443     94.493    35.7816    26.0349     93.237    107.134    17.3300          4 0.0000e+00
    752.375    107.144    17.3679   4.621697     0.0753   212.5000     0.0253 2.7998e-01     1.3469     94.733    35.7842    26.0322     93.378    106.522    17.3499          4 0.0000e+00
    753.375    106.814    17.3818   4.623050     0.0771   152.5000     0.0258 2.8315e-01     1.3490     94.752    35.7838    26.0284     93.605    106.195    17.3638          4 0.0000e+00
    754.375    106.534    17.3950   4.624408     0.0955   220.0000     0.0258 3.1300e-01     1.3518     94.628    35.7840    26.0255     94.047    105.916    17.3770          4 0.0000e+00
    755.375    105.855    17.4068   4.625674     0.0716   207.5000     0.0262 3.1705e-01     1.3558     94.830    35.7848    26.0231     94.586    105.241    17.3890          4 0.0000e+00
    756.375    104.944    17.4167   4.626719     0.1102   190.0000     0.0263 3.2070e-01     1.3594     95.404    35.7855    26.0213     94.642    104.336    17.3990          4 0.0000e+00
    757.375    104.334    17.4241   4.627434     0.0937   125.0000     0.0268 3.5095e-01     1.3603     95.790    35.7854    26.0193     94.541    103.730    17.4065          4 0.0000e+00
    758.375    103.836    17.4333   4.628311     0.0844   185.0000     0.0273 3.4618e-01     1.3622     95.892    35.7851    26.0169     95.221    103.235    17.4157          4 0.0000e+00
    759.375    103.035    17.4445   4.629590     0.0826   252.5000     0.0272 3.7385e-01     1.3681     96.201    35.7866    26.0152     96.355    102.438    17.4271          4 0.0000e+00
    760.375    102.434    17.4508   4.630228     0.0827   240.0000     0.0278 3.6152e-01     1.3760     96.804    35.7867    26.0138     97.349    101.840    17.4336          4 0.0000e+00
    761.375    102.209    17.4555   4.630732     0.1029   182.5000     0.0271 3.6522e-01     1.3838     97.326    35.7870    26.0129     98.311    101.617    17.4383          4 0.0000e+00
    762.375    101.733    17.4561   4.630376     0.0844   232.5000     0.0271 4.1212e-01     1.3921     97.089    35.7836    26.0101     99.008    101.144    17.4389          4 0.0000e+00
    763.375    101.027    17.4656   4.631429     0.0992   232.5000     0.0278 4.0284e-01     1.3977     97.108    35.7847    26.0086     99.139    100.442    17.4485          4 0.0000e+00
    765.375    100.596    17.5318   4.638969     0.1047   227.5000     0.0276 4.3118e-01     1.3987     99.593    35.7916    25.9978     97.793    100.015    17.5148          4 0.0000e+00
    766.375     99.698    17.5641   4.642878     0.0789   220.0000     0.0279 4.2646e-01     1.3930    100.530    35.7973    25.9942     96.483     99.122    17.5472          4 0.0000e+00
    767.375     98.807    17.5784   4.644201     0.1047   225.0000     0.0275 4.5039e-01     1.3846    101.536    35.7965    25.9901     95.415     98.236    17.5616          4 0.0000e+00
    768.375     98.318    17.5959   4.646256     0.0992   185.0000     0.0276 5.0189e-01     1.3774    101.896    35.7990    25.9878     94.944     97.750    17.5792          4 0.0000e+00
    769.375     97.791    17.6248   4.649645     0.0955   185.0000     0.0274 5.1026e-01     1.3738    101.676    35.8030    25.9838     95.063     97.225    17.6082          4 0.0000e+00
    770.375     96.825    17.6804   4.656405     0.1047   170.0000     0.0272 5.1821e-01     1.3729    100.763    35.8127    25.9775     95.161     96.266    17.6639          4 0.0000e+00
    771.375     95.963    17.7297   4.662018     0.0955   220.0000     0.0275 5.4391e-01     1.3736     99.259    35.8180    25.9695     95.510     95.409    17.7133          4 0.0000e+00
    772.375     95.660    17.7471   4.663358     0.1046   212.5000     0.0300 5.2919e-01     1.3774     97.647    35.8144    25.9624     96.564     95.108    17.7308          4 0.0000e+00
    773.375     95.522    17.7602   4.664927     0.0918   215.0000     0.0315 5.5594e-01     1.3854     96.687    35.8164    25.9607     97.807     94.971    17.7439          4 0.0000e+00
    774.375     95.084    17.7653   4.665287     0.0992   177.5000     0.0280 5.6244e-01     1.3939     96.645    35.8152    25.9585     98.703     94.536    17.7491          4 0.0000e+00
    775.375     94.319    17.7673   4.665242     0.1065   227.5000     0.0282 5.6361e-01     1.4018     97.109    35.8133    25.9566     99.470     93.775    17.7512          4 0.0000e+00
