cruises/P45_06/L2/CTD/CTD_1s/P45_06_CTD_08_1s.cnv
* Sea-Bird SBE19plus  Data File:
* FileName = C:\Users\OA_2023-03\Desktop\Bathymetry\ctd_casts\J2_17_04_2026001.hex
* Software version 2.3.0 SB_Terminal.dll
* Temperature SN = 8460
* Conductivity SN = 8460
* System UpLoad Time = Apr 17 2026 17:13:47
* <ApplicationData>
* <SeatermAF>
# nquan = 17
# nvalues = 203                         
# units = specified
# name 0 = timeS: Time, Elapsed [seconds]
# name 1 = prdM: Pressure, Strain Gauge [db]
# name 2 = tv290C: Temperature [ITS-90, deg C]
# name 3 = c0S/m: Conductivity [S/m]
# name 4 = flECO-AFL: Fluorescence, WET Labs ECO-AFL/FL [mg/m^3]
# name 5 = flECO-AFL1: Fluorescence, WET Labs ECO-AFL/FL, 2 [mg/m^3]
# name 6 = CStarAt0: Beam Attenuation, WET Labs C-Star [1/m]
# name 7 = par/sat/log: PAR/Logarithmic, Satlantic [umol photons/m^2/sec]
# name 8 = sbeox0V: Oxygen raw, SBE 43 [V]
# name 9 = sbeox0Mm/L: Oxygen, SBE 43 [umol/l]
# name 10 = sal00: Salinity, Practical [PSU]
# name 11 = sigma-é00: Density [sigma-theta, kg/m^3]
# name 12 = sbox0Mm/Kg: Oxygen, SBE 43 [umol/kg], WS = 2
# name 13 = depSM: Depth [salt water, m], lat = 5.51
# name 14 = potemp090C: Potential Temperature [ITS-90, deg C]
# name 15 = nbin: number of scans per bin
# name 16 = flag: flag
# span 0 =    191.500,    618.250       
# span 1 =      0.125,     58.851       
# span 2 =    19.6284,    29.8425       
# span 3 =   4.851490,   5.874936       
# span 4 =    -0.0098,     1.5168       
# span 5 =  -210.0000,  1945.0000       
# span 6 =     0.0750,     7.7829       
# span 7 = 3.5339e+00, 1.2581e+03       
# span 8 =     1.6526,     2.6904       
# span 9 =    124.039,    213.292       
# span 10 =    35.2697,    35.8541      
# span 11 =    22.0495,    25.4609      
# span 12 =    120.935,    210.612      
# span 13 =      0.124,     58.516      
# span 14 =    19.6176,    29.8425      
# span 15 =          2,          4      
# span 16 = 0.0000e+00, 0.0000e+00      
# interval = seconds: 1                 
# start_time = Apr 17 2026 14:51:22 [Instrument's time stamp, header]
# bad_flag = -9.990e-29
*END*
[from data line 171]
    564.375     18.347    28.1017   5.674533     0.0514    12.5000     0.0927 1.7883e+02     2.6566    203.138    35.2815    22.5744    196.078     18.245    28.0973          4 0.0000e+00
    565.375     17.538    28.3774   5.708072     0.0441     7.5000     0.0833 1.6943e+02     2.6506    203.378    35.3102    22.5053    194.293     17.441    28.3732          4 0.0000e+00
    567.500     17.275    28.8390   5.760316     0.0294    26.6667     0.0765 1.8527e+02     2.6424    199.299    35.3297    22.3668    192.723     17.178    28.8349          3 0.0000e+00
    568.375     16.645    28.9253   5.772383     0.0312  -142.5000     0.0784 2.0492e+02     2.6419    197.370    35.3493    22.3527    191.969     16.552    28.9213          4 0.0000e+00
    569.125     16.204    28.9786   5.778695     0.0294    20.0000     0.0856 2.0057e+02     2.6365    197.099    35.3535    22.3381    191.006     16.114    28.9747          2 0.0000e+00
    571.375     15.559    29.1522   5.799333     0.0367    82.5000     0.0840 2.1580e+02     2.6323    195.100    35.3674    22.2903    190.923     15.472    29.1484          4 0.0000e+00
    572.375     14.423    29.2388   5.811014     0.0257   -22.5000     0.0750 2.4274e+02     2.6370    195.138    35.3840    22.2735    190.747     14.343    29.2353          4 0.0000e+00
    575.375     13.517    29.3152   5.818619     0.0275    67.5000     0.0756 2.6732e+02     2.6330    193.455    35.3801    22.2448    190.464     13.441    29.3118          4 0.0000e+00
    576.375     12.230    29.3252   5.820038     0.0423    30.0000     0.0796 3.2858e+02     2.6381    194.117    35.3829    22.2434    190.593     12.161    29.3222          4 0.0000e+00
    579.375     11.318    29.3372   5.821055     0.0257     5.0000     0.0798 2.1676e+02     2.6357    193.352    35.3812    22.2379    190.406     11.255    29.3345          4 0.0000e+00
    580.375     10.281    29.3436   5.821836     0.0165     7.5000     0.0829 2.4974e+02     2.6379    194.128    35.3821    22.2365    190.340     10.224    29.3411          4 0.0000e+00
    581.375      9.799    29.3504   5.822451     0.0349     7.5000     0.0828 2.9169e+02     2.6355    194.972    35.3815    22.2336    189.895      9.744    29.3480          4 0.0000e+00
    582.375      9.647    29.3516   5.822451     0.0349    15.0000     0.0868 3.2034e+02     2.6338    194.445    35.3805    22.2325    190.039      9.594    29.3493          4 0.0000e+00
    583.375      9.005    29.3531   5.822674     0.0312  -210.0000     0.0865 3.9077e+02     2.6375    193.823    35.3812    22.2325    190.552      8.955    29.3509          4 0.0000e+00
    584.375      8.003    29.3607   5.823590     0.0294   -42.5000     0.0854 4.4759e+02     2.6419    194.284    35.3822    22.2306    190.893      7.958    29.3587          4 0.0000e+00
    585.375      7.475    29.3755   5.824900     0.0184     7.5000     0.0898 4.0546e+02     2.6443    194.654    35.3804    22.2242    190.592      7.434    29.3737          4 0.0000e+00
    586.375      7.102    29.4026   5.828337     0.0294   -70.0000     0.0917 2.2857e+02     2.6379    194.100    35.3841    22.2178    189.733      7.062    29.4008          4 0.0000e+00
    587.375      6.513    29.4306   5.831573     0.0220  -127.5000     0.0894 3.2865e+02     2.6369    193.658    35.3858    22.2095    190.141      6.477    29.4290          4 0.0000e+00
    588.375      5.646    29.4715   5.835872     0.0276   -57.5000     0.0867 2.9106e+02     2.6436    194.161    35.3853    22.1953    190.518      5.615    29.4700          4 0.0000e+00
    589.375      4.829    29.5398   5.843972     0.0221   -50.0000     0.0861 2.7159e+02     2.6398    194.536    35.3906    22.1760    189.045      4.803    29.5387          4 0.0000e+00
    590.375      4.554    29.5882   5.849056     0.0239   -57.5000     0.0850 2.8337e+02     2.6280    194.553    35.3898    22.1590    188.155      4.529    29.5871          4 0.0000e+00
    591.375      3.839    29.6270   5.852652     0.0202   -97.5000     0.0857 3.4156e+02     2.6300    193.355    35.3860    22.1430    188.884      3.818    29.6261          4 0.0000e+00
    592.375      2.777    29.6946   5.861250     0.0275    32.5000     0.0864 5.3420e+02     2.6345    192.847    35.3953    22.1269    188.693      2.761    29.6939          4 0.0000e+00
    602.500      2.386    29.7536   5.866944     0.0318   -33.3333     0.0858 6.3052e+02     2.6109    191.347    35.3908    22.1034    185.645      2.372    29.7530          3 0.0000e+00
    603.375      1.960    29.7614   5.867989     0.0147    40.0000     0.0833 6.6612e+02     2.6116    191.896    35.3924    22.1019    186.657      1.949    29.7609          4 0.0000e+00
    604.375      1.373    29.7716   5.869077     0.0110  -135.0000     0.0905 5.4316e+02     2.6159    191.781    35.3924    22.0984    186.837      1.366    29.7713          4 0.0000e+00
    605.125      0.890    29.7794   5.869782     0.0220  -145.0000     0.0892 6.3867e+02     2.6149    191.187    35.3916    22.0952    186.616      0.885    29.7792          2 0.0000e+00
    608.125      0.672    29.7980   5.871908     0.0000   -75.0000     0.0970 1.2581e+03     2.6213    189.172    35.3925    22.0895    187.505      0.668    29.7978          2 0.0000e+00
    615.625      0.500    29.8031   5.871560     0.0183   -90.0000     0.1113 1.2119e+03     2.3848    190.508    35.3864    22.0832    162.233      0.497    29.8030          2 0.0000e+00
    616.375      0.397    29.8111   5.866338     0.0128    60.0000     1.1999 1.2387e+03     2.3706    190.402    35.3451    22.0495    164.024      0.395    29.8110          4 0.0000e+00
    617.375      0.310    29.8292   5.874186    -0.0073  -185.0000     3.9161 9.9319e+02     2.3835    190.156    35.3852    22.0733    167.630      0.308    29.8291          2 0.0000e+00
    618.250      0.125    29.8425   5.874936    -0.0098    43.3333     7.7829 1.2288e+03     2.4151    189.616    35.3806    22.0653    169.908      0.124    29.8425          3 0.0000e+00
