cruises/P45_06/L2/CTD/CTD_1s/P45_06_CTD_06_1s.cnv
* Sea-Bird SBE19plus  Data File:
* FileName = C:\Users\OA_2023-03\Desktop\Bathymetry\ctd_casts\P3_16_04-25002.hex
* Software version 2.3.0 SB_Terminal.dll
* Temperature SN = 8460
* Conductivity SN = 8460
* System UpLoad Time = Apr 16 2026 15:33:25
* <ApplicationData>
* <SeatermAF>
# nquan = 17
# nvalues = 626                         
# units = specified
# name 0 = timeS: Time, Elapsed [seconds]
# name 1 = prdM: Pressure, Strain Gauge [db]
# name 2 = tv290C: Temperature [ITS-90, deg C]
# name 3 = c0S/m: Conductivity [S/m]
# name 4 = flECO-AFL: Fluorescence, WET Labs ECO-AFL/FL [mg/m^3]
# name 5 = flECO-AFL1: Fluorescence, WET Labs ECO-AFL/FL, 2 [mg/m^3]
# name 6 = CStarAt0: Beam Attenuation, WET Labs C-Star [1/m]
# name 7 = par/sat/log: PAR/Logarithmic, Satlantic [umol photons/m^2/sec]
# name 8 = sbeox0V: Oxygen raw, SBE 43 [V]
# name 9 = sbeox0Mm/L: Oxygen, SBE 43 [umol/l]
# name 10 = sal00: Salinity, Practical [PSU]
# name 11 = sigma-é00: Density [sigma-theta, kg/m^3]
# name 12 = sbox0Mm/Kg: Oxygen, SBE 43 [umol/kg], WS = 2
# name 13 = depSM: Depth [salt water, m], lat = 5.51
# name 14 = potemp090C: Potential Temperature [ITS-90, deg C]
# name 15 = nbin: number of scans per bin
# name 16 = flag: flag
# span 0 =    134.375,   1052.375       
# span 1 =      0.067,    168.021       
# span 2 =    15.8934,    29.8179       
# span 3 =   4.458210,   5.834616       
# span 4 =    -0.0343,     1.2560       
# span 5 = -7817.5000,  1107.5000       
# span 6 =     0.0210,    16.1465       
# span 7 = 1.1775e-01, 1.6450e+03       
# span 8 =     1.2455,     2.6401       
# span 9 =     86.775,    206.051       
# span 10 =    35.1058,    35.8775      
# span 11 =    21.8817,    26.2662      
# span 12 =     84.566,    205.635      
# span 13 =      0.067,    167.022      
# span 14 =    15.8668,    29.8177      
# span 15 =          2,          4      
# span 16 = 0.0000e+00, 0.0000e+00      
# interval = seconds: 1                 
# start_time = Apr 16 2026 14:33:22 [Instrument's time stamp, header]
# bad_flag = -9.990e-29
*END*
[from data line 511]
    866.375     51.757    20.8440   4.981492     0.5454   580.0000     0.0860 8.6915e+00     1.9385    149.496    35.8186    25.1625    148.385     51.464    20.8341          4 0.0000e+00
    867.375     51.232    20.8959   4.986560     0.5490   662.5000     0.0870 8.9760e+00     1.9371    148.932    35.8161    25.1464    148.079     50.942    20.8861          4 0.0000e+00
    868.375     50.456    20.9678   4.995706     0.5693   627.5000     0.0867 9.6612e+00     1.9385    148.433    35.8297    25.1372    148.000     50.170    20.9581          4 0.0000e+00
    869.375     50.102    21.0049   4.997491     0.5931   702.5000     0.0963 9.6101e+00     1.9368    150.665    35.8131    25.1144    147.345     49.818    20.9952          4 0.0000e+00
    870.375     49.860    21.0326   4.998959     0.6555   675.0000     0.0992 1.0343e+01     1.9330    153.928    35.8017    25.0982    146.916     49.578    21.0230          4 0.0000e+00
    871.375     49.141    21.1101   5.006595     0.6261   787.5000     0.1053 1.1008e+01     1.9316    152.999    35.7984    25.0744    146.677     48.862    21.1006          4 0.0000e+00
    872.250     48.713    21.1891   5.013652     0.6586   746.6667     0.1123 1.1410e+01     1.9294    151.082    35.7890    25.0455    146.455     48.437    21.1797          3 0.0000e+00
    874.625     48.590    21.2473   5.017710     0.6831   825.0000     0.1162 1.2505e+01     1.9463    150.588    35.7729    25.0173    149.539     48.315    21.2379          2 0.0000e+00
    875.375     48.235    21.2635   5.018913     0.6905   835.0000     0.1178 1.2530e+01     1.9545    149.955    35.7691    25.0099    149.926     47.962    21.2542          4 0.0000e+00
    876.375     48.091    21.3064   5.023613     0.7566   892.5000     0.1194 1.1897e+01     1.9596    149.727    35.7710    24.9995    149.810     47.819    21.2971          4 0.0000e+00
    877.375     47.764    21.3431   5.027272     0.7161   967.5000     0.1203 1.2890e+01     1.9626    149.539    35.7697    24.9884    149.846     47.494    21.3338          4 0.0000e+00
    878.375     46.995    21.3814   5.031530     0.7547   987.5000     0.1217 1.3363e+01     1.9655    150.094    35.7721    24.9796    150.320     46.729    21.3723          4 0.0000e+00
    879.375     46.473    21.3968   5.032755     0.8098   972.5000     0.1233 1.3823e+01     1.9728    151.916    35.7693    24.9732    151.453     46.211    21.3878          4 0.0000e+00
    880.375     46.116    21.4016   5.032995     0.8190   990.0000     0.1248 1.4184e+01     1.9818    153.635    35.7673    24.9703    152.286     45.855    21.3926          4 0.0000e+00
    881.375     45.510    21.4126   5.034235     0.8024  1045.0000     0.1274 1.4996e+01     1.9881    153.756    35.7683    24.9680    152.702     45.252    21.4037          4 0.0000e+00
    882.375     44.905    21.4251   5.035472     0.8704  1085.0000     0.1308 1.5727e+01     1.9946    153.485    35.7678    24.9642    153.528     44.651    21.4164          4 0.0000e+00
    883.375     44.441    21.4413   5.037201     0.8539  1080.0000     0.1310 1.6482e+01     2.0035    153.582    35.7683    24.9600    154.631     44.190    21.4327          4 0.0000e+00
    884.375     44.107    21.4585   5.039055     0.8869  1057.5000     0.1293 1.6816e+01     2.0146    154.593    35.7689    24.9557    156.233     43.857    21.4499          4 0.0000e+00
    885.375     43.883    21.4727   5.040683     0.8575  1107.5000     0.1282 1.7680e+01     2.0308    155.930    35.7702    24.9528    158.560     43.635    21.4641          4 0.0000e+00
    886.375     43.691    21.4859   5.042311     0.8373  1085.0000     0.1268 1.8682e+01     2.0529    156.471    35.7722    24.9507    162.066     43.444    21.4774          4 0.0000e+00
    887.375     43.437    21.5030   5.044340     0.8190  1050.0000     0.1251 1.9746e+01     2.0907    156.914    35.7742    24.9474    168.604     43.191    21.4945          4 0.0000e+00
    888.375     43.278    21.5340   5.048261     0.8208  1025.0000     0.1247 1.9783e+01     2.1522    157.975    35.7798    24.9430    176.323     43.033    21.5255          4 0.0000e+00
    889.375     43.197    21.5595   5.051335     0.7969  1065.0000     0.1241 2.0373e+01     2.2133    159.301    35.7830    24.9384    181.775     42.953    21.5511          4 0.0000e+00
    890.375     42.764    21.5963   5.055808     0.8043   975.0000     0.1260 2.1090e+01     2.2633    161.434    35.7882    24.9321    184.955     42.522    21.5879          4 0.0000e+00
    891.375     41.887    21.7083   5.070529     0.8355  1080.0000     0.1230 2.2017e+01     2.2968    164.200    35.8124    24.9193    186.311     41.650    21.7000          4 0.0000e+00
    892.250     41.373    21.8185   5.081903     0.7223   780.0000     0.1096 2.3522e+01     2.3186    168.017    35.8112    24.8876    187.289     41.139    21.8104          3 0.0000e+00
    894.375     41.093    22.1125   5.112228     0.3783   442.5000     0.1018 2.5099e+01     2.3510    185.023    35.8075    24.8021    188.170     40.861    22.1043          4 0.0000e+00
    895.375     40.378    22.1890   5.119923     0.3875   367.5000     0.1016 2.5704e+01     2.3605    189.208    35.8051    24.7787    188.856     40.150    22.1810          4 0.0000e+00
    896.375     40.029    22.2817   5.128897     0.3434   392.5000     0.1004 2.6055e+01     2.3710    190.588    35.7992    24.7479    189.469     39.804    22.2738          4 0.0000e+00
    897.375     39.966    22.3506   5.135580     0.3324   380.0000     0.1014 2.6648e+01     2.3782    191.176    35.7950    24.7252    189.659     39.740    22.3426          4 0.0000e+00
    898.375     39.596    22.3881   5.139226     0.2975   332.5000     0.1021 2.8004e+01     2.3851    191.912    35.7929    24.7129    190.414     39.373    22.3801          4 0.0000e+00
    899.375     38.801    22.4283   5.143185     0.3085   387.5000     0.1009 2.9047e+01     2.3938    192.321    35.7910    24.7000    190.934     38.582    22.4205          4 0.0000e+00
    900.250     38.329    22.4688   5.146667     0.2865   383.3333     0.1010 3.1310e+01     2.3976    192.479    35.7851    24.6840    190.902     38.113    22.4611          3 0.0000e+00
    902.375     38.020    22.5960   5.159909     0.2736   310.0000     0.1014 3.3494e+01     2.4086    193.795    35.7843    24.6470    191.579     37.806    22.5884          4 0.0000e+00
    903.250     37.543    22.6218   5.162154     0.2742   320.0000     0.1036 3.4019e+01     2.4108    193.955    35.7808    24.6369    191.715     37.332    22.6142          3 0.0000e+00
    905.500     37.149    22.6995   5.169981     0.2595   300.0000     0.1000 3.4921e+01     2.4289    195.093    35.7783    24.6128    193.558     36.940    22.6919          3 0.0000e+00
    906.375     36.270    22.7385   5.174408     0.2773   325.0000     0.1029 3.5611e+01     2.4338    195.220    35.7810    24.6036    193.907     36.066    22.7312          4 0.0000e+00
    907.375     35.750    22.7927   5.179850     0.2406   295.0000     0.1029 3.6695e+01     2.4417    195.817    35.7792    24.5866    194.640     35.549    22.7854          4 0.0000e+00
    908.375     35.466    22.8557   5.185805     0.2314   332.5000     0.1027 3.8684e+01     2.4499    195.687    35.7741    24.5646    195.192     35.266    22.8485          4 0.0000e+00
    909.375     34.997    22.9197   5.192728     0.2387   330.0000     0.1131 4.0723e+01     2.4566    196.337    35.7757    24.5473    195.457     34.800    22.9126          4 0.0000e+00
    910.375     34.462    22.9631   5.196378     0.2405   360.0000     0.1091 4.3027e+01     2.4624    197.554    35.7688    24.5295    195.937     34.268    22.9560          4 0.0000e+00
    911.375     34.030    23.0643   5.206950     0.2222   267.5000     0.1057 4.3973e+01     2.4699    197.637    35.7683    24.4998    196.466     33.839    23.0573          4 0.0000e+00
    912.375     33.764    23.1696   5.217425     0.2167   295.0000     0.1059 4.4353e+01     2.4780    198.016    35.7635    24.4656    196.969     33.574    23.1627          4 0.0000e+00
    913.375     33.440    23.2440   5.223860     0.2479   280.0000     0.1054 4.8460e+01     2.4866    198.687    35.7528    24.4359    197.504     33.252    23.2371          4 0.0000e+00
    914.375     33.046    23.3317   5.232351     0.2277   302.5000     0.1090 4.8767e+01     2.4937    199.032    35.7471    24.4059    197.806     32.861    23.3249          4 0.0000e+00
    915.375     32.763    23.4546   5.244180     0.2203   267.5000     0.1099 4.9579e+01     2.5006    199.055    35.7385    24.3635    198.092     32.579    23.4478          4 0.0000e+00
    916.375     32.367    23.6057   5.259186     0.2259   287.5000     0.1102 5.4049e+01     2.5082    199.390    35.7314    24.3138    198.360     32.185    23.5989          4 0.0000e+00
    917.375     31.892    23.7674   5.274389     0.2185   232.5000     0.1103 5.5331e+01     2.5159    199.745    35.7173    24.2554    198.576     31.712    23.7607          4 0.0000e+00
    918.375     31.598    23.8970   5.286967     0.2075   295.0000     0.1167 5.6238e+01     2.5254    200.166    35.7089    24.2107    200.152     31.421    23.8904          4 0.0000e+00
    919.375     31.433    23.9497   5.290562     0.2130   287.5000     0.1183 5.6168e+01     2.5512    200.537    35.6940    24.1838    203.155     31.256    23.9431          4 0.0000e+00
    920.375     30.983    23.9998   5.295516     0.2277   257.5000     0.1137 6.0335e+01     2.5724    200.974    35.6915    24.1670    204.627     30.809    23.9933          4 0.0000e+00
    921.375     30.416    24.1409   5.310420     0.2148   275.0000     0.1170 6.1535e+01     2.5904    201.406    35.6915    24.1250    205.356     30.245    24.1345          4 0.0000e+00
    922.375     29.870    24.3412   5.327643     0.2222   252.5000     0.1164 6.2018e+01     2.6037    201.568    35.6619    24.0426    205.635     29.702    24.3348          4 0.0000e+00
    923.375     29.035    24.9825   5.398209     0.2001   252.5000     0.1184 6.7591e+01     2.6143    200.890    35.6813    23.8634    203.912     28.872    24.9762          4 0.0000e+00
    924.250     28.527    25.4537   5.440740     0.1934   280.0000     0.1207 7.4776e+01     2.6204    201.960    35.6259    23.6772    202.441     28.367    25.4474          3 0.0000e+00
    926.625     28.334    26.1001   5.502117     0.1726   250.0000     0.1213 7.6149e+01     2.6265    203.896    35.5717    23.4354    200.911     28.176    26.0938          2 0.0000e+00
    927.375     27.719    26.1768   5.508961     0.1855   205.0000     0.1208 7.6946e+01     2.6304    204.183    35.5622    23.4041    200.744     27.564    26.1705          4 0.0000e+00
    928.125     27.316    26.2396   5.514587     0.1726   215.0000     0.1225 8.5733e+01     2.6307    204.531    35.5546    23.3787    200.140     27.163    26.2334          2 0.0000e+00
    930.500     26.972    26.4242   5.531816     0.1592   246.6667     0.1464 8.3381e+01     2.6264    203.821    35.5370    23.3073    199.470     26.821    26.4181          3 0.0000e+00
    931.375     26.148    26.5143   5.540988     0.1579   232.5000     0.1219 9.2927e+01     2.6282    203.741    35.5340    23.2765    199.248     26.002    26.5084          4 0.0000e+00
    932.125     25.740    26.5831   5.547484     0.1616   195.0000     0.1164 9.8889e+01     2.6289    204.107    35.5281    23.2503    199.043     25.596    26.5772          2 0.0000e+00
    934.500     25.469    26.6562   5.553465     0.1200   263.3333     0.1193 1.1082e+02     2.6368    202.692    35.5152    23.2173    199.360     25.326    26.6504          3 0.0000e+00
    935.375     24.697    26.6619   5.554002     0.1414   232.5000     0.1224 1.1171e+02     2.6327    202.780    35.5148    23.2152    198.099     24.558    26.6563          4 0.0000e+00
    936.250     24.352    26.7213   5.558388     0.1396   233.3333     0.1136 1.1655e+02     2.6183    203.316    35.5009    23.1858    196.112     24.216    26.7157          3 0.0000e+00
    937.375     24.201    26.8899   5.574652     0.1139   227.5000     0.1122 1.2203e+02     2.6037    202.799    35.4886    23.1228    194.449     24.066    26.8843          4 0.0000e+00
    938.375     23.442    27.1232   5.597278     0.1102   232.5000     0.1083 1.3096e+02     2.5925    202.531    35.4725    23.0360    192.621     23.310    27.1178          4 0.0000e+00
    939.375     22.915    27.4170   5.623795     0.1139   212.5000     0.1055 1.3396e+02     2.5780    202.248    35.4381    22.9154    190.322     22.786    27.4117          4 0.0000e+00
    940.625     22.833    27.6737   5.644895     0.0771   265.0000     0.1012 1.3605e+02     2.5673    199.830    35.3933    22.7986    188.839     22.704    27.6683          2 0.0000e+00
    941.375     22.542    27.7875   5.658696     0.0900   200.0000     0.0991 1.4483e+02     2.5581    197.519    35.4049    22.7703    187.519     22.416    27.7822          4 0.0000e+00
    942.375     22.083    27.9540   5.674141     0.0790   250.0000     0.0925 1.4354e+02     2.5488    195.387    35.3884    22.7035    186.405     21.959    27.9488          4 0.0000e+00
    943.375     21.875    28.1053   5.689838     0.0716   197.5000     0.0902 1.4698e+02     2.5447    193.923    35.3851    22.6514    186.154     21.753    28.1001          4 0.0000e+00
    944.375     21.563    28.2207   5.698154     0.0551   192.5000     0.0844 1.6533e+02     2.5485    192.282    35.3568    22.5923    186.230     21.442    28.2156          4 0.0000e+00
    945.375     20.938    28.3691   5.711588     1.2560   197.5000     0.0835 1.6483e+02     2.5458    190.879    35.3399    22.5306    185.189     20.821    28.3641          4 0.0000e+00
    946.375     20.433    28.4192   5.713349     0.0441   150.0000     0.0803 1.7507e+02     2.5445    189.859    35.3150    22.4954    185.220     20.319    28.4143          4 0.0000e+00
    947.375     19.970    28.4086   5.709113     0.0569   157.5000     0.0828 1.9074e+02     2.5467    188.908    35.2935    22.4826    185.557     19.858    28.4039          4 0.0000e+00
    948.375     19.341    28.4076   5.704434     0.0441   130.0000     0.0817 1.7698e+02     2.5473    188.839    35.2618    22.4591    185.377     19.233    28.4030          4 0.0000e+00
    949.375     18.946    28.4607   5.709386     0.0496   130.0000     0.0810 1.9577e+02     2.5446    189.690    35.2568    22.4378    185.074     18.841    28.4562          4 0.0000e+00
    950.375     18.578    28.4976   5.711586     0.0496   117.5000     0.0824 2.0142e+02     2.5473    189.360    35.2449    22.4166    185.315     18.474    28.4932          4 0.0000e+00
    951.375     17.892    28.5771   5.716870     0.0459   137.5000     0.0810 2.2222e+02     2.5466    188.720    35.2228    22.3736    184.614     17.792    28.5728          4 0.0000e+00
    952.250     17.543    28.6590   5.721346     0.0392    96.6667     0.0810 2.1847e+02     2.5410    188.914    35.1932    22.3242    183.632     17.445    28.6548          3 0.0000e+00
    953.375     17.419    28.7299   5.724515     0.0367   192.5000     0.0814 1.9993e+02     2.5349    188.839    35.1627    22.2777    183.168     17.322    28.7258          4 0.0000e+00
    954.375     16.744    28.8122   5.732516     0.0386   150.0000     0.0823 2.5009e+02     2.5332    188.148    35.1575    22.2464    182.904     16.651    28.8081          4 0.0000e+00
    955.375     16.060    28.9269   5.744118     0.0404   160.0000     0.0824 2.8733e+02     2.5326    188.114    35.1533    22.2049    182.538     15.971    28.9230          4 0.0000e+00
    956.375     15.940    29.0389   5.756476     0.0367   105.0000     0.0796 2.2484e+02     2.5322    187.767    35.1560    22.1694    182.003     15.851    29.0350          2 0.0000e+00
