cruises/P45_06/L2/CTD/CTD_1s/P45_06_CTD_11_1s.cnv
* Sea-Bird SBE19plus  Data File:
* FileName = C:\Users\OA_2023-03\Desktop\Bathymetry\ctd_casts\S2_18_04_26001.hex
* Software version 2.3.0 SB_Terminal.dll
* Temperature SN = 8460
* Conductivity SN = 8460
* System UpLoad Time = Apr 18 2026 16:37:44
* <ApplicationData>
* <SeatermAF>
** cast at s3
# nquan = 17
# nvalues = 626                         
# units = specified
# name 0 = timeS: Time, Elapsed [seconds]
# name 1 = prdM: Pressure, Strain Gauge [db]
# name 2 = tv290C: Temperature [ITS-90, deg C]
# name 3 = c0S/m: Conductivity [S/m]
# name 4 = flECO-AFL: Fluorescence, WET Labs ECO-AFL/FL [mg/m^3]
# name 5 = flECO-AFL1: Fluorescence, WET Labs ECO-AFL/FL, 2 [mg/m^3]
# name 6 = CStarAt0: Beam Attenuation, WET Labs C-Star [1/m]
# name 7 = par/sat/log: PAR/Logarithmic, Satlantic [umol photons/m^2/sec]
# name 8 = sbeox0V: Oxygen raw, SBE 43 [V]
# name 9 = sbeox0Mm/L: Oxygen, SBE 43 [umol/l]
# name 10 = sal00: Salinity, Practical [PSU]
# name 11 = sigma-é00: Density [sigma-theta, kg/m^3]
# name 12 = sbox0Mm/Kg: Oxygen, SBE 43 [umol/kg], WS = 2
# name 13 = depSM: Depth [salt water, m], lat = 5.51
# name 14 = potemp090C: Potential Temperature [ITS-90, deg C]
# name 15 = nbin: number of scans per bin
# name 16 = flag: flag
# span 0 =    286.375,   1167.250       
# span 1 =     -0.085,    198.850       
# span 2 =    14.0833,    29.9335       
# span 3 =   0.065937,   5.886972       
# span 4 =    -0.0318,     0.8410       
# span 5 =  -330.0000,  1080.0000       
# span 6 =     0.0150,    13.9737       
# span 7 = 1.1794e-01, 1.9259e+03       
# span 8 =     1.0333,     2.7035       
# span 9 =     63.669,    212.641       
# span 10 =     0.2937,    35.8934      
# span 11 =    -3.9554,    26.4877      
# span 12 =     62.179,    208.750      
# span 13 =     -0.085,    197.653      
# span 14 =    14.0544,    29.9334      
# span 15 =          2,          4      
# span 16 = 0.0000e+00, 0.0000e+00      
# interval = seconds: 1                 
# start_time = Apr 18 2026 13:32:54 [Instrument's time stamp, header]
# bad_flag = -9.990e-29
*END*
[from data line 256]
    624.625    171.423    15.4890   4.411719    -0.0110   100.0000     0.0170 1.1805e-01     1.2118     83.766    35.5793    26.3156     81.262    170.402    15.4624          2 0.0000e+00
    625.375    172.064    15.4800   4.410526    -0.0018   -30.0000     0.0172 1.1812e-01     1.2102     83.840    35.5764    26.3155     80.968    171.039    15.4533          4 0.0000e+00
    626.375    172.840    15.4700   4.409385    -0.0018    52.5000     0.0166 1.1805e-01     1.2085     83.847    35.5748    26.3165     80.660    171.810    15.4432          4 0.0000e+00
    628.375    173.334    15.4583   4.408185    -0.0147    40.0000     0.0174 1.1807e-01     1.2037     83.444    35.5743    26.3188     80.166    172.301    15.4314          4 0.0000e+00
    629.375    174.118    15.4383   4.405656    -0.0183    82.5000     0.0166 1.1809e-01     1.2006     83.496    35.5692    26.3194     79.499    173.080    15.4113          4 0.0000e+00
    630.250    174.797    15.4242   4.404104     0.0122    13.3333     0.0191 1.1812e-01     1.1966     83.512    35.5677    26.3214     79.020    173.755    15.3971          3 0.0000e+00
    632.375    175.462    15.3820   4.399289    -0.0092    80.0000     0.0176 1.1810e-01     1.1880     82.560    35.5620    26.3265     78.117    174.416    15.3549          4 0.0000e+00
    633.375    176.285    15.3389   4.394264    -0.0165    87.5000     0.0167 1.1809e-01     1.1845     82.483    35.5553    26.3310     78.012    175.233    15.3117          4 0.0000e+00
    634.375    176.768    15.3113   4.391665 -8.674e-19   -37.5000     0.0174 1.1809e-01     1.1825     82.154    35.5564    26.3380     77.870    175.713    15.2841          4 0.0000e+00
    635.375    177.458    15.2613   4.385402     0.0073    62.5000     0.0170 1.1803e-01     1.1792     81.386    35.5446    26.3401     77.182    176.399    15.2340          4 0.0000e+00
    636.250    178.093    15.2439   4.383993    -0.0098   113.3333     0.0173 1.1809e-01     1.1744     80.933    35.5474    26.3461     76.632    177.030    15.2165          3 0.0000e+00
    638.375    178.486    15.2129   4.380991    -0.0073    75.0000     0.0168 1.1811e-01     1.1684     80.031    35.5480    26.3535     76.543    177.420    15.1855          4 0.0000e+00
    639.375    179.264    15.1485   4.372436    -0.0092   135.0000     0.0171 1.1804e-01     1.1675     80.131    35.5284    26.3526     76.687    178.193    15.1211          4 0.0000e+00
    640.375    179.997    15.1263   4.370728     0.0019    82.5000     0.0168 1.1804e-01     1.1660     79.845    35.5326    26.3609     76.418    178.922    15.0988          4 0.0000e+00
    642.500    180.481    15.1214   4.370263    -0.0073   133.3333     0.0167 1.1809e-01     1.1633     78.496    35.5326    26.3620     76.051    179.402    15.0938          3 0.0000e+00
    643.375    181.131    15.1158   4.369579    -0.0147     0.0000     0.0165 1.1812e-01     1.1606     78.540    35.5313    26.3622     75.269    180.048    15.0881          4 0.0000e+00
    644.375    181.899    15.1115   4.369185     0.0055    72.5000     0.0170 1.1807e-01     1.1550     78.649    35.5312    26.3631     74.367    180.812    15.0838          4 0.0000e+00
    646.500    182.275    15.0895   4.367145     0.0147    73.3333     0.0163 1.1811e-01     1.1477     78.271    35.5325    26.3690     74.331    181.185    15.0617          3 0.0000e+00
    647.375    183.179    15.0120   4.357000    -0.0110    30.0000     0.0178 1.1812e-01     1.1463     78.370    35.5100    26.3688     74.337    182.083    14.9841          4 0.0000e+00
    648.250    184.072    14.9514   4.350373     0.0098    60.0000     0.0178 1.1810e-01     1.1452     78.174    35.5042    26.3777     74.347    182.970    14.9235          3 0.0000e+00
    651.375    184.720    14.9090   4.345787     0.0018   157.5000     0.0174 1.1807e-01     1.1410     76.183    35.5005    26.3842     73.797    183.614    14.8810          4 0.0000e+00
    652.250    185.206    14.8784   4.342654     0.0098   200.0000     0.0172 1.1810e-01     1.1394     76.430    35.4996    26.3902     73.511    184.097    14.8504          3 0.0000e+00
    653.500    185.462    14.8631   4.341358 2.3130e-18    60.0000     0.0183 1.1810e-01     1.1356     76.374    35.5015    26.3950     73.149    184.351    14.8351          3 0.0000e+00
    654.375    186.045    14.8081   4.334852    -0.0110    52.5000     0.0188 1.1812e-01     1.1342     76.344    35.4918    26.3996     73.156    184.931    14.7801          4 0.0000e+00
    655.375    186.829    14.7588   4.329597     0.0018   115.0000     0.0210 1.1811e-01     1.1323     76.263    35.4883    26.4076     72.855    185.710    14.7307          4 0.0000e+00
    657.375    187.419    14.7220   4.325683    -0.0037   177.5000     0.0243 1.1807e-01     1.1261     75.813    35.4856    26.4136     72.066    186.296    14.6939          4 0.0000e+00
    658.375    188.259    14.7054   4.323693    -0.0128   107.5000     0.0242 1.1812e-01     1.1233     75.279    35.4821    26.4146     71.938    187.130    14.6771          4 0.0000e+00
    659.375    189.048    14.6971   4.322834    -0.0092    15.0000     0.0258 1.1803e-01     1.1215     75.162    35.4815    26.4158     71.660    187.914    14.6688          4 0.0000e+00
    661.625    189.509    14.6875   4.321700    -0.0037   145.0000     0.0250 1.1813e-01     1.1140     74.429    35.4797    26.4166     71.057    188.373    14.6591          2 0.0000e+00
    662.375    190.126    14.6824   4.320958     0.0092   145.0000     0.0255 1.1811e-01     1.1134     74.026    35.4772    26.4158     70.746    188.985    14.6540          4 0.0000e+00
    663.250    190.916    14.6764   4.320454    -0.0147    60.0000     0.0262 1.1812e-01     1.1097     73.733    35.4777    26.4175     69.398    189.770    14.6478          3 0.0000e+00
    666.375    191.264    14.6530   4.318212     0.0055    62.5000     0.0252 1.1812e-01     1.0853     72.416    35.4783    26.4231     66.885    190.116    14.6244          4 0.0000e+00
    667.375    192.002    14.5595   4.306205    -0.0037   142.5000     0.0259 1.1814e-01     1.0804     72.879    35.4529    26.4237     66.450    190.849    14.5308          4 0.0000e+00
    668.375    192.606    14.5158   4.302141     0.0018    75.0000     0.0238 1.1816e-01     1.0754     72.310    35.4551    26.4349     65.885    191.449    14.4872          4 0.0000e+00
    669.375    192.863    14.5016   4.301079     0.0055    95.0000     0.0204 1.1816e-01     1.0704     70.072    35.4581    26.4403     65.398    191.705    14.4730          4 0.0000e+00
    670.375    193.481    14.4658   4.296620    -0.0129   110.0000     0.0202 1.1812e-01     1.0662     68.627    35.4494    26.4413     65.126    192.318    14.4371          4 0.0000e+00
    671.375    194.256    14.4328   4.293148     0.0019   115.0000     0.0190 1.1814e-01     1.0630     68.575    35.4472    26.4467     64.840    193.088    14.4040          4 0.0000e+00
    672.375    194.970    14.3902   4.287930     0.0037   145.0000     0.0181 1.1807e-01     1.0588     68.440    35.4377    26.4485     64.203    193.798    14.3614          4 0.0000e+00
    673.375    195.310    14.3689   4.285801     0.0092    75.0000     0.0187 1.1807e-01     1.0543     67.866    35.4374    26.4529     63.752    194.135    14.3401          4 0.0000e+00
    674.375    195.637    14.3549   4.284502     0.0055   130.0000     0.0191 1.1811e-01     1.0508     67.254    35.4380    26.4564     63.473    194.461    14.3260          4 0.0000e+00
    675.375    196.397    14.3106   4.279042    -0.0037    62.5000     0.0187 1.1814e-01     1.0472     66.867    35.4277    26.4579     63.073    195.216    14.2817          4 0.0000e+00
    676.375    197.060    14.2735   4.275282     0.0110   135.0000     0.0187 1.1810e-01     1.0434     66.733    35.4266    26.4650     62.702    195.875    14.2445          4 0.0000e+00
    677.375    197.330    14.2295   4.270009     0.0055    95.0000     0.0184 1.1809e-01     1.0401     66.318    35.4178    26.4675     62.477    196.143    14.2006          4 0.0000e+00
    678.375    197.525    14.2065   4.267938     0.0055    40.0000     0.0187 1.1812e-01     1.0378     65.606    35.4197    26.4739     62.415    196.336    14.1776          4 0.0000e+00
    679.375    198.021    14.1627   4.262975     0.0018   -25.0000     0.0181 1.1810e-01     1.0357     65.281    35.4135    26.4784     62.267    196.830    14.1338          4 0.0000e+00
    680.375    198.522    14.1269   4.259005     0.0000    55.0000     0.0180 1.1804e-01     1.0341     65.014    35.4093    26.4828     62.179    197.326    14.0979          4 0.0000e+00
    683.375    198.850    14.0910   4.254881    -0.0018   157.5000     0.0180 1.1805e-01     1.0333     64.029    35.4038    26.4862     62.868    197.653    14.0620          4 0.0000e+00
    685.375    198.476    14.0833   4.254105    -0.0037    55.0000     0.0183 1.1809e-01     1.0398     63.834    35.4037    26.4877     64.142    197.281    14.0544          4 0.0000e+00
    686.375    197.654    14.1109   4.257132     0.0055   130.0000     0.0184 1.1809e-01     1.0441     63.669    35.4069    26.4843     64.641    196.465    14.0821          4 0.0000e+00
    687.375    197.324    14.1624   4.263439    -0.0147   130.0000     0.0190 1.1807e-01     1.0477     63.760    35.4185    26.4823     64.874    196.136    14.1335          4 0.0000e+00
    688.375    196.775    14.2097   4.268203     0.0018   125.0000     0.0192 1.1808e-01     1.0512     64.081    35.4194    26.4730     65.221    195.592    14.1809          4 0.0000e+00
    689.375    196.041    14.2627   4.274193     0.0037    12.5000     0.0188 1.1807e-01     1.0544     64.638    35.4268    26.4674     65.495    194.862    14.2339          4 0.0000e+00
    690.375    195.685    14.3068   4.278876    -0.0110   157.5000     0.0190 1.1809e-01     1.0576     65.412    35.4299    26.4603     65.871    194.508    14.2780          4 0.0000e+00
    691.375    195.426    14.3364   4.282205     0.0110    95.0000     0.0178 1.1812e-01     1.0615     65.980    35.4338    26.4571     66.485    194.251    14.3076          4 0.0000e+00
    692.375    194.893    14.3509   4.283588     0.0110   112.5000     0.0179 1.1810e-01     1.0662     66.448    35.4335    26.4537     67.023    193.722    14.3221          4 0.0000e+00
    693.375    194.081    14.3821   4.287295     0.0147   115.0000     0.0188 1.1810e-01     1.0702     66.687    35.4396    26.4517     67.608    192.915    14.3534          4 0.0000e+00
    694.375    193.480    14.4137   4.290815     0.0092   172.5000     0.0184 1.1812e-01     1.0768     67.040    35.4435    26.4479     68.930    192.318    14.3851          4 0.0000e+00
    695.375    192.856    14.4432   4.294149     0.0092    75.0000     0.0182 1.1812e-01     1.0854     67.355    35.4475    26.4447     70.157    191.698    14.4147          4 0.0000e+00
    696.375    191.763    14.4815   4.298541    -0.0129    90.0000     0.0179 1.1813e-01     1.0945     67.813    35.4535    26.4410     71.192    190.612    14.4530          4 0.0000e+00
    697.375    190.800    14.5243   4.302969     0.0165    95.0000     0.0202 1.1809e-01     1.1032     68.531    35.4557    26.4335     71.896    189.655    14.4959          4 0.0000e+00
    698.375    190.298    14.5907   4.311083     0.0128   137.5000     0.0215 1.1812e-01     1.1098     68.922    35.4700    26.4301     72.083    189.156    14.5623          4 0.0000e+00
    699.375    189.946    14.6378   4.315914     0.0073    95.0000     0.0234 1.1813e-01     1.1140     69.803    35.4716    26.4212     72.249    188.807    14.6094          4 0.0000e+00
    700.375    189.327    14.6683   4.319226    -0.0055   122.5000     0.0236 1.1812e-01     1.1180     71.383    35.4744    26.4168     72.597    188.192    14.6400          4 0.0000e+00
    701.375    188.382    14.6791   4.320202    -0.0019   110.0000     0.0246 1.1812e-01     1.1214     72.711    35.4740    26.4140     72.776    187.253    14.6509          4 0.0000e+00
    702.125    187.903    14.6862   4.321032     0.0147    90.0000     0.0245 1.1806e-01     1.1231     73.614    35.4753    26.4135     72.846    186.777    14.6580          2 0.0000e+00
    704.375    187.729    14.7016   4.322900     0.0037    60.0000     0.0246 1.1822e-01     1.1271     74.305    35.4785    26.4126     73.403    186.604    14.6735          4 0.0000e+00
    705.375    187.269    14.7042   4.323183     0.0000    87.5000     0.0247 1.1819e-01     1.1305     74.516    35.4789    26.4123     73.942    186.147    14.6761          4 0.0000e+00
    706.375    186.744    14.7065   4.323468     0.0110   130.0000     0.0247 1.1813e-01     1.1336     74.850    35.4797    26.4124     74.247    185.624    14.6785          4 0.0000e+00
    707.375    186.123    14.7142   4.324158     0.0165   115.0000     0.0240 1.1810e-01     1.1365     74.893    35.4792    26.4103     74.505    185.008    14.6863          4 0.0000e+00
    708.375    185.143    14.7509   4.328718     0.0110   125.0000     0.0224 1.1809e-01     1.1391     74.885    35.4880    26.4091     74.778    184.034    14.7230          4 0.0000e+00
    709.375    184.397    14.8002   4.333844     0.0110    72.5000     0.0208 1.1819e-01     1.1422     74.999    35.4905    26.4002     75.218    183.294    14.7724          4 0.0000e+00
    710.375    184.049    14.8563   4.340494     0.0183    85.0000     0.0210 1.1808e-01     1.1463     75.483    35.5004    26.3956     75.850    182.947    14.8285          4 0.0000e+00
    711.375    183.174    14.9033   4.345581     0.0073    60.0000     0.0188 1.1814e-01     1.1516     75.949    35.5046    26.3884     76.473    182.078    14.8756          4 0.0000e+00
    712.375    181.790    14.9539   4.351134    -0.0037    80.0000     0.0166 1.1808e-01     1.1565     76.135    35.5098    26.3814     76.655    180.704    14.9263          4 0.0000e+00
    715.500    180.652    15.1056   4.368012    -0.0122    90.0000     0.0166 1.1810e-01     1.1614     77.266    35.5264    26.3607     76.561    179.573    15.0781          3 0.0000e+00
    716.375    179.438    15.1107   4.368543     0.0018    92.5000     0.0163 1.1815e-01     1.1631     78.028    35.5272    26.3601     76.936    178.366    15.0833          4 0.0000e+00
    719.500    178.706    15.1253   4.370146    -0.0073   206.6667     0.0157 1.1817e-01     1.1743     78.392    35.5288    26.3581     78.581    177.639    15.0980          3 0.0000e+00
    720.375    177.637    15.1475   4.372784     0.0110    95.0000     0.0162 1.1813e-01     1.1778     78.415    35.5330    26.3564     78.881    176.577    15.1204          4 0.0000e+00
    722.375    176.985    15.2300   4.382306     0.0257    82.5000     0.0157 1.1819e-01     1.1867     79.092    35.5452    26.3475     80.097    175.929    15.2028          4 0.0000e+00
    723.375    176.095    15.2447   4.383484    -0.0165   130.0000     0.0154 1.1816e-01     1.1926     79.597    35.5428    26.3424     80.635    175.044    15.2176          4 0.0000e+00
    724.250    175.311    15.2777   4.387636    -0.0024    86.6667     0.0156 1.1820e-01     1.1959     80.124    35.5509    26.3412     80.781    174.265    15.2507          3 0.0000e+00
    725.500    175.011    15.3506   4.396019    -0.0074   126.6667     0.0152 1.1816e-01     1.2007     80.694    35.5611    26.3328     81.140    173.968    15.3236          3 0.0000e+00
    726.375    174.170    15.3906   4.400355     0.0128   117.5000     0.0154 1.1815e-01     1.2035     81.041    35.5644    26.3264     81.270    173.132    15.3637          4 0.0000e+00
    727.250    173.163    15.4159   4.402997     0.0122   100.0000     0.0151 1.1816e-01     1.2059     81.572    35.5658    26.3218     81.494    172.131    15.3891          3 0.0000e+00
