cruises/P45_06/L2/CTD/CTD_1s/P45_06_CTD_07_1s.cnv
* Sea-Bird SBE19plus  Data File:
* FileName = C:\Users\OA_2023-03\Desktop\Bathymetry\ctd_casts\J1_17_04_2026003.hex
* Software version 2.3.0 SB_Terminal.dll
* Temperature SN = 8460
* Conductivity SN = 8460
* System UpLoad Time = Apr 17 2026 12:58:15
* <ApplicationData>
* <SeatermAF>
# nquan = 17
# nvalues = 147                         
# units = specified
# name 0 = timeS: Time, Elapsed [seconds]
# name 1 = prdM: Pressure, Strain Gauge [db]
# name 2 = tv290C: Temperature [ITS-90, deg C]
# name 3 = c0S/m: Conductivity [S/m]
# name 4 = flECO-AFL: Fluorescence, WET Labs ECO-AFL/FL [mg/m^3]
# name 5 = flECO-AFL1: Fluorescence, WET Labs ECO-AFL/FL, 2 [mg/m^3]
# name 6 = CStarAt0: Beam Attenuation, WET Labs C-Star [1/m]
# name 7 = par/sat/log: PAR/Logarithmic, Satlantic [umol photons/m^2/sec]
# name 8 = sbeox0V: Oxygen raw, SBE 43 [V]
# name 9 = sbeox0Mm/L: Oxygen, SBE 43 [umol/l]
# name 10 = sal00: Salinity, Practical [PSU]
# name 11 = sigma-é00: Density [sigma-theta, kg/m^3]
# name 12 = sbox0Mm/Kg: Oxygen, SBE 43 [umol/kg], WS = 2
# name 13 = depSM: Depth [salt water, m], lat = 5.51
# name 14 = potemp090C: Potential Temperature [ITS-90, deg C]
# name 15 = nbin: number of scans per bin
# name 16 = flag: flag
# span 0 =    671.375,    976.125       
# span 1 =     -0.053,     49.399       
# span 2 =    20.3099,    29.7390       
# span 3 =   0.111805,   5.854278       
# span 4 =    -0.0441,     1.2064       
# span 5 =  -175.0000,  2900.0000       
# span 6 =     0.0743,    11.9557       
# span 7 = 2.0131e+01, 2.0911e+03       
# span 8 =     1.7497,     2.7100       
# span 9 =    133.215,    212.987       
# span 10 =     0.5032,    35.7799      
# span 11 =    -3.8767,    25.2741      
# span 12 =    129.827,    212.677      
# span 13 =     -0.053,     49.120      
# span 14 =    20.3007,    29.7389      
# span 15 =          2,          4      
# span 16 = 0.0000e+00, 0.0000e+00      
# interval = seconds: 1                 
# start_time = Apr 17 2026 12:04:27 [Instrument's time stamp, header]
# bad_flag = -9.990e-29
*END*
[from data line 86]
    829.375     39.038    20.8308   4.971481     0.9089  1140.0000     0.1582 7.0141e+01     2.0095    142.312    35.7533    25.1157    159.700     38.819    20.8234          4 0.0000e+00
    830.375     38.565    20.9732   4.986072     0.9273  1107.5000     0.1504 6.6905e+01     2.0318    144.158    35.7517    25.0757    159.949     38.347    20.9658          4 0.0000e+00
    831.375     38.035    21.2744   5.019539     0.9548  1142.5000     0.1519 7.6046e+01     2.0464    146.638    35.7686    25.0059    160.601     37.820    21.2670          4 0.0000e+00
    832.375     37.388    21.4836   5.039037     1.0338  1215.0000     0.1602 8.4409e+01     2.0718    151.559    35.7502    24.9342    164.622     37.178    21.4763          4 0.0000e+00
    833.375     36.934    21.5593   5.045296     1.0999  1330.0000     0.1690 8.3850e+01     2.1136    159.535    35.7373    24.9033    169.153     36.726    21.5522          4 0.0000e+00
    834.375     36.344    21.6255   5.052344     1.0228  1240.0000     0.1795 8.7553e+01     2.1476    163.582    35.7386    24.8859    171.618     36.139    21.6184          4 0.0000e+00
    835.375     35.569    21.6949   5.058239     1.0999  1322.5000     0.1910 9.6481e+01     2.1784    163.369    35.7281    24.8586    174.514     35.369    21.6879          4 0.0000e+00
    836.375     34.662    21.9149   5.081752     1.1881  1510.0000     0.1997 1.0930e+02     2.2107    162.807    35.7325    24.8003    178.398     34.468    21.9081          4 0.0000e+00
    837.375     33.959    22.2148   5.112000     1.1330  1377.5000     0.2030 1.1397e+02     2.2667    164.623    35.7238    24.7092    186.276     33.768    22.2080          4 0.0000e+00
    838.375     33.321    22.4729   5.135366     1.2064  1457.5000     0.2160 1.2592e+02     2.3444    170.139    35.6951    24.6142    193.468     33.133    22.4662          4 0.0000e+00
    839.375     32.508    22.7361   5.161435     1.1018  1425.0000     0.2226 1.3988e+02     2.4086    173.219    35.6834    24.5299    197.844     32.326    22.7295          4 0.0000e+00
    840.375     31.952    23.0065   5.187819     1.0614  1370.0000     0.2137 1.5032e+02     2.4685    174.739    35.6680    24.4404    202.072     31.773    23.0000          4 0.0000e+00
    841.375     31.442    23.4420   5.233802     0.7327   940.0000     0.1748 1.4830e+02     2.5171    176.836    35.6694    24.3146    202.221     31.265    23.4355          4 0.0000e+00
    842.375     30.731    23.7718   5.267003     0.4389   587.5000     0.1527 1.6387e+02     2.5239    182.330    35.6578    24.2090    198.017     30.559    23.7654          4 0.0000e+00
    843.375     30.148    23.9375   5.283694     0.3874   372.5000     0.1355 1.7070e+02     2.5126    192.430    35.6520    24.1555    196.290     29.979    23.9312          4 0.0000e+00
    844.375     29.458    24.1123   5.303361     0.2589   330.0000     0.1334 1.8618e+02     2.5138    198.521    35.6614    24.1106    196.579     29.292    24.1060          4 0.0000e+00
    845.375     28.674    24.2590   5.316680     0.2203   330.0000     0.1351 1.9221e+02     2.5168    202.884    35.6451    24.0544    196.833     28.513    24.2529          4 0.0000e+00
    846.375     28.321    24.3905   5.327383     0.2277   287.5000     0.1364 1.8018e+02     2.5295    206.537    35.6212    23.9970    198.934     28.162    24.3845          4 0.0000e+00
    847.375     28.169    24.4449   5.330748     0.2167   280.0000     0.1355 2.0290e+02     2.5537    204.022    35.6032    23.9670    202.306     28.010    24.4389          4 0.0000e+00
    848.375     27.252    24.5509   5.341252     0.2148   280.0000     0.1346 2.3135e+02     2.5925    199.023    35.5982    23.9313    207.732     27.099    24.5451          4 0.0000e+00
    849.375     26.154    24.7058   5.355519     0.2130   312.5000     0.1309 2.2259e+02     2.6512    198.630    35.5828    23.8728    212.677     26.008    24.7002          4 0.0000e+00
    851.375     25.708    25.0298   5.387871     0.1781   252.5000     0.1253 2.3763e+02     2.7031    200.152    35.5684    23.7635    212.665     25.563    25.0242          4 0.0000e+00
    852.375     24.541    25.3020   5.412439     0.1671   207.5000     0.1154 2.8483e+02     2.7100    203.298    35.5370    23.6563    211.467     24.403    25.2966          4 0.0000e+00
    853.125     23.698    25.9167   5.481012     0.1543   210.0000     0.1026 3.0160e+02     2.7098    204.888    35.5616    23.4847    208.533     23.566    25.9113          2 0.0000e+00
    855.500     23.268    26.8719   5.565442     0.1200   153.3333     0.0930 3.2255e+02     2.7089    212.927    35.4366    23.0893    205.994     23.138    26.8666          3 0.0000e+00
    856.375     22.266    26.9645   5.574858     0.1010   172.5000     0.0878 3.3949e+02     2.7096    211.802    35.4337    23.0574    204.379     22.141    26.9594          4 0.0000e+00
    859.375     21.071    27.2265   5.598757     0.0845   130.0000     0.0817 3.1361e+02     2.6772    208.135    35.4052    22.9519    201.398     20.953    27.2216          4 0.0000e+00
    860.375     19.838    27.5751   5.632986     0.0661    90.0000     0.0788 4.2044e+02     2.6752    207.938    35.3845    22.8237    199.358     19.727    27.5704          4 0.0000e+00
    863.375     18.504    27.9251   5.655834     0.0478   157.5000     0.0815 4.1417e+02     2.6599    201.871    35.2825    22.6330    197.117     18.401    27.9207          4 0.0000e+00
    864.125     17.757    28.1647   5.681283     0.0441    -5.0000     0.0812 3.9554e+02     2.6570    202.183    35.2819    22.5540    195.676     17.658    28.1605          2 0.0000e+00
    866.375     17.183    28.5730   5.723301     0.0441   117.5000     0.0786 4.2898e+02     2.6481    199.697    35.2707    22.4109    194.138     17.087    28.5689          4 0.0000e+00
    867.375     16.000    28.7142   5.739999     0.0423    82.5000     0.0786 4.5597e+02     2.6457    198.656    35.2821    22.3725    192.991     15.911    28.7103          4 0.0000e+00
    870.375     14.985    28.9921   5.771871     0.0386   135.0000     0.0757 5.6636e+02     2.6390    196.218    35.2968    22.2908    191.627     14.901    28.9885          4 0.0000e+00
    871.375     14.274    29.0898   5.783757     0.0441   -32.5000     0.0776 4.8295e+02     2.6359    196.448    35.3067    22.2655    191.021     14.195    29.0864          4 0.0000e+00
    872.375     14.123    29.1355   5.788487     0.0386    40.0000     0.0782 4.6714e+02     2.6352    196.256    35.3056    22.2493    191.055     14.044    29.1321          4 0.0000e+00
    873.375     13.413    29.1615   5.791791     0.0294    25.0000     0.0794 5.2213e+02     2.6382    195.180    35.3093    22.2433    191.245     13.339    29.1582          4 0.0000e+00
    874.375     12.438    29.1973   5.795740     0.0349    55.0000     0.0807 7.0974e+02     2.6378    195.245    35.3103    22.2320    190.750     12.368    29.1943          4 0.0000e+00
    876.500     11.948    29.2643   5.802760     0.0294    -3.3333     0.0896 8.1263e+02     2.6364    194.577    35.3093    22.2086    190.823     11.881    29.2614          3 0.0000e+00
    877.375     11.007    29.2869   5.806003     0.0404    87.5000     0.0809 5.2818e+02     2.6375    194.482    35.3152    22.2053    190.540     10.946    29.2842          4 0.0000e+00
    878.375     10.100    29.3168   5.809220     0.0349    52.5000     0.0820 7.8087e+02     2.6346    194.899    35.3154    22.1954    190.054     10.044    29.3144          4 0.0000e+00
    879.625      9.912    29.3432   5.812152     0.0404    15.0000     0.0830 6.2860e+02     2.6349    194.617    35.3162    22.1871    190.242      9.857    29.3408          2 0.0000e+00
    880.375      9.479    29.3489   5.812458     0.0349    82.5000     0.0844 7.3694e+02     2.6354    194.010    35.3142    22.1836    190.226      9.426    29.3466          4 0.0000e+00
    881.375      8.537    29.3657   5.814671     0.0294     0.0000     0.0856 7.4222e+02     2.6353    194.231    35.3173    22.1802    189.974      8.490    29.3636          4 0.0000e+00
    882.375      8.002    29.3795   5.816106     0.0294    40.0000     0.0870 7.7220e+02     2.6330    194.666    35.3171    22.1753    189.581      7.957    29.3775          4 0.0000e+00
    883.375      7.683    29.3799   5.815765     0.0331    75.0000     0.0853 8.9234e+02     2.6297    194.111    35.3145    22.1733    189.361      7.640    29.3780          4 0.0000e+00
    884.375      7.024    29.3915   5.817444     0.0331    17.5000     0.0844 8.9212e+02     2.6286    193.929    35.3177    22.1717    189.221      6.985    29.3898          4 0.0000e+00
    885.375      6.207    29.4078   5.819245     0.0312    12.5000     0.0826 8.0330e+02     2.6264    194.176    35.3182    22.1665    188.989      6.172    29.4063          4 0.0000e+00
    886.375      5.680    29.4340   5.822333     0.0331   -30.0000     0.0813 1.0977e+03     2.6258    194.085    35.3203    22.1592    188.707      5.649    29.4326          4 0.0000e+00
    887.375      5.305    29.4627   5.825261     0.0257    25.0000     0.0834 1.1788e+03     2.6199    193.619    35.3193    22.1487    187.652      5.276    29.4614          4 0.0000e+00
    888.375      4.734    29.5107   5.830873     0.0202    12.5000     0.0861 1.0666e+03     2.6098    193.016    35.3225    22.1348    187.002      4.707    29.5096          4 0.0000e+00
    889.375      3.933    29.5466   5.834621     0.0239    32.5000     0.0815 1.2482e+03     2.6149    192.845    35.3220    22.1222    188.151      3.911    29.5456          4 0.0000e+00
    890.125      3.425    29.5785   5.837822     0.0257    20.0000     0.0786 1.9228e+03     2.6227    192.663    35.3205    22.1103    188.495      3.406    29.5777          2 0.0000e+00
    901.125      3.123    29.6510   5.846392     0.0147  -145.0000     0.0797 1.0032e+03     2.6083    190.637    35.3259    22.0896    186.558      3.105    29.6503          2 0.0000e+00
    918.125      3.047    29.6460   5.846083     0.0257  -175.0000     0.0765 6.1326e+02     2.6047    189.780    35.3275    22.0925    185.939      3.030    29.6452          2 0.0000e+00
    921.375      2.433    29.6555   5.847041     0.0239  -105.0000     0.0768 1.1959e+03     2.5856    189.659    35.3273    22.0892    183.606      2.420    29.6549          4 0.0000e+00
    922.250      1.921    29.6857   5.850737     0.0171   -23.3333     0.0772 9.5221e+02     2.5722    190.302    35.3304    22.0812    181.764      1.911    29.6852          3 0.0000e+00
    924.375      1.357    29.7087   5.852640     0.0312  -105.0000     0.0783 1.5328e+03     2.5656    188.275    35.3267    22.0705    183.397      1.349    29.7084          4 0.0000e+00
    925.250      0.465    29.7174   5.853735     0.0196   -56.6667     0.7684 1.9453e+03     2.5690    188.050    35.3280    22.0685    182.104      0.463    29.7173          3 0.0000e+00
    934.500      0.179    29.7390   5.854278     0.0220   273.3333     2.7776 2.0911e+03     2.2617    188.482    35.3160    22.0521    153.237      0.178    29.7389          3 0.0000e+00
    962.375     -0.033    29.6503   3.385324     0.4775  2900.0000     9.3930 1.7899e+03     2.1517    168.787    20.0059    10.6704    161.069     -0.033    29.6503          2 0.0000e+00
    976.125     -0.053    29.6783   0.111805    -0.0441  -105.0000    11.9557 8.6835e+02     2.1646    181.158     0.5032    -3.8767    182.576     -0.053    29.6783          2 0.0000e+00
