cruises/P45_06/L2/CTD/CTD_1s/P45_06_CTD_11_1s.cnv
* Sea-Bird SBE19plus  Data File:
* FileName = C:\Users\OA_2023-03\Desktop\Bathymetry\ctd_casts\S2_18_04_26001.hex
* Software version 2.3.0 SB_Terminal.dll
* Temperature SN = 8460
* Conductivity SN = 8460
* System UpLoad Time = Apr 18 2026 16:37:44
* <ApplicationData>
* <SeatermAF>
** cast at s3
# nquan = 17
# nvalues = 626                         
# units = specified
# name 0 = timeS: Time, Elapsed [seconds]
# name 1 = prdM: Pressure, Strain Gauge [db]
# name 2 = tv290C: Temperature [ITS-90, deg C]
# name 3 = c0S/m: Conductivity [S/m]
# name 4 = flECO-AFL: Fluorescence, WET Labs ECO-AFL/FL [mg/m^3]
# name 5 = flECO-AFL1: Fluorescence, WET Labs ECO-AFL/FL, 2 [mg/m^3]
# name 6 = CStarAt0: Beam Attenuation, WET Labs C-Star [1/m]
# name 7 = par/sat/log: PAR/Logarithmic, Satlantic [umol photons/m^2/sec]
# name 8 = sbeox0V: Oxygen raw, SBE 43 [V]
# name 9 = sbeox0Mm/L: Oxygen, SBE 43 [umol/l]
# name 10 = sal00: Salinity, Practical [PSU]
# name 11 = sigma-é00: Density [sigma-theta, kg/m^3]
# name 12 = sbox0Mm/Kg: Oxygen, SBE 43 [umol/kg], WS = 2
# name 13 = depSM: Depth [salt water, m], lat = 5.51
# name 14 = potemp090C: Potential Temperature [ITS-90, deg C]
# name 15 = nbin: number of scans per bin
# name 16 = flag: flag
# span 0 =    286.375,   1167.250       
# span 1 =     -0.085,    198.850       
# span 2 =    14.0833,    29.9335       
# span 3 =   0.065937,   5.886972       
# span 4 =    -0.0318,     0.8410       
# span 5 =  -330.0000,  1080.0000       
# span 6 =     0.0150,    13.9737       
# span 7 = 1.1794e-01, 1.9259e+03       
# span 8 =     1.0333,     2.7035       
# span 9 =     63.669,    212.641       
# span 10 =     0.2937,    35.8934      
# span 11 =    -3.9554,    26.4877      
# span 12 =     62.179,    208.750      
# span 13 =     -0.085,    197.653      
# span 14 =    14.0544,    29.9334      
# span 15 =          2,          4      
# span 16 = 0.0000e+00, 0.0000e+00      
# interval = seconds: 1                 
# start_time = Apr 18 2026 13:32:54 [Instrument's time stamp, header]
# bad_flag = -9.990e-29
*END*
[from data line 596]
   1030.375     17.229    29.3261   5.819976     0.0771   110.0000     0.0669 3.1931e+02     2.6242    192.896    35.3803    22.2415    189.236     17.133    29.3219          4 0.0000e+00
   1031.375     16.676    29.3408   5.821976     0.0312   172.5000     0.0692 3.4164e+02     2.6229    193.089    35.3833    22.2388    189.014     16.582    29.3367          4 0.0000e+00
   1032.375     15.989    29.3516   5.823175     0.0477   145.0000     0.0652 4.0302e+02     2.6210    193.456    35.3837    22.2354    189.022     15.900    29.3477          4 0.0000e+00
   1033.375     15.290    29.3667   5.824969     0.0257   170.0000     0.0619 4.3561e+02     2.6253    193.500    35.3851    22.2313    189.438     15.205    29.3630          4 0.0000e+00
   1034.375     14.809    29.3740   5.825934     0.0294    62.5000     0.0618 4.0398e+02     2.6250    193.458    35.3865    22.2298    189.093     14.726    29.3704          4 0.0000e+00
   1035.375     14.355    29.3762   5.826088     0.0404    97.5000     0.0628 4.6552e+02     2.6246    193.291    35.3860    22.2288    189.297     14.275    29.3727          4 0.0000e+00
   1036.375     13.870    29.3818   5.826853     0.0294    20.0000     0.0641 3.3393e+02     2.6286    193.064    35.3873    22.2278    189.623     13.793    29.3784          4 0.0000e+00
   1037.375     13.276    29.3855   5.827346     0.0275   130.0000     0.0667 4.1923e+02     2.6275    192.808    35.3881    22.2270    188.997     13.202    29.3823          4 0.0000e+00
   1038.375     12.740    29.3951   5.828603     0.0294   122.5000     0.0671 4.9528e+02     2.6221    193.407    35.3898    22.2251    188.829     12.669    29.3919          4 0.0000e+00
   1039.375     12.078    29.3918   5.827975     0.0312   115.0000     0.0628 5.8386e+02     2.6275    193.454    35.3881    22.2248    189.640     12.010    29.3888          4 0.0000e+00
   1040.375     10.934    29.4012   5.829338     0.0349   135.0000     0.0650 4.7904e+02     2.6302    193.097    35.3909    22.2236    189.420     10.873    29.3985          4 0.0000e+00
   1041.125     10.438    29.4117   5.830258     0.0147   145.0000     0.0675 6.9396e+02     2.6274    193.452    35.3896    22.2191    189.018     10.380    29.4092          2 0.0000e+00
   1043.375      9.370    29.4271   5.832199     0.0202    55.0000     0.0681 4.6675e+02     2.6318    192.496    35.3918    22.2154    189.518      9.318    29.4249          4 0.0000e+00
   1044.375      8.259    29.4450   5.834122     0.0257    47.5000     0.0679 5.5070e+02     2.6301    193.270    35.3921    22.2095    189.169      8.213    29.4430          4 0.0000e+00
   1046.375      7.639    29.4613   5.835521     0.0275   185.0000     0.0682 4.5382e+02     2.6314    193.085    35.3898    22.2022    189.473      7.597    29.4594          4 0.0000e+00
   1047.375      6.435    29.4745   5.837164     0.0147   110.0000     0.0662 5.3852e+02     2.6332    193.162    35.3916    22.1991    189.419      6.399    29.4730          4 0.0000e+00
   1048.375      5.936    29.5046   5.840331     0.0202    82.5000     0.0677 5.1866e+02     2.6321    193.619    35.3913    22.1886    189.083      5.903    29.5031          4 0.0000e+00
   1049.375      5.585    29.5237   5.842277     0.0183   -10.0000     0.0654 5.7991e+02     2.6309    193.189    35.3906    22.1816    189.239      5.553    29.5223          4 0.0000e+00
   1050.375      4.863    29.5615   5.846515     0.0257   117.5000     0.0669 6.2037e+02     2.6374    192.887    35.3920    22.1698    189.784      4.836    29.5603          4 0.0000e+00
   1051.375      4.165    29.6041   5.851055     0.0183    42.5000     0.0668 8.3473e+02     2.6389    193.058    35.3918    22.1552    189.339      4.142    29.6031          4 0.0000e+00
   1052.375      3.786    29.6525   5.856438     0.0331   120.0000     0.0659 1.2355e+03     2.6357    193.155    35.3931    22.1397    188.976      3.765    29.6516          4 0.0000e+00
   1053.375      3.230    29.6665   5.857334     0.0220   137.5000     0.0661 1.1887e+03     2.6388    192.826    35.3890    22.1318    189.582      3.212    29.6657          4 0.0000e+00
   1054.375      2.355    29.7116   5.862796     0.0238    62.5000     0.0687 8.8123e+02     2.6452    192.450    35.3934    22.1197    189.685      2.342    29.7110          4 0.0000e+00
   1055.125      1.980    29.7385   5.865998     0.0331   100.0000     0.0720 1.2012e+03     2.6419    193.052    35.3956    22.1122    188.911      1.969    29.7379          2 0.0000e+00
   1056.625      1.818    29.8089   5.874044     0.0367     5.0000     0.0678 1.1435e+03     2.6384    193.077    35.3987    22.0904    188.697      1.808    29.8085          2 0.0000e+00
   1057.375      1.303    29.8230   5.874523     0.0257   142.5000     0.0667 9.2787e+02     2.6395    192.466    35.3918    22.0805    188.713      1.296    29.8226          4 0.0000e+00
   1066.375      0.538    29.9162   5.885127     0.0018    82.5000     0.0906 1.5891e+03     2.5953    192.414    35.3957    22.0516    181.938      0.536    29.9160          4 0.0000e+00
   1069.625      0.305    29.9275   5.886294     0.0000   -10.0000     0.0901 1.7078e+03     2.5994    192.436    35.3954    22.0475    186.009      0.304    29.9274          2 0.0000e+00
   1092.500      0.150    29.9335   5.886972     0.0489  -186.6667     3.3323 1.9259e+03     2.2493    185.122    35.3957    22.0456    151.610      0.149    29.9334          3 0.0000e+00
   1167.250     -0.085    29.4155   0.065937     0.0441  -330.0000    13.9737 2.3441e+02     2.2181    188.745     0.2937    -3.9554    189.638     -0.085    29.4155          2 0.0000e+00
