cruises/P45_06/L2/CTD/CTD_1s/P45_06_CTD_11_1s.cnv
* Sea-Bird SBE19plus  Data File:
* FileName = C:\Users\OA_2023-03\Desktop\Bathymetry\ctd_casts\S2_18_04_26001.hex
* Software version 2.3.0 SB_Terminal.dll
* Temperature SN = 8460
* Conductivity SN = 8460
* System UpLoad Time = Apr 18 2026 16:37:44
* <ApplicationData>
* <SeatermAF>
** cast at s3
# nquan = 17
# nvalues = 626                         
# units = specified
# name 0 = timeS: Time, Elapsed [seconds]
# name 1 = prdM: Pressure, Strain Gauge [db]
# name 2 = tv290C: Temperature [ITS-90, deg C]
# name 3 = c0S/m: Conductivity [S/m]
# name 4 = flECO-AFL: Fluorescence, WET Labs ECO-AFL/FL [mg/m^3]
# name 5 = flECO-AFL1: Fluorescence, WET Labs ECO-AFL/FL, 2 [mg/m^3]
# name 6 = CStarAt0: Beam Attenuation, WET Labs C-Star [1/m]
# name 7 = par/sat/log: PAR/Logarithmic, Satlantic [umol photons/m^2/sec]
# name 8 = sbeox0V: Oxygen raw, SBE 43 [V]
# name 9 = sbeox0Mm/L: Oxygen, SBE 43 [umol/l]
# name 10 = sal00: Salinity, Practical [PSU]
# name 11 = sigma-é00: Density [sigma-theta, kg/m^3]
# name 12 = sbox0Mm/Kg: Oxygen, SBE 43 [umol/kg], WS = 2
# name 13 = depSM: Depth [salt water, m], lat = 5.51
# name 14 = potemp090C: Potential Temperature [ITS-90, deg C]
# name 15 = nbin: number of scans per bin
# name 16 = flag: flag
# span 0 =    286.375,   1167.250       
# span 1 =     -0.085,    198.850       
# span 2 =    14.0833,    29.9335       
# span 3 =   0.065937,   5.886972       
# span 4 =    -0.0318,     0.8410       
# span 5 =  -330.0000,  1080.0000       
# span 6 =     0.0150,    13.9737       
# span 7 = 1.1794e-01, 1.9259e+03       
# span 8 =     1.0333,     2.7035       
# span 9 =     63.669,    212.641       
# span 10 =     0.2937,    35.8934      
# span 11 =    -3.9554,    26.4877      
# span 12 =     62.179,    208.750      
# span 13 =     -0.085,    197.653      
# span 14 =    14.0544,    29.9334      
# span 15 =          2,          4      
# span 16 = 0.0000e+00, 0.0000e+00      
# interval = seconds: 1                 
# start_time = Apr 18 2026 13:32:54 [Instrument's time stamp, header]
# bad_flag = -9.990e-29
*END*
[from data line 511]
    935.375     61.023    19.9859   4.900030     0.4058   457.5000     0.0562 1.2868e+01     1.9006    144.432    35.8785    25.4387    151.310     60.676    19.9747          4 0.0000e+00
    936.375     60.645    20.0224   4.903965     0.4444   445.0000     0.0660 1.2538e+01     1.9328    144.799    35.8799    25.4302    154.442     60.300    20.0111          4 0.0000e+00
    937.375     60.404    20.0575   4.907193     0.4444   482.5000     0.0620 1.3136e+01     1.9623    145.516    35.8766    25.4183    157.142     60.060    20.0463          4 0.0000e+00
    938.375     59.730    20.1401   4.915868     0.5105   482.5000     0.0660 1.3450e+01     1.9892    146.571    35.8776    25.3971    159.070     59.390    20.1290          4 0.0000e+00
    939.375     58.911    20.2595   4.929410     0.5307   622.5000     0.0691 1.4137e+01     2.0088    148.199    35.8872    25.3726    159.403     58.577    20.2485          4 0.0000e+00
    940.125     58.693    20.3703   4.938945     0.5582   670.0000     0.0714 1.3494e+01     2.0163    151.301    35.8710    25.3306    159.041     58.359    20.3593          2 0.0000e+00
    941.500     58.496    20.5365   4.956257     0.5435   753.3333     0.0715 1.5441e+01     2.0256    157.456    35.8712    25.2861    159.665     58.163    20.5254          3 0.0000e+00
    942.375     57.529    20.6368   4.967295     0.5912   682.5000     0.0707 1.5676e+01     2.0347    159.680    35.8764    25.2630    160.501     57.202    20.6259          4 0.0000e+00
    943.375     56.380    20.6838   4.970794     0.6261   737.5000     0.0727 1.7340e+01     2.0461    162.010    35.8654    25.2419    162.045     56.060    20.6731          4 0.0000e+00
    944.375     56.025    20.7242   4.974642     0.6261   835.0000     0.0762 1.6511e+01     2.0627    163.341    35.8627    25.2287    163.921     55.707    20.7135          4 0.0000e+00
    945.375     55.858    20.7643   4.978218     0.6409   787.5000     0.0796 1.8672e+01     2.0775    162.840    35.8578    25.2142    164.747     55.541    20.7537          4 0.0000e+00
    946.375     55.476    20.8022   4.982168     0.7124   850.0000     0.0819 1.9522e+01     2.0865    162.548    35.8580    25.2040    165.053     55.161    20.7916          4 0.0000e+00
    947.375     54.938    20.8374   4.985871     0.7015   877.5000     0.0835 2.0058e+01     2.0930    163.688    35.8585    25.1948    165.099     54.627    20.8269          4 0.0000e+00
    948.125     54.624    20.8909   4.991570     0.7198   960.0000     0.0847 2.0921e+01     2.0947    164.565    35.8595    25.1810    164.630     54.314    20.8805          2 0.0000e+00
    950.625     54.480    20.9429   4.996462     0.7896   905.0000     0.0897 2.2614e+01     2.0970    169.146    35.8554    25.1637    165.419     54.170    20.9325          2 0.0000e+00
    951.375     53.920    20.9684   4.998940     0.7345   802.5000     0.0914 2.2541e+01     2.1033    169.219    35.8540    25.1556    166.783     53.615    20.9581          4 0.0000e+00
    952.375     53.290    21.0112   5.002727     0.7731   987.5000     0.0897 2.4109e+01     2.1198    169.251    35.8488    25.1400    169.472     52.987    21.0010          4 0.0000e+00
    953.375     52.661    21.0507   5.006111     0.7510   910.0000     0.0964 2.5238e+01     2.1432    168.737    35.8430    25.1247    172.251     52.362    21.0406          4 0.0000e+00
    954.375     52.038    21.1240   5.013808     0.7895  1045.0000     0.0961 2.5987e+01     2.1668    167.963    35.8437    25.1052    174.201     51.743    21.1139          4 0.0000e+00
    955.375     51.632    21.2079   5.022353     0.8061   972.5000     0.0973 2.6715e+01     2.1870    168.065    35.8421    25.0809    175.657     51.340    21.1978          4 0.0000e+00
    956.375     51.221    21.2912   5.030530     0.7859  1015.0000     0.0964 2.9961e+01     2.2049    169.060    35.8380    25.0549    177.180     50.930    21.2813          4 0.0000e+00
    957.375     50.918    21.3881   5.041441     0.7400  1080.0000     0.0936 2.9784e+01     2.2256    171.411    35.8443    25.0330    179.662     50.630    21.3782          4 0.0000e+00
    958.375     50.484    21.4351   5.045213     0.6831   987.5000     0.0920 3.0218e+01     2.2526    174.822    35.8354    25.0131    182.676     50.198    21.4253          4 0.0000e+00
    959.375     49.707    21.5120   5.053769     0.6114   912.5000     0.0851 3.1870e+01     2.2789    177.540    35.8397    24.9950    184.733     49.426    21.5024          4 0.0000e+00
    960.375     49.386    21.6101   5.063516     0.5252   675.0000     0.0804 3.1730e+01     2.3003    179.135    35.8357    24.9647    185.987     49.107    21.6004          4 0.0000e+00
    961.375     49.215    21.7081   5.072380     0.4407   470.0000     0.0783 3.5942e+01     2.3178    180.341    35.8247    24.9291    186.991     48.936    21.6984          4 0.0000e+00
    962.375     48.810    21.8649   5.089703     0.3820   422.5000     0.0762 3.7331e+01     2.3317    181.973    35.8320    24.8908    187.538     48.534    21.8553          4 0.0000e+00
    963.375     48.569    21.9521   5.098147     0.3691   380.0000     0.0951 3.6673e+01     2.3435    185.055    35.8265    24.8622    188.183     48.294    21.9425          4 0.0000e+00
    964.375     48.275    22.0194   5.104622     0.3728   332.5000     0.0743 3.8488e+01     2.3543    187.974    35.8220    24.8398    189.463     48.002    22.0098          4 0.0000e+00
    965.375     47.971    22.0587   5.108267     0.3452   360.0000     0.0857 3.7983e+01     2.3724    189.635    35.8183    24.8259    192.164     47.700    22.0492          4 0.0000e+00
    966.375     47.410    22.0819   5.110455     0.3251   315.0000     0.0796 4.0619e+01     2.3985    190.781    35.8166    24.8181    195.218     47.141    22.0725          4 0.0000e+00
    967.375     46.648    22.1098   5.113179     0.3268   317.5000     0.0727 4.1384e+01     2.4234    191.652    35.8152    24.8091    196.600     46.385    22.1006          4 0.0000e+00
    968.375     46.050    22.1746   5.119547     0.3195   390.0000     0.0782 4.4340e+01     2.4337    192.398    35.8121    24.7884    196.201     45.790    22.1654          4 0.0000e+00
    969.375     45.562    22.2775   5.129536     0.2883   392.5000     0.0766 4.6151e+01     2.4398    192.909    35.8059    24.7545    196.494     45.304    22.2684          4 0.0000e+00
    970.375     44.892    22.4515   5.147779     0.3103   360.0000     0.0768 4.6581e+01     2.4509    194.673    35.8059    24.7050    197.825     44.639    22.4424          4 0.0000e+00
    971.375     44.352    22.5888   5.159684     0.3030   272.5000     0.0777 4.9599e+01     2.4695    197.814    35.7863    24.6509    199.408     44.101    22.5798          4 0.0000e+00
    972.375     44.188    22.6674   5.167438     0.2662   330.0000     0.0743 4.8660e+01     2.4833    200.451    35.7823    24.6254    199.783     43.938    22.6585          4 0.0000e+00
    973.375     43.917    22.7396   5.173765     0.2607   272.5000     0.0789 5.2453e+01     2.4911    200.309    35.7725    24.5973    199.871     43.669    22.7307          4 0.0000e+00
    974.375     43.235    22.8907   5.190121     0.2369   325.0000     0.0738 5.6587e+01     2.4977    199.225    35.7764    24.5567    199.909     42.991    22.8819          4 0.0000e+00
    975.375     42.616    22.9865   5.198540     0.2332   315.0000     0.0743 5.8816e+01     2.5026    199.974    35.7637    24.5193    199.970     42.375    22.9778          4 0.0000e+00
    976.125     42.436    23.0570   5.206495     0.2534   240.0000     0.0752 5.6627e+01     2.5069    201.826    35.7678    24.5020    200.609     42.197    23.0483          2 0.0000e+00
    978.375     42.128    23.1039   5.210262     0.2166   287.5000     0.0736 6.3036e+01     2.5566    203.848    35.7588    24.4817    207.318     41.891    23.0953          4 0.0000e+00
    979.375     41.276    23.1185   5.211645     0.2185   252.5000     0.0747 6.4040e+01     2.5776    204.012    35.7579    24.4766    208.223     41.043    23.1101          4 0.0000e+00
    980.375     40.773    23.2168   5.219777     0.2332   282.5000     0.0778 6.2403e+01     2.5906    204.305    35.7410    24.4352    208.750     40.543    23.2084          4 0.0000e+00
    981.375     40.593    23.4156   5.240056     0.2240   287.5000     0.0764 6.6796e+01     2.6022    204.240    35.7358    24.3733    208.735     40.364    23.4072          4 0.0000e+00
    982.375     39.950    23.7045   5.270214     0.1983   315.0000     0.0799 7.4562e+01     2.6084    205.883    35.7334    24.2867    207.989     39.724    23.6962          4 0.0000e+00
    983.375     39.371    23.8767   5.284493     0.1946   255.0000     0.0781 7.2363e+01     2.6158    209.294    35.7038    24.2133    208.289     39.149    23.8684          4 0.0000e+00
    984.375     38.853    23.9878   5.294572     0.1836   282.5000     0.0781 7.8205e+01     2.6242    211.187    35.6914    24.1710    208.574     38.634    23.9796          4 0.0000e+00
    985.375     38.257    24.1152   5.306486     0.1892   260.0000     0.0795 8.2839e+01     2.6292    210.945    35.6798    24.1243    208.254     38.041    24.1071          4 0.0000e+00
    987.500     37.897    24.3906   5.333238     0.1983   226.6667     0.0834 8.4114e+01     2.6350    210.843    35.6620    24.0284    208.036     37.684    24.3825          3 0.0000e+00
    988.375     37.201    24.5455   5.349497     0.2038   302.5000     0.0862 9.0024e+01     2.6423    210.821    35.6612    23.9812    208.361     36.991    24.5375          4 0.0000e+00
    989.375     36.581    24.6787   5.362009     0.2020   267.5000     0.0862 8.7546e+01     2.6489    211.272    35.6494    23.9320    208.117     36.375    24.6708          4 0.0000e+00
    990.375     36.298    24.8376   5.377708     0.1873   280.0000     0.0872 8.6307e+01     2.6501    211.071    35.6410    23.8775    207.617     36.094    24.8298          4 0.0000e+00
    991.375     36.218    24.9216   5.385588     0.1946   255.0000     0.0895 9.4541e+01     2.6568    210.567    35.6334    23.8463    208.360     36.014    24.9137          4 0.0000e+00
    992.375     35.711    25.0183   5.395062     0.1965   295.0000     0.0889 1.0322e+02     2.6630    210.429    35.6276    23.8124    208.546     35.510    25.0106          4 0.0000e+00
    993.375     35.090    25.1230   5.404983     0.2332   250.0000     0.0879 9.7587e+01     2.6709    211.034    35.6191    23.7739    208.669     34.892    25.1153          4 0.0000e+00
    994.375     34.703    25.1730   5.409389     0.1873   242.5000     0.0878 1.0581e+02     2.6705    211.653    35.6124    23.7537    207.811     34.508    25.1655          4 0.0000e+00
    995.375     34.120    25.2913   5.420688     0.2002   280.0000     0.0932 1.1586e+02     2.6676    211.109    35.6034    23.7105    207.254     33.928    25.2838          4 0.0000e+00
    996.375     33.497    25.4757   5.438969     0.1781   260.0000     0.0906 1.1537e+02     2.6696    211.066    35.5940    23.6466    207.093     33.309    25.4684          4 0.0000e+00
    997.375     32.923    25.7165   5.461875     0.2001   277.5000     0.0901 1.2741e+02     2.6718    211.295    35.5744    23.5573    206.341     32.738    25.7092          4 0.0000e+00
    998.375     32.667    25.9498   5.484133     0.1671   205.0000     0.0872 1.2389e+02     2.6726    211.010    35.5557    23.4706    205.472     32.483    25.9425          4 0.0000e+00
    999.375     32.389    25.9934   5.485073     0.1836   280.0000     0.0869 1.2238e+02     2.6733    210.390    35.5289    23.4368    205.425     32.207    25.9861          4 0.0000e+00
   1000.375     31.595    26.0900   5.495095     0.1506   235.0000     0.0893 1.3362e+02     2.6721    209.210    35.5272    23.4052    204.658     31.418    26.0830          4 0.0000e+00
   1001.375     30.899    26.2045   5.504580     0.1616   232.5000     0.0929 1.3644e+02     2.6688    209.159    35.5079    23.3548    203.888     30.725    26.1975          4 0.0000e+00
   1002.375     30.573    26.4498   5.528855     0.1377   212.5000     0.0849 1.3481e+02     2.6657    208.950    35.4946    23.2675    203.421     30.401    26.4429          4 0.0000e+00
   1003.375     30.168    26.5817   5.538490     0.1322   232.5000     0.0846 1.6427e+02     2.6779    208.331    35.4629    23.2018    205.135     29.998    26.5748          4 0.0000e+00
   1004.375     29.682    26.7128   5.550558     0.1267   207.5000     0.0853 1.5102e+02     2.6939    207.749    35.4494    23.1501    205.765     29.515    26.7060          4 0.0000e+00
   1005.375     29.361    26.7839   5.556288     0.1138   212.5000     0.0862 1.4766e+02     2.6978    207.302    35.4363    23.1174    204.909     29.197    26.7772          4 0.0000e+00
   1006.375     29.029    26.8330   5.560147     0.0955   190.0000     0.0861 1.6890e+02     2.6944    206.553    35.4266    23.0946    204.440     28.867    26.8263          4 0.0000e+00
   1007.375     28.509    26.9308   5.569491     0.1084   245.0000     0.0847 1.7505e+02     2.6986    205.902    35.4190    23.0576    204.970     28.349    26.9243          4 0.0000e+00
   1008.375     28.052    27.0983   5.583866     0.1084   247.5000     0.0827 1.6651e+02     2.7035    207.253    35.3944    22.9854    204.570     27.895    27.0918          4 0.0000e+00
   1009.375     27.842    27.2420   5.595512     0.0881   215.0000     0.0856 1.7613e+02     2.7018    209.170    35.3682    22.9196    203.099     27.685    27.2356          4 0.0000e+00
   1010.375     27.601    27.2920   5.598630     0.1102   217.5000     0.0906 1.8390e+02     2.6903    208.859    35.3526    22.8917    201.896     27.446    27.2857          4 0.0000e+00
   1011.375     26.643    27.4256   5.609886     0.1212   330.0000     0.0897 2.0725e+02     2.6875    207.265    35.3317    22.8329    201.095     26.494    27.4194          4 0.0000e+00
   1012.375     25.581    27.6137   5.623720     0.0753   247.5000     0.0922 2.0145e+02     2.6729    207.027    35.2880    22.7390    198.522     25.438    27.6078          4 0.0000e+00
   1015.375     24.663    28.4562   5.714688     0.0716   200.0000     0.0833 2.0522e+02     2.6477    202.718    35.2955    22.4687    194.620     24.525    28.4503          4 0.0000e+00
   1016.375     23.692    28.7182   5.746803     0.0661   197.5000     0.0746 2.4623e+02     2.6463    201.416    35.3240    22.4033    193.204     23.559    28.7125          4 0.0000e+00
   1019.375     23.066    28.9413   5.771739     0.0551   217.5000     0.0755 2.2888e+02     2.6394    196.159    35.3312    22.3343    192.144     22.937    28.9357          4 0.0000e+00
   1020.250     22.270    29.0148   5.782073     0.0588   133.3333     0.0721 2.7396e+02     2.6369    196.446    35.3483    22.3225    191.328     22.146    29.0094          3 0.0000e+00
   1022.500     21.831    29.0932   5.790870     0.0465    53.3333     0.0681 2.6378e+02     2.6256    195.390    35.3510    22.2982    190.500     21.709    29.0879          3 0.0000e+00
   1023.375     20.476    29.1378   5.796934     0.0423   172.5000     0.0708 2.9761e+02     2.6304    194.981    35.3601    22.2900    190.772     20.361    29.1329          4 0.0000e+00
   1024.250     19.479    29.1819   5.802217     0.0343   210.0000     0.0682 2.8384e+02     2.6298    195.643    35.3642    22.2781    190.031     19.370    29.1772          3 0.0000e+00
   1027.375     18.797    29.2743   5.813531     0.0367   217.5000     0.0672 2.2553e+02     2.6234    193.394    35.3738    22.2542    189.554     18.692    29.2698          4 0.0000e+00
   1028.375     17.930    29.3029   5.817395     0.0496   157.5000     0.0695 2.5726e+02     2.6246    194.301    35.3794    22.2488    189.515     17.831    29.2986          4 0.0000e+00
