cruises/P45_06/L2/CTD/CTD_1s/P45_06_CTD_11_1s.cnv
* Sea-Bird SBE19plus  Data File:
* FileName = C:\Users\OA_2023-03\Desktop\Bathymetry\ctd_casts\S2_18_04_26001.hex
* Software version 2.3.0 SB_Terminal.dll
* Temperature SN = 8460
* Conductivity SN = 8460
* System UpLoad Time = Apr 18 2026 16:37:44
* <ApplicationData>
* <SeatermAF>
** cast at s3
# nquan = 17
# nvalues = 626                         
# units = specified
# name 0 = timeS: Time, Elapsed [seconds]
# name 1 = prdM: Pressure, Strain Gauge [db]
# name 2 = tv290C: Temperature [ITS-90, deg C]
# name 3 = c0S/m: Conductivity [S/m]
# name 4 = flECO-AFL: Fluorescence, WET Labs ECO-AFL/FL [mg/m^3]
# name 5 = flECO-AFL1: Fluorescence, WET Labs ECO-AFL/FL, 2 [mg/m^3]
# name 6 = CStarAt0: Beam Attenuation, WET Labs C-Star [1/m]
# name 7 = par/sat/log: PAR/Logarithmic, Satlantic [umol photons/m^2/sec]
# name 8 = sbeox0V: Oxygen raw, SBE 43 [V]
# name 9 = sbeox0Mm/L: Oxygen, SBE 43 [umol/l]
# name 10 = sal00: Salinity, Practical [PSU]
# name 11 = sigma-é00: Density [sigma-theta, kg/m^3]
# name 12 = sbox0Mm/Kg: Oxygen, SBE 43 [umol/kg], WS = 2
# name 13 = depSM: Depth [salt water, m], lat = 5.51
# name 14 = potemp090C: Potential Temperature [ITS-90, deg C]
# name 15 = nbin: number of scans per bin
# name 16 = flag: flag
# span 0 =    286.375,   1167.250       
# span 1 =     -0.085,    198.850       
# span 2 =    14.0833,    29.9335       
# span 3 =   0.065937,   5.886972       
# span 4 =    -0.0318,     0.8410       
# span 5 =  -330.0000,  1080.0000       
# span 6 =     0.0150,    13.9737       
# span 7 = 1.1794e-01, 1.9259e+03       
# span 8 =     1.0333,     2.7035       
# span 9 =     63.669,    212.641       
# span 10 =     0.2937,    35.8934      
# span 11 =    -3.9554,    26.4877      
# span 12 =     62.179,    208.750      
# span 13 =     -0.085,    197.653      
# span 14 =    14.0544,    29.9334      
# span 15 =          2,          4      
# span 16 = 0.0000e+00, 0.0000e+00      
# interval = seconds: 1                 
# start_time = Apr 18 2026 13:32:54 [Instrument's time stamp, header]
# bad_flag = -9.990e-29
*END*
    286.375      2.425    29.8130   5.874149     0.0147   -12.5000     0.0721 7.1184e+02     2.5963    189.834    35.3963    22.0873    185.176      2.412    29.8124          4 0.0000e+00
    287.125      3.027    29.7844   5.870214     0.0037    35.0000     0.0733 8.0158e+02     2.5994    190.481    35.3903    22.0926    185.256      3.010    29.7836          2 0.0000e+00
    313.500      3.540    29.7379   5.865559     0.0123    80.0000     0.0720 6.5803e+02     2.6135    190.291    35.3925    22.1102    187.012      3.521    29.7371          3 0.0000e+00
    314.375      4.445    29.6510   5.854796     0.0239    40.0000     0.0730 8.7375e+02     2.6132    190.701    35.3828    22.1325    186.892      4.420    29.6499          4 0.0000e+00
    315.375      4.918    29.6121   5.851423     0.0183    95.0000     0.0711 5.2938e+02     2.6109    190.876    35.3882    22.1498    186.857      4.891    29.6109          4 0.0000e+00
    316.375      5.228    29.5905   5.849710     0.0183   117.5000     0.0733 5.3447e+02     2.6109    190.237    35.3924    22.1602    187.172      5.199    29.5892          4 0.0000e+00
    317.375      6.024    29.5382   5.843460     0.0735   117.5000     0.0764 5.8701e+02     2.6147    190.699    35.3880    22.1747    187.516      5.991    29.5367          4 0.0000e+00
    318.375      7.101    29.4890   5.838445     0.0312    95.0000     0.0747 6.0887e+02     2.6108    191.985    35.3895    22.1926    187.165      7.062    29.4873          4 0.0000e+00
    319.375      7.735    29.4713   5.836980     0.0220   110.0000     0.0744 4.5525e+02     2.6104    192.147    35.3924    22.2009    187.542      7.692    29.4694          4 0.0000e+00
    320.375      8.105    29.4597   5.835812     0.0275   212.5000     0.0750 5.1347e+02     2.6139    191.514    35.3928    22.2051    187.830      8.060    29.4578          4 0.0000e+00
    321.375      8.922    29.4395   5.833432     0.0275    32.5000     0.0775 4.7381e+02     2.6119    191.640    35.3912    22.2108    187.463      8.872    29.4373          4 0.0000e+00
    322.375      9.703    29.4316   5.832863     0.0587   180.0000     0.0742 5.1694e+02     2.6102    192.287    35.3929    22.2148    187.674      9.649    29.4293          4 0.0000e+00
    323.375     10.238    29.4286   5.832538     0.0239   145.0000     0.0755 4.7950e+02     2.6154    191.773    35.3928    22.2158    188.498     10.181    29.4260          4 0.0000e+00
    324.375     10.988    29.4226   5.831877     0.0404    75.0000     0.0772 4.6166e+02     2.6213    191.581    35.3925    22.2176    188.743     10.927    29.4199          4 0.0000e+00
    325.375     11.912    29.4186   5.831594     0.0441   110.0000     0.0743 4.4694e+02     2.6184    192.288    35.3932    22.2195    188.007     11.846    29.4157          4 0.0000e+00
    326.375     12.435    29.4164   5.831360     0.0331   160.0000     0.0743 4.2892e+02     2.6140    192.055    35.3930    22.2203    187.949     12.365    29.4134          4 0.0000e+00
    327.375     12.678    29.4150   5.831188     0.0294   110.0000     0.0742 3.6186e+02     2.6155    191.634    35.3929    22.2206    188.258     12.608    29.4118          4 0.0000e+00
    328.375     13.616    29.4060   5.829985     0.0330    47.5000     0.0745 3.4318e+02     2.6182    192.486    35.3910    22.2223    188.646     13.540    29.4027          4 0.0000e+00
    329.375     14.678    29.3979   5.829082     0.0349   142.5000     0.0745 2.8438e+02     2.6196    193.434    35.3904    22.2247    188.479     14.596    29.3943          4 0.0000e+00
    331.375     15.175    29.3980   5.829232     0.1414    55.0000     0.0702 3.1093e+02     2.6170    191.925    35.3912    22.2254    188.819     15.090    29.3943          4 0.0000e+00
    332.375     16.068    29.3867   5.827817     0.0349   187.5000     0.0740 3.5377e+02     2.6248    192.434    35.3896    22.2280    189.114     15.978    29.3828          4 0.0000e+00
    333.375     17.060    29.3680   5.825456     0.0312   122.5000     0.0781 3.2014e+02     2.6114    192.922    35.3869    22.2324    183.911     16.965    29.3638          4 0.0000e+00
    334.375     17.843    29.3550   5.823781     0.0367    95.0000     0.0711 3.8056e+02     2.5206    193.238    35.3849    22.2353    177.198     17.743    29.3507          4 0.0000e+00
    335.375     18.042    29.3486   5.823128     0.0275   102.5000     0.0788 2.9442e+02     2.5549    192.510    35.3850    22.2376    186.913     17.941    29.3442          4 0.0000e+00
    336.375     18.585    29.3416   5.822464     0.0423    97.5000     0.0726 2.9866e+02     2.6040    192.680    35.3855    22.2404    189.244     18.481    29.3370          4 0.0000e+00
    337.375     19.779    29.2973   5.816238     0.0441   152.5000     0.0738 7.9935e+01     2.5992    194.127    35.3752    22.2476    183.944     19.669    29.2924          4 0.0000e+00
    338.375     20.726    29.2704   5.813660     0.0422    85.0000     0.0726 8.8158e+01     2.5270    192.578    35.3771    22.2582    178.659     20.610    29.2653          4 0.0000e+00
    341.375     22.057    29.2166   5.806601     0.0404   160.0000     0.0741 6.3785e+01     2.5989    196.102    35.3680    22.2695    188.479     21.934    29.2112          4 0.0000e+00
    342.250     22.925    29.1658   5.801226     0.0367   116.6667     0.0743 7.0210e+01     2.6014    194.973    35.3682    22.2869    188.277     22.796    29.1602          3 0.0000e+00
    344.500     23.585    29.1010   5.793837     0.0416   173.3333     0.0725 1.8731e+02     2.6232    185.563    35.3651    22.3064    190.449     23.452    29.0952          3 0.0000e+00
    345.375     24.568    29.0327   5.783622     0.0404   150.0000     0.0776 9.1350e+01     2.6227    192.224    35.3451    22.3142    190.274     24.430    29.0268          4 0.0000e+00
    346.125     25.247    28.9783   5.777330     0.0441   195.0000     0.0781 1.7471e+02     2.6215    194.732    35.3417    22.3300    190.735     25.105    28.9721          2 0.0000e+00
    348.625     25.707    28.8891   5.765638     0.0514   170.0000     0.0776 1.3324e+02     2.6710    194.743    35.3269    22.3487    196.034     25.563    28.8829          2 0.0000e+00
    349.375     26.523    28.6815   5.740205     0.0643   137.5000     0.0843 4.9773e+01     2.6709    196.437    35.3046    22.4011    196.314     26.375    28.6752          4 0.0000e+00
    350.375     27.511    28.1811   5.681781     0.0863   222.5000     0.0810 5.3113e+01     2.6751    197.369    35.2700    22.5404    197.892     27.357    28.1746          4 0.0000e+00
    351.375     28.231    27.7979   5.640023     0.0918   167.5000     0.0866 1.8326e+02     2.6643    198.414    35.2637    22.6611    197.728     28.073    27.7913          4 0.0000e+00
    352.375     28.492    27.6824   5.632981     0.0900   255.0000     0.0870 1.6091e+02     2.6603    201.966    35.3009    22.7266    198.483     28.332    27.6757          4 0.0000e+00
    353.375     29.228    27.4496   5.614998     0.1175   192.5000     0.0911 1.3304e+02     2.6621    206.043    35.3490    22.8382    199.272     29.064    27.4429          4 0.0000e+00
    354.375     30.309    27.0714   5.583018     0.1267   122.5000     0.0956 8.6744e+01     2.6587    206.851    35.4080    23.0045    200.199     30.139    27.0644          4 0.0000e+00
    355.250     31.151    26.8355   5.563443     0.1151   216.6667     0.0906 1.2491e+02     2.6588    207.519    35.4477    23.1098    201.606     30.976    26.8284          3 0.0000e+00
    357.625     31.538    26.7250   5.554303     0.1286   230.0000     0.0912 1.1025e+02     2.6589    205.590    35.4664    23.1592    200.765     31.361    26.7178          2 0.0000e+00
    358.375     32.303    26.5913   5.541718     0.1286   220.0000     0.0907 7.9798e+01     2.6555    206.755    35.4782    23.2104    201.444     32.121    26.5839          4 0.0000e+00
    361.375     33.552    26.1821   5.503907     0.1671   205.0000     0.0925 6.2822e+01     2.6538    209.242    35.5195    23.3707    202.175     33.364    26.1745          4 0.0000e+00
    362.375     34.517    25.9131   5.482296     0.1322   252.5000     0.0930 5.1273e+01     2.6478    209.154    35.5703    23.4932    202.866     34.323    25.9054          4 0.0000e+00
    364.625     34.978    25.7364   5.468739     0.1946   225.0000     0.0939 9.8470e+01     2.6476    210.190    35.6086    23.5771    203.239     34.782    25.7287          2 0.0000e+00
    365.375     35.732    25.3708   5.428031     0.1763   227.5000     0.0954 5.7208e+01     2.6398    211.590    35.5947    23.6796    203.073     35.531    25.3629          4 0.0000e+00
    366.375     36.706    25.1325   5.408330     0.1818   232.5000     0.0962 6.5538e+01     2.6221    210.798    35.6359    23.7839    202.401     36.500    25.1245          4 0.0000e+00
    368.500     37.248    24.9418   5.391449     0.1959   246.6667     0.0957 8.3533e+01     2.6233    210.956    35.6607    23.8608    203.860     37.038    24.9337          3 0.0000e+00
    369.375     38.184    24.6716   5.362074     0.1800   245.0000     0.0984 2.6699e+01     2.6158    212.454    35.6549    23.9385    203.418     37.968    24.6634          4 0.0000e+00
    370.250     38.999    24.4068   5.337598     0.1738   233.3333     0.0969 3.2625e+01     2.6037    212.294    35.6815    24.0384    203.453     38.779    24.3985          3 0.0000e+00
    373.375     40.034    24.0281   5.299080     0.1782   257.5000     0.0908 3.1797e+01     2.5730    212.641    35.6929    24.1602    199.151     39.808    24.0196          4 0.0000e+00
    374.125     40.705    23.8817   5.289179     0.1946   225.0000     0.0840 6.2226e+01     2.5438    212.435    35.7350    24.2356    197.245     40.475    23.8731          2 0.0000e+00
    377.375     41.543    23.3198   5.227942     0.2038   282.5000     0.0869 1.3114e+01     2.5093    212.459    35.7199    24.3893    196.389     41.309    23.3113          4 0.0000e+00
    378.125     42.213    23.1868   5.220967     0.2203   225.0000     0.0857 2.5943e+01     2.4875    210.444    35.7740    24.4691    194.123     41.975    23.1781          2 0.0000e+00
    380.500     42.806    23.1161   5.214139     0.2179   243.3333     0.0826 3.5682e+01     2.4535    203.769    35.7786    24.4931    192.848     42.565    23.1073          3 0.0000e+00
    381.375     43.692    22.9475   5.196966     0.2167   272.5000     0.0844 1.8120e+01     2.4429    205.394    35.7829    24.5453    191.727     43.445    22.9386          4 0.0000e+00
    382.375     44.620    22.7351   5.175065     0.2589   310.0000     0.0822 4.6557e+01     2.4247    204.542    35.7861    24.6089    189.927     44.368    22.7261          4 0.0000e+00
    383.375     45.046    22.6075   5.163335     0.2552   367.5000     0.0808 4.9434e+01     2.4014    200.659    35.7991    24.6554    187.911     44.791    22.5984          4 0.0000e+00
    384.375     45.457    22.5366   5.157305     0.2791   272.5000     0.0813 4.3750e+01     2.3825    198.802    35.8102    24.6841    186.987     45.200    22.5274          4 0.0000e+00
    385.375     45.983    22.4004   5.143413     0.2608   345.0000     0.0834 4.1334e+01     2.3707    199.573    35.8132    24.7252    186.302     45.724    22.3912          4 0.0000e+00
    386.375     46.629    22.2777   5.131758     0.2644   340.0000     0.0826 3.9724e+01     2.3514    199.376    35.8227    24.7674    182.843     46.365    22.2684          4 0.0000e+00
    387.375     47.336    22.1658   5.120501     0.3011   380.0000     0.0881 3.8596e+01     2.3104    197.188    35.8264    24.8018    177.468     47.069    22.1563          4 0.0000e+00
    388.375     47.617    22.1249   5.117108     0.3378   287.5000     0.0827 4.1416e+01     2.2677    194.262    35.8334    24.8187    174.088     47.347    22.1153          4 0.0000e+00
    389.375     47.965    22.0956   5.114681     0.3122   325.0000     0.0818 3.6694e+01     2.2391    192.281    35.8384    24.8308    172.587     47.694    22.0861          4 0.0000e+00
    390.375     48.730    21.9474   5.099328     0.3636   407.5000     0.0830 3.1822e+01     2.2153    192.190    35.8397    24.8735    169.784     48.454    21.9377          4 0.0000e+00
    391.375     49.580    21.6924   5.071535     0.4811   522.5000     0.0818 3.0024e+01     2.1759    191.039    35.8309    24.9382    165.688     49.299    21.6827          4 0.0000e+00
    392.375     50.343    21.5395   5.057814     0.5619   717.5000     0.0841 3.0889e+01     2.1412    185.385    35.8488    24.9944    163.941     50.058    21.5297          4 0.0000e+00
    393.375     50.738    21.4804   5.052125     0.6041   730.0000     0.0854 3.2636e+01     2.1223    179.472    35.8526    25.0137    163.795     50.450    21.4706          4 0.0000e+00
    394.375     51.409    21.3589   5.039363     0.7198   897.5000     0.0872 2.4814e+01     2.1117    177.606    35.8519    25.0468    163.591     51.118    21.3489          4 0.0000e+00
    395.375     52.424    21.1797   5.019909     0.8410   955.0000     0.1001 1.7991e+01     2.1021    177.121    35.8458    25.0915    163.498     52.127    21.1696          4 0.0000e+00
    397.500     53.071    21.0974   5.012703     0.7492   800.0000     0.1047 2.4549e+01     2.1012    167.514    35.8567    25.1225    164.271     52.770    21.0872          3 0.0000e+00
    398.375     53.856    21.0533   5.007972     0.6905   790.0000     0.1029 1.6844e+01     2.0936    167.457    35.8554    25.1336    162.215     53.551    21.0429          4 0.0000e+00
    399.250     54.591    20.9957   5.002948     0.6758   673.3333     0.0981 2.0988e+01     2.0769    168.251    35.8631    25.1552    160.008     54.281    20.9852          3 0.0000e+00
    401.375     54.960    20.9445   4.998711     0.6739   795.0000     0.0980 2.0362e+01     2.0506    167.842    35.8719    25.1759    158.749     54.648    20.9339          4 0.0000e+00
    402.375     55.821    20.8482   4.987724     0.6115   822.5000     0.0945 1.3836e+01     2.0431    169.348    35.8640    25.1961    158.080     55.504    20.8376          4 0.0000e+00
    403.375     56.608    20.7850   4.981870     0.6059   732.5000     0.0929 1.7782e+01     2.0318    168.692    35.8697    25.2176    156.304     56.286    20.7743          4 0.0000e+00
    404.375     56.819    20.7600   4.979616     0.6794   572.5000     0.0909 1.9020e+01     2.0125    165.156    35.8724    25.2266    153.508     56.496    20.7492          4 0.0000e+00
    405.375     57.304    20.7478   4.978692     0.5527   655.0000     0.0961 1.6439e+01     1.9895    162.989    35.8751    25.2319    150.926     56.979    20.7369          4 0.0000e+00
    406.375     58.071    20.7127   4.974836     0.5435   627.5000     0.0908 1.4451e+01     1.9654    162.919    35.8732    25.2400    147.688     57.742    20.7017          4 0.0000e+00
    407.375     58.955    20.6004   4.964724     0.5380   562.5000     0.0805 1.3064e+01     1.9314    162.859    35.8858    25.2799    143.725     58.620    20.5893          4 0.0000e+00
    408.375     59.717    20.4120   4.944729     0.5123   572.5000     0.0801 1.4555e+01     1.8985    162.012    35.8825    25.3282    141.484     59.377    20.4008          4 0.0000e+00
    409.375     60.149    20.3237   4.936902     0.4756   537.5000     0.0811 1.4463e+01     1.8736    159.474    35.8934    25.3602    139.666     59.808    20.3124          4 0.0000e+00
    410.375     60.882    20.1791   4.920607     0.4389   427.5000     0.0779 1.1729e+01     1.8501    156.412    35.8828    25.3908    137.956     60.536    20.1677          4 0.0000e+00
    411.375     61.603    20.0623   4.908630     0.4058   345.0000     0.0726 1.2335e+01     1.8307    153.983    35.8839    25.4227    136.298     61.253    20.0508          4 0.0000e+00
    412.375     62.126    19.9951   4.901891     0.5031   310.0000     0.0714 1.2195e+01     1.8086    149.621    35.8856    25.4418    133.933     61.772    19.9836          4 0.0000e+00
