cruises/P45_06/L2/CTD/CTD_1s/P45_06_CTD_09_1s.cnv
* Sea-Bird SBE19plus  Data File:
* FileName = C:\Users\OA_2023-03\Desktop\Bathymetry\ctd_casts\S1_18_04_26001.hex
* Software version 2.3.0 SB_Terminal.dll
* Temperature SN = 8460
* Conductivity SN = 8460
* System UpLoad Time = Apr 18 2026 10:40:32
* <ApplicationData>
* <SeatermAF>
# nquan = 17
# nvalues = 105                         
# units = specified
# name 0 = timeS: Time, Elapsed [seconds]
# name 1 = prdM: Pressure, Strain Gauge [db]
# name 2 = tv290C: Temperature [ITS-90, deg C]
# name 3 = c0S/m: Conductivity [S/m]
# name 4 = flECO-AFL: Fluorescence, WET Labs ECO-AFL/FL [mg/m^3]
# name 5 = flECO-AFL1: Fluorescence, WET Labs ECO-AFL/FL, 2 [mg/m^3]
# name 6 = CStarAt0: Beam Attenuation, WET Labs C-Star [1/m]
# name 7 = par/sat/log: PAR/Logarithmic, Satlantic [umol photons/m^2/sec]
# name 8 = sbeox0V: Oxygen raw, SBE 43 [V]
# name 9 = sbeox0Mm/L: Oxygen, SBE 43 [umol/l]
# name 10 = sal00: Salinity, Practical [PSU]
# name 11 = sigma-é00: Density [sigma-theta, kg/m^3]
# name 12 = sbox0Mm/Kg: Oxygen, SBE 43 [umol/kg], WS = 2
# name 13 = depSM: Depth [salt water, m], lat = 5.51
# name 14 = potemp090C: Potential Temperature [ITS-90, deg C]
# name 15 = nbin: number of scans per bin
# name 16 = flag: flag
# span 0 =    306.375,    664.375       
# span 1 =     -0.081,     37.764       
# span 2 =    22.6243,    29.3148       
# span 3 =   0.759219,   5.811324       
# span 4 =     0.0165,    29.9382       
# span 5 =-85215.0000,  1307.5000       
# span 6 =     0.0804,    15.5159       
# span 7 = 1.0112e+01, 1.7753e+03       
# span 8 =     2.1710,     2.6895       
# span 9 =    145.402,    209.416       
# span 10 =     3.8235,    35.7645      
# span 11 =    -1.2893,    24.6005      
# span 12 =    141.771,    207.320      
# span 13 =     -0.081,     37.551      
# span 14 =    22.6167,    29.3148      
# span 15 =          2,          4      
# span 16 = 0.0000e+00, 0.0000e+00      
# interval = seconds: 1                 
# start_time = Apr 18 2026 09:40:24 [Instrument's time stamp, header]
# bad_flag = -9.990e-29
*END*
    306.375      1.505    29.1843   5.767627     0.0165    70.0000     0.0850 6.4778e+02     2.2489    156.811    35.1299    22.1000    149.576      1.497    29.1840          4 0.0000e+00
    307.250      2.289    29.2036   5.762045     0.0245  -123.3333     0.0822 7.6969e+02     2.1710    160.111    35.0773    22.0540    141.771      2.276    29.2030          3 0.0000e+00
    460.375      3.348    29.2590   5.805368     0.0183   -15.0000     0.0821 1.9008e+02     2.5630    145.402    35.3336    22.2280    184.957      3.329    29.2582          4 0.0000e+00
    461.375      4.502    29.2068   5.799461     0.0349   -72.5000     0.0825 1.2387e+02     2.5642    182.452    35.3312    22.2437    184.438      4.477    29.2057          4 0.0000e+00
    464.375      5.761    29.1835   5.796976     0.0331   -65.0000     0.0858 1.6027e+02     2.5900    190.275    35.3310    22.2516    187.370      5.729    29.1821          4 0.0000e+00
    465.375      6.884    29.1492   5.793315     0.0349    20.0000     0.0857 1.0060e+02     2.5998    191.644    35.3308    22.2630    185.463      6.845    29.1476          4 0.0000e+00
    466.375      7.739    29.1363   5.792349     0.0404    82.5000     0.0875 2.1328e+02     2.5291    189.667    35.3334    22.2694    177.628      7.696    29.1344          4 0.0000e+00
    467.375      8.108    29.1138   5.789655     0.0331   -37.5000     0.0853 2.0018e+02     2.5309    189.877    35.3314    22.2754    184.072      8.063    29.1119          4 0.0000e+00
    468.375      8.461    29.0992   5.788447     0.0386    32.5000     0.0846 1.9033e+02     2.5796    190.641    35.3338    22.2822    188.629      8.415    29.0972          4 0.0000e+00
    469.375      9.438    29.0461   5.782461     0.0220    32.5000     0.0840 1.1350e+02     2.6017    191.704    35.3315    22.2983    189.051      9.385    29.0438          4 0.0000e+00
    470.375     10.466    28.9970   5.777969     0.0386    12.5000     0.0855 8.0989e+01     2.6052    193.137    35.3366    22.3187    188.609     10.408    28.9945          4 0.0000e+00
    472.625     11.262    28.9612   5.775987     0.0331    45.0000     0.0858 1.8808e+02     2.6139    184.782    35.3492    22.3402    190.291     11.199    28.9585          2 0.0000e+00
    473.375     12.090    28.8653   5.763662     0.0441   -65.0000     0.0858 1.2629e+02     2.6217    193.453    35.3349    22.3615    189.262     12.023    28.8624          4 0.0000e+00
    474.375     13.120    28.7600   5.753496     0.0588    62.5000     0.0858 1.4657e+02     2.5674    196.046    35.3424    22.4023    178.955     13.046    28.7569          4 0.0000e+00
    477.375     14.141    28.6520   5.743691     0.0423    20.0000     0.0849 1.9366e+02     2.6060    194.719    35.3544    22.4474    191.443     14.063    28.6486          4 0.0000e+00
    478.375     15.182    28.5487   5.733118     0.0606    52.5000     0.0868 4.2784e+01     2.5955    196.584    35.3576    22.4841    188.640     15.098    28.5450          4 0.0000e+00
    479.250     16.067    28.5290   5.734649     0.0686   143.3333     0.0886 9.5819e+01     2.5966    191.990    35.3827    22.5096    190.611     15.977    28.5251          3 0.0000e+00
    481.500     16.691    28.2440   5.704188     0.0784   193.3333     0.0897 1.5891e+02     2.6473    192.617    35.3830    22.6039    196.474     16.597    28.2401          3 0.0000e+00
    482.375     17.566    28.1027   5.689341     0.0679    17.5000     0.0896 7.0914e+01     2.6636    202.293    35.3847    22.6517    198.268     17.468    28.0986          4 0.0000e+00
    483.375     18.457    27.9514   5.675322     0.0808   185.0000     0.0906 1.5599e+02     2.6754    197.047    35.3998    22.7127    199.245     18.354    27.9470          4 0.0000e+00
    484.375     18.901    27.7964   5.660198     0.0826   200.0000     0.0923 1.5360e+02     2.6799    195.692    35.4099    22.7709    199.332     18.795    27.7919          4 0.0000e+00
    485.375     19.612    27.5236   5.633637     0.0863   155.0000     0.0917 1.3445e+02     2.6709    201.052    35.4281    22.8732    198.774     19.503    27.5190          4 0.0000e+00
    486.375     20.362    27.1442   5.594505     0.1157   150.0000     0.0983 1.2355e+02     2.6619    204.620    35.4377    23.0027    199.680     20.249    27.1396          4 0.0000e+00
    487.375     20.926    26.9889   5.581698     0.1285   130.0000     0.1163 1.3142e+02     2.6602    206.946    35.4644    23.0726    199.976     20.809    26.9842          4 0.0000e+00
    488.375     21.474    26.8960   5.574189     0.1359   110.0000     0.1091 1.2536e+02     2.6511    208.133    35.4814    23.1153    198.716     21.354    26.8911          4 0.0000e+00
    489.375     22.073    26.6457   5.547762     0.1506   170.0000     0.1090 1.1876e+02     2.6338    208.578    35.4831    23.1962    197.747     21.950    26.6407          4 0.0000e+00
    490.375     22.646    26.3983   5.523869     0.1469   200.0000     0.1083 1.2236e+02     2.6204    207.750    35.5008    23.2878    197.667     22.519    26.3931          4 0.0000e+00
    491.375     23.318    26.1217   5.500241     0.1506   240.0000     0.1130 1.1215e+02     2.6110    206.944    35.5427    23.4064    197.244     23.188    26.1165          4 0.0000e+00
    492.375     24.236    25.6769   5.454806     0.1800   245.0000     0.1127 8.5147e+01     2.5852    208.828    35.5562    23.5552    194.866     24.101    25.6715          4 0.0000e+00
    493.125     24.826    25.4320   5.433388     0.1984   240.0000     0.1150 9.9126e+01     2.5587    209.416    35.5898    23.6564    193.556     24.687    25.4265          2 0.0000e+00
    495.375     25.479    25.2023   5.410471     0.2222   220.0000     0.1180 6.3430e+01     2.5413    205.918    35.6004    23.7350    192.025     25.337    25.1967          4 0.0000e+00
    496.375     26.546    25.0843   5.396903     0.2350   260.0000     0.1275 4.7164e+01     2.4768    205.911    35.5923    23.7650    181.839     26.397    25.0785          4 0.0000e+00
    499.500     27.353    25.0203   5.388508     0.2424   243.3333     0.1283 3.6138e+01     2.4559    199.239    35.5800    23.7753    187.893     27.200    25.0144          3 0.0000e+00
    500.375     28.200    24.9671   5.383968     0.2314   295.0000     0.1337 1.1284e+01     2.4484    200.377    35.5879    23.7975    186.208     28.042    24.9610          4 0.0000e+00
    503.625     29.162    24.8636   5.372839     0.2864   310.0000     0.1357 1.6938e+01     2.4465    192.146    35.5864    23.8279    185.180     28.998    24.8573          2 0.0000e+00
    504.375     29.770    24.7779   5.365322     0.2846   322.5000     0.1382 1.0112e+01     2.4232    195.341    35.5978    23.8625    182.021     29.603    24.7715          4 0.0000e+00
    507.375     31.194    24.5822   5.345542     0.3599   317.5000     0.1420 2.0858e+01     2.3718    193.295    35.6043    23.9268    181.510     31.018    24.5755          4 0.0000e+00
    508.375     32.168    24.2761   5.317495     0.5656   642.5000     0.1462 2.4989e+01     2.3912    194.218    35.6365    24.0429    186.596     31.987    24.2692          4 0.0000e+00
    509.375     32.803    23.8113   5.268634     0.6923   740.0000     0.1533 4.2728e+01     2.4220    190.956    35.6379    24.1823    191.256     32.618    23.8044          4 0.0000e+00
    510.375     33.154    23.5885   5.249952     0.6978   747.5000     0.1569 3.7350e+01     2.4427    186.592    35.6744    24.2757    192.515     32.968    23.5816          4 0.0000e+00
    511.375     33.612    23.4796   5.241427     0.7143   705.0000     0.1676 3.3670e+01     2.4462    187.005    35.6968    24.3247    191.106     33.423    23.4726          4 0.0000e+00
    512.375     34.058    23.4491   5.240910     0.5876   600.0000     0.1766 3.1155e+01     2.4295    187.937    35.7174    24.3492    186.831     33.867    23.4420          4 0.0000e+00
    513.375     34.852    23.3411   5.232769     0.4572   392.5000     0.1804 2.4338e+01     2.3830    191.792    35.7421    24.3995    179.361     34.655    23.3339          4 0.0000e+00
    514.375     35.812    23.1506   5.214449     0.3838   352.5000     0.1759 2.2685e+01     2.3164    198.030    35.7554    24.4651    174.007     35.611    23.1432          4 0.0000e+00
    515.375     36.395    23.0298   5.202825     0.4976   490.0000     0.1643 2.4972e+01     2.2821    200.693    35.7636    24.5064    174.955     36.190    23.0223          4 0.0000e+00
    516.375     36.819    22.9376   5.193256     0.7621   840.0000     0.1655 2.3398e+01     2.2815    199.785    35.7645    24.5338    179.280     36.611    22.9301          4 0.0000e+00
    517.375     37.588    22.7414   5.168296     1.0871  1265.0000     0.1591 2.0492e+01     2.3191    196.411    35.7307    24.5647    186.289     37.377    22.7338          4 0.0000e+00
    518.375     37.764    22.6243   5.156382     1.1513  1307.5000     0.1815 2.4582e+01     2.3569    189.285    35.7336    24.6005    190.021     37.551    22.6167          4 0.0000e+00
    519.375     37.007    22.6779   5.162985     1.1403  1262.5000     0.1907 2.9133e+01     2.3932    178.986    35.7415    24.5911    193.884     36.799    22.6704          4 0.0000e+00
    520.125     36.317    22.7646   5.171993     1.1385  1250.0000     0.2000 3.3060e+01     2.4256    175.398    35.7409    24.5658    196.000     36.112    22.7571          2 0.0000e+00
    522.375     35.864    22.9541   5.194043     0.5839   450.0000     0.1872 4.0253e+01     2.4179    187.546    35.7575    24.5236    188.372     35.662    22.9468          4 0.0000e+00
    523.375     34.749    23.0653   5.206494     0.4481   302.5000     0.1418 4.5205e+01     2.4008    193.639    35.7636    24.4960    187.406     34.554    23.0582          4 0.0000e+00
    524.375     33.513    23.2317   5.222971     0.4627   407.5000     0.1607 5.2142e+01     2.3958    196.260    35.7559    24.4418    187.584     33.324    23.2248          4 0.0000e+00
    525.250     33.000    23.3766   5.231857     0.4921   386.6667     0.1811 5.3312e+01     2.3998    199.919    35.7070    24.3624    188.662     32.814    23.3698          3 0.0000e+00
    526.500     32.862    23.5726   5.249048     0.6317   680.0000     0.1738 5.6994e+01     2.4188    198.009    35.6804    24.2848    190.505     32.677    23.5658          3 0.0000e+00
    527.375     32.325    23.7163   5.261059     0.7180   770.0000     0.1783 6.5762e+01     2.4313    192.110    35.6566    24.2245    190.911     32.144    23.7096          4 0.0000e+00
    528.375     31.358    24.1432   5.304588     0.5876   737.5000     0.1787 7.2367e+01     2.4415    187.905    35.6453    24.0893    190.114     31.182    24.1366          4 0.0000e+00
    529.375     30.535    24.4516   5.333383     0.4995   420.0000     0.1504 8.0007e+01     2.4488    187.190    35.6170    23.9755    189.172     30.363    24.4451          4 0.0000e+00
    530.375     29.965    24.5751   5.343710     0.4481   405.0000     0.1431 9.0293e+01     2.4478    188.373    35.5966    23.9229    188.662     29.796    24.5687          4 0.0000e+00
    531.375     29.285    24.6719   5.352638     0.3269   287.5000     0.1405 1.0056e+02     2.4565    190.749    35.5870    23.8864    190.601     29.120    24.6656          4 0.0000e+00
    532.375     28.437    24.7985   5.365604     0.3104   295.0000     0.1374 1.1297e+02     2.4798    192.204    35.5841    23.8458    193.333     28.277    24.7923          4 0.0000e+00
    533.375     27.651    24.8732   5.372107     0.2993   255.0000     0.1355 1.1361e+02     2.5073    192.533    35.5739    23.8154    196.221     27.496    24.8672          4 0.0000e+00
    534.375     27.338    24.9221   5.376755     0.2773   287.5000     0.1362 1.1466e+02     2.5397    192.733    35.5699    23.7976    199.034     27.185    24.9162          4 0.0000e+00
    535.375     26.935    24.9767   5.382597     0.2589   255.0000     0.1408 1.4047e+02     2.5650    191.828    35.5706    23.7814    201.047     26.784    24.9708          4 0.0000e+00
    536.375     25.915    25.0306   5.388974     0.2662   260.0000     0.1342 1.4937e+02     2.5920    192.464    35.5759    23.7689    203.290     25.769    25.0249          4 0.0000e+00
    537.375     25.185    25.0980   5.396948     0.2277   272.5000     0.1296 1.4380e+02     2.6159    195.965    35.5823    23.7531    205.431     25.044    25.0925          4 0.0000e+00
    538.375     24.883    25.1635   5.404004     0.2203   265.0000     0.1308 1.6689e+02     2.6429    199.342    35.5832    23.7337    207.320     24.743    25.1581          4 0.0000e+00
    539.375     24.157    25.2886   5.416212     0.2093   220.0000     0.1283 1.8704e+02     2.6574    202.679    35.5756    23.6897    207.255     24.021    25.2833          4 0.0000e+00
    540.375     23.466    25.5270   5.440987     0.2057   220.0000     0.1203 1.6249e+02     2.6665    204.256    35.5719    23.6134    206.787     23.335    25.5218          4 0.0000e+00
    541.375     23.296    25.7253   5.459495     0.1836   197.5000     0.1218 1.6152e+02     2.6723    205.829    35.5531    23.5378    206.630     23.166    25.7202          4 0.0000e+00
    542.375     22.533    26.0193   5.488757     0.1910   222.5000     0.1185 1.6947e+02     2.6787    207.192    35.5387    23.4353    206.359     22.407    26.0143          4 0.0000e+00
    543.375     21.459    26.3920   5.523840     0.1671   212.5000     0.1160 1.8770e+02     2.6895    208.514    35.5057    23.2934    205.823     21.339    26.3872          4 0.0000e+00
    545.625     21.019    26.8776   5.568226     0.1322   735.0000     0.1118 1.3934e+02     2.6750    207.041    35.4528    23.0996    201.776     20.901    26.8728          2 0.0000e+00
    546.375     20.032    26.9524   5.575172     0.1579   212.5000     0.1111 1.4181e+02     2.6743    207.116    35.4458    23.0703    201.277     19.920    26.9478          4 0.0000e+00
    547.250     18.940    27.0997   5.588438     0.1445   173.3333     0.1061 1.4633e+02     2.6636    207.157    35.4287    23.0102    198.876     18.834    27.0953          3 0.0000e+00
    550.375     17.702    27.7987   5.657396     0.0882    95.0000     0.0958 1.5628e+02     2.6307    203.293    35.3888    22.7541    194.965     17.603    27.7946          4 0.0000e+00
    553.500     16.672    28.1456   5.690854     0.0637    16.6667     0.0888 1.6739e+02     2.6187    197.408    35.3635    22.6216    191.850     16.579    28.1417          3 0.0000e+00
    554.375     15.811    28.2267   5.699428     0.0643    42.5000     0.0881 1.7586e+02     2.6104    196.766    35.3630    22.5945    191.374     15.723    28.2229          4 0.0000e+00
    555.375     15.220    28.2962   5.705999     0.0588    57.5000     0.0880 1.8865e+02     2.6133    197.310    35.3571    22.5671    192.095     15.136    28.2926          4 0.0000e+00
    556.375     14.842    28.4007   5.716421     0.0679   -35.0000     0.0886 1.9594e+02     2.6191    197.431    35.3518    22.5286    192.022     14.759    28.3972          4 0.0000e+00
    557.375     14.474    28.5354   5.730774     0.0478   157.5000     0.0890 2.0879e+02     2.6166    196.720    35.3514    22.4838    190.816     14.393    28.5320          4 0.0000e+00
    558.375     14.243    28.5959   5.736140     0.0551    82.5000     0.0895 2.1214e+02     2.6106    195.297    35.3437    22.4579    190.352     14.163    28.5925          4 0.0000e+00
    559.375     13.528    28.6358   5.739876     0.0441    47.5000     0.0868 2.3935e+02     2.6145    193.801    35.3402    22.4420    190.971     13.452    28.6326          4 0.0000e+00
    560.375     12.424    28.6892   5.744701     0.0441    47.5000     0.0873 2.6944e+02     2.6168    194.427    35.3343    22.4198    190.347     12.355    28.6862          4 0.0000e+00
    563.375     11.180    28.8728   5.763801     0.0496    -2.5000     0.0886 3.2871e+02     2.6075    193.416    35.3306    22.3558    189.342     11.118    28.8700          4 0.0000e+00
