cruises/P45_06/L2/CTD/CTD_1s/P45_06_CTD_06_1s.cnv
* Sea-Bird SBE19plus  Data File:
* FileName = C:\Users\OA_2023-03\Desktop\Bathymetry\ctd_casts\P3_16_04-25002.hex
* Software version 2.3.0 SB_Terminal.dll
* Temperature SN = 8460
* Conductivity SN = 8460
* System UpLoad Time = Apr 16 2026 15:33:25
* <ApplicationData>
* <SeatermAF>
# nquan = 17
# nvalues = 626                         
# units = specified
# name 0 = timeS: Time, Elapsed [seconds]
# name 1 = prdM: Pressure, Strain Gauge [db]
# name 2 = tv290C: Temperature [ITS-90, deg C]
# name 3 = c0S/m: Conductivity [S/m]
# name 4 = flECO-AFL: Fluorescence, WET Labs ECO-AFL/FL [mg/m^3]
# name 5 = flECO-AFL1: Fluorescence, WET Labs ECO-AFL/FL, 2 [mg/m^3]
# name 6 = CStarAt0: Beam Attenuation, WET Labs C-Star [1/m]
# name 7 = par/sat/log: PAR/Logarithmic, Satlantic [umol photons/m^2/sec]
# name 8 = sbeox0V: Oxygen raw, SBE 43 [V]
# name 9 = sbeox0Mm/L: Oxygen, SBE 43 [umol/l]
# name 10 = sal00: Salinity, Practical [PSU]
# name 11 = sigma-é00: Density [sigma-theta, kg/m^3]
# name 12 = sbox0Mm/Kg: Oxygen, SBE 43 [umol/kg], WS = 2
# name 13 = depSM: Depth [salt water, m], lat = 5.51
# name 14 = potemp090C: Potential Temperature [ITS-90, deg C]
# name 15 = nbin: number of scans per bin
# name 16 = flag: flag
# span 0 =    134.375,   1052.375       
# span 1 =      0.067,    168.021       
# span 2 =    15.8934,    29.8179       
# span 3 =   4.458210,   5.834616       
# span 4 =    -0.0343,     1.2560       
# span 5 = -7817.5000,  1107.5000       
# span 6 =     0.0210,    16.1465       
# span 7 = 1.1775e-01, 1.6450e+03       
# span 8 =     1.2455,     2.6401       
# span 9 =     86.775,    206.051       
# span 10 =    35.1058,    35.8775      
# span 11 =    21.8817,    26.2662      
# span 12 =     84.566,    205.635      
# span 13 =      0.067,    167.022      
# span 14 =    15.8668,    29.8177      
# span 15 =          2,          4      
# span 16 = 0.0000e+00, 0.0000e+00      
# interval = seconds: 1                 
# start_time = Apr 16 2026 14:33:22 [Instrument's time stamp, header]
# bad_flag = -9.990e-29
*END*
[from data line 596]
    958.375     14.897    29.1164   5.763280     0.0441   157.5000     0.0748 2.9253e+02     2.5282    185.732    35.1461    22.1360    181.779     14.814    29.1128          4 0.0000e+00
    959.375     14.091    29.1355   5.764969     0.0331   125.0000     0.0745 3.0585e+02     2.5322    185.740    35.1439    22.1279    182.001     14.013    29.1321          4 0.0000e+00
    960.375     13.596    29.1570   5.766826     0.0386   177.5000     0.0751 3.0153e+02     2.5329    185.777    35.1410    22.1185    181.828     13.520    29.1537          4 0.0000e+00
    961.375     13.360    29.1846   5.769312     0.0330   135.0000     0.0814 2.8935e+02     2.5317    185.702    35.1379    22.1068    181.481     13.285    29.1813          4 0.0000e+00
    962.375     12.977    29.1869   5.769181     0.0367   110.0000     0.0818 2.5943e+02     2.5287    185.170    35.1354    22.1042    181.110     12.905    29.1838          4 0.0000e+00
    963.375     12.186    29.1993   5.770437     0.0275    67.5000     0.0855 2.9885e+02     2.5263    185.059    35.1352    22.0998    181.042     12.118    29.1963          4 0.0000e+00
    964.375     11.519    29.2079   5.771060     0.0294     0.0000     0.0927 2.8245e+02     2.5274    185.819    35.1333    22.0955    181.319     11.454    29.2051          4 0.0000e+00
    981.375     11.157    29.2174   5.771929     0.0294   102.5000     0.0757 2.9839e+02     2.5326    185.611    35.1324    22.0916    181.598     11.094    29.2146          4 0.0000e+00
    982.375     10.371    29.2153   5.771511     0.0367    90.0000     0.0773 3.0777e+02     2.5327    185.215    35.1313    22.0913    181.593     10.314    29.2128          4 0.0000e+00
    983.375      9.373    29.2182   5.771705     0.0294   157.5000     0.0742 2.8369e+02     2.5328    185.217    35.1308    22.0899    181.589      9.322    29.2159          4 0.0000e+00
    984.375      8.811    29.2258   5.772426     0.0349   172.5000     0.0754 3.1439e+02     2.5338    185.394    35.1303    22.0870    181.604      8.761    29.2236          4 0.0000e+00
    985.375      8.693    29.2386   5.773906     0.0276   102.5000     0.0750 3.0718e+02     2.5321    185.512    35.1312    22.0833    181.317      8.645    29.2365          4 0.0000e+00
    986.375      8.268    29.2397   5.773756     0.0312   157.5000     0.0742 4.3975e+02     2.5322    185.517    35.1294    22.0816    181.471      8.222    29.2377          4 0.0000e+00
    987.375      7.409    29.2502   5.775025     0.0312   110.0000     0.0747 5.6082e+02     2.5332    185.452    35.1307    22.0789    181.575      7.367    29.2483          4 0.0000e+00
    988.375      6.629    29.2609   5.775931     0.0257    60.0000     0.0752 5.2091e+02     2.5353    185.399    35.1293    22.0742    181.609      6.592    29.2593          4 0.0000e+00
    989.375      6.119    29.2683   5.776462     0.0257   142.5000     0.0745 5.6285e+02     2.5338    185.468    35.1276    22.0704    181.393      6.085    29.2669          4 0.0000e+00
    990.375      5.481    29.2695   5.776314     0.0220    87.5000     0.0750 5.8568e+02     2.5351    185.253    35.1259    22.0687    181.850      5.450    29.2681          4 0.0000e+00
    991.375      4.596    29.2895   5.778516     0.0349   130.0000     0.0733 6.3800e+02     2.5422    185.102    35.1266    22.0624    182.445      4.571    29.2884          4 0.0000e+00
    992.375      3.927    29.3123   5.780759     0.0294   135.0000     0.0774 6.1613e+02     2.5437    185.281    35.1255    22.0539    182.115      3.905    29.3113          4 0.0000e+00
    993.375      3.432    29.3452   5.784383     0.0275   122.5000     0.0766 7.7347e+02     2.5421    185.420    35.1264    22.0434    181.680      3.413    29.3443          4 0.0000e+00
    994.375      2.807    29.4186   5.791950     0.0202    55.0000     0.0748 9.6936e+02     2.5395    185.015    35.1246    22.0172    181.336      2.791    29.4179          4 0.0000e+00
    995.375      1.903    29.5870   5.810990     0.0294   107.5000     0.0708 1.1300e+03     2.5400    184.614    35.1318    21.9656    181.009      1.892    29.5865          4 0.0000e+00
   1014.125      1.398    29.8041   5.833341     0.0147    -5.0000     0.0819 1.6450e+03     2.5448    183.993    35.1258    21.8874    180.702      1.390    29.8038          2 0.0000e+00
   1028.125      1.321    29.8098   5.833846     0.0220   215.0000     0.0774 7.2163e+02     2.5437    183.630    35.1251    21.8850    180.439      1.314    29.8094          2 0.0000e+00
   1030.500      1.139    29.8126   5.834031     0.0220     3.3333     0.0773 9.9196e+02     2.5422    184.390    35.1244    21.8834    180.546      1.133    29.8123          3 0.0000e+00
   1031.375      0.926    29.8179   5.834616     0.0110    47.5000     0.0776 6.8357e+02     2.5434    184.353    35.1245    21.8817    180.517      0.921    29.8177          4 0.0000e+00
   1033.375      0.800    29.8158   5.834340     0.0367    47.5000     0.0874 9.0995e+02     2.5417    184.353    35.1242    21.8822    180.451      0.795    29.8156          4 0.0000e+00
   1034.375      0.544    29.8124   5.833856     0.0257   115.0000     0.0961 1.1802e+03     2.5469    184.018    35.1235    21.8828    180.862      0.541    29.8122          4 0.0000e+00
   1051.375      0.285    29.8156   5.834413     0.0202    -7.5000     5.7101 3.0482e+02     2.2624    184.687    35.1250    21.8828    151.916      0.284    29.8155          4 0.0000e+00
   1052.375      0.067    29.8161   5.834339     0.0220 -7817.5000    16.1465 3.1250e+02     2.2325    183.002    35.1242    21.8820    151.189      0.067    29.8161          4 0.0000e+00
