cruises/P45_06/L2/CTD/CTD_1s/P45_06_CTD_02_1s.cnv
* Sea-Bird SBE19plus  Data File:
* FileName = C:\Users\OA_2023-03\Desktop\Bathymetry\ctd_casts\J3_15_04_25002.hex
* Software version 2.3.0 SB_Terminal.dll
* Temperature SN = 8460
* Conductivity SN = 8460
* System UpLoad Time = Apr 15 2026 17:07:40
* <ApplicationData>
* <SeatermAF>
# nquan = 17
# nvalues = 634                         
# units = specified
# name 0 = timeS: Time, Elapsed [seconds]
# name 1 = prdM: Pressure, Strain Gauge [db]
# name 2 = tv290C: Temperature [ITS-90, deg C]
# name 3 = c0S/m: Conductivity [S/m]
# name 4 = flECO-AFL: Fluorescence, WET Labs ECO-AFL/FL [mg/m^3]
# name 5 = flECO-AFL1: Fluorescence, WET Labs ECO-AFL/FL, 2 [mg/m^3]
# name 6 = CStarAt0: Beam Attenuation, WET Labs C-Star [1/m]
# name 7 = par/sat/log: PAR/Logarithmic, Satlantic [umol photons/m^2/sec]
# name 8 = sbeox0V: Oxygen raw, SBE 43 [V]
# name 9 = sbeox0Mm/L: Oxygen, SBE 43 [umol/l]
# name 10 = sal00: Salinity, Practical [PSU]
# name 11 = sigma-é00: Density [sigma-theta, kg/m^3]
# name 12 = sbox0Mm/Kg: Oxygen, SBE 43 [umol/kg], WS = 2
# name 13 = depSM: Depth [salt water, m], lat = 5.51
# name 14 = potemp090C: Potential Temperature [ITS-90, deg C]
# name 15 = nbin: number of scans per bin
# name 16 = flag: flag
# span 0 =     96.625,   1086.375       
# span 1 =     -0.071,    166.127       
# span 2 =    16.1433,    29.7759       
# span 3 =   0.033122,   5.820802       
# span 4 =   -12.8978,     0.7731       
# span 5 =-19556.6667,  1062.5000       
# span 6 =     0.0030,    15.8860       
# span 7 = 1.1792e-01, 6.9981e+02       
# span 8 =     1.2872,     2.5598       
# span 9 =     91.252,    201.727       
# span 10 =     0.1468,    35.9151      
# span 11 =    -4.1346,    26.2302      
# span 12 =     89.023,    197.283      
# span 13 =     -0.071,    165.140      
# span 14 =    16.1167,    29.7756      
# span 15 =          2,          4      
# span 16 = 0.0000e+00, 0.0000e+00      
# interval = seconds: 1                 
# start_time = Apr 15 2026 15:54:22 [Instrument's time stamp, header]
# bad_flag = -9.990e-29
*END*
[from data line 171]
    463.375     98.704    17.8698   4.677186     0.0881   157.5000     0.0172 2.0671e-01     1.3643     97.038    35.8243    25.9400     93.791     98.133    17.8529          4 0.0000e+00
    464.375     99.204    17.8185   4.671102     0.0845   115.0000     0.0181 1.8553e-01     1.3643     97.272    35.8168    25.9469     93.895     98.630    17.8015          4 0.0000e+00
    465.375     99.650    17.7727   4.666087     0.0973   170.0000     0.0174 1.7863e-01     1.3629     97.141    35.8138    25.9559     93.599     99.073    17.7557          4 0.0000e+00
    466.375    100.020    17.7482   4.663596     0.0771   152.5000     0.0168 2.0272e-01     1.3603     96.606    35.8138    25.9619     93.239     99.441    17.7311          4 0.0000e+00
    467.375    100.407    17.7371   4.662472     0.0918   102.5000     0.0160 1.8203e-01     1.3573     96.265    35.8137    25.9645     92.801     99.826    17.7200          4 0.0000e+00
    468.375    100.904    17.7308   4.661850     0.1010   215.0000     0.0159 1.6280e-01     1.3533     96.262    35.8137    25.9661     92.245    100.320    17.7136          4 0.0000e+00
    469.375    101.480    17.7115   4.659732     0.0863   107.5000     0.0150 1.8115e-01     1.3487     96.546    35.8122    25.9698     91.783    100.893    17.6942          4 0.0000e+00
    470.375    101.892    17.6716   4.654852     0.0790   185.0000     0.0153 1.9049e-01     1.3451     96.464    35.8051    25.9742     91.727    101.302    17.6542          4 0.0000e+00
    471.375    102.406    17.6302   4.650356     0.0845   145.0000     0.0155 1.5012e-01     1.3432     95.996    35.8026    25.9823     91.761    101.814    17.6128          4 0.0000e+00
    472.375    102.948    17.5831   4.645148     0.0771   135.0000     0.0145 1.4838e-01     1.3417     95.633    35.7989    25.9909     91.682    102.352    17.5657          4 0.0000e+00
    473.375    103.564    17.5368   4.639968     0.0808   142.5000     0.0147 1.3591e-01     1.3399     95.135    35.7947    25.9991     91.458    102.965    17.5193          4 0.0000e+00
    474.375    103.893    17.5223   4.638729     0.0661   130.0000     0.0137 1.3792e-01     1.3372     94.524    35.7967    26.0042     91.121    103.291    17.5047          4 0.0000e+00
    475.375    104.388    17.5172   4.638281     0.0716   135.0000     0.0150 1.3006e-01     1.3344     94.142    35.7971    26.0057     90.775    103.783    17.4995          4 0.0000e+00
    476.375    105.187    17.5017   4.636449     0.0698   162.5000     0.0133 1.1796e-01     1.3313     94.230    35.7947    26.0076     90.629    104.578    17.4839          4 0.0000e+00
    477.375    105.717    17.4751   4.633330     0.0698   115.0000     0.0131 1.2252e-01     1.3305     94.283    35.7909    26.0113     90.683    105.104    17.4573          4 0.0000e+00
    478.375    106.071    17.4437   4.629603     0.0680    70.0000     0.0126 1.2187e-01     1.3284     94.133    35.7862    26.0153     90.464    105.456    17.4258          4 0.0000e+00
    479.375    106.477    17.4267   4.628055     0.0679   102.5000     0.0138 1.1902e-01     1.3269     93.758    35.7876    26.0206     90.400    105.860    17.4088          4 0.0000e+00
    480.375    107.262    17.3923   4.623988     0.0606    62.5000     0.0127 1.1805e-01     1.3259     93.437    35.7825    26.0249     90.456    106.640    17.3742          4 0.0000e+00
    481.375    107.978    17.3739   4.622151     0.0624   205.0000     0.0125 1.1802e-01     1.3255     93.067    35.7825    26.0294     90.478    107.351    17.3558          4 0.0000e+00
    482.375    108.181    17.3708   4.621880     0.0698   122.5000     0.0125 1.1797e-01     1.3245     93.161    35.7828    26.0304     90.362    107.554    17.3526          4 0.0000e+00
    483.375    108.389    17.3686   4.621617     0.0588   157.5000     0.0122 1.1792e-01     1.3244     93.020    35.7824    26.0307     90.461    107.760    17.3504          4 0.0000e+00
    484.375    108.685    17.3646   4.621135     0.0569   135.0000     0.0119 1.1795e-01     1.3243     92.825    35.7817    26.0311     90.466    108.054    17.3463          4 0.0000e+00
    485.375    109.126    17.3597   4.620620     0.0624   157.5000     0.0121 1.1801e-01     1.3242     92.787    35.7813    26.0321     90.390    108.493    17.3413          4 0.0000e+00
    486.375    109.613    17.3486   4.619366     0.0679   157.5000     0.0129 1.1795e-01     1.3235     92.869    35.7801    26.0337     90.310    108.977    17.3302          4 0.0000e+00
    487.375    109.961    17.3386   4.618231     0.0551   110.0000     0.0129 1.1801e-01     1.3228     92.803    35.7789    26.0353     90.165    109.323    17.3201          4 0.0000e+00
    488.375    110.385    17.3271   4.616937     0.0588    65.0000     0.0128 1.1799e-01     1.3217     92.796    35.7777    26.0372     90.158    109.744    17.3085          4 0.0000e+00
    489.375    111.059    17.3036   4.614471     0.0478   197.5000     0.0153 1.1799e-01     1.3211     92.941    35.7768    26.0421     90.088    110.414    17.2850          4 0.0000e+00
    490.375    111.858    17.2642   4.609685     0.0661    82.5000     0.0119 1.1794e-01     1.3200     93.008    35.7697    26.0463     90.061    111.208    17.2455          4 0.0000e+00
    491.375    112.569    17.2483   4.608204     0.0606   137.5000     0.0126 1.1798e-01     1.3196     92.898    35.7706    26.0508     90.149    111.914    17.2295          4 0.0000e+00
    492.375    113.155    17.2466   4.608188     0.0533    42.5000     0.0119 1.1804e-01     1.3193     92.820    35.7718    26.0522     90.188    112.497    17.2277          4 0.0000e+00
    493.375    113.700    17.2463   4.608165     0.0533    90.0000     0.0120 1.1802e-01     1.3198     92.598    35.7717    26.0522     90.306    113.039    17.2272          4 0.0000e+00
    494.375    114.467    17.2443   4.607947     0.0643    75.0000     0.0118 1.1800e-01     1.3201     92.638    35.7712    26.0523     90.264    113.801    17.2252          4 0.0000e+00
    496.625    114.857    17.2460   4.608199     0.0624    45.0000     0.0118 1.1798e-01     1.3197     92.471    35.7718    26.0524     90.211    114.189    17.2268          2 0.0000e+00
    497.375    115.118    17.2464   4.608189     0.0643   157.5000     0.0130 1.1806e-01     1.3195     92.497    35.7712    26.0519     90.213    114.448    17.2271          4 0.0000e+00
    498.375    115.779    17.2409   4.607541     0.0643   102.5000     0.0116 1.1798e-01     1.3198     92.627    35.7702    26.0524     90.324    115.105    17.2215          4 0.0000e+00
    499.250    116.371    17.2357   4.606971     0.0514   193.3333     0.0109 1.1798e-01     1.3202     92.781    35.7696    26.0532     90.398    115.694    17.2162          3 0.0000e+00
    500.625    116.564    17.2344   4.606854     0.0771    85.0000     0.0111 1.1794e-01     1.3211     92.595    35.7696    26.0536     90.546    115.885    17.2149          2 0.0000e+00
    501.375    116.984    17.2271   4.606095     0.0533   117.5000     0.0126 1.1800e-01     1.3214     92.573    35.7693    26.0551     90.596    116.303    17.2076          4 0.0000e+00
    502.375    117.674    17.2105   4.604050     0.0680    82.5000     0.0104 1.1807e-01     1.3222     92.644    35.7660    26.0566     90.823    116.988    17.1908          4 0.0000e+00
    503.375    118.112    17.1990   4.602847     0.0478   172.5000     0.0119 1.1800e-01     1.3236     92.706    35.7655    26.0590     90.942    117.424    17.1793          4 0.0000e+00
    504.375    118.287    17.1938   4.602371     0.0532    37.5000     0.0122 1.1797e-01     1.3239     92.834    35.7659    26.0606     90.836    117.597    17.1741          4 0.0000e+00
    505.375    118.807    17.1738   4.600061     0.0569   150.0000     0.0109 1.1792e-01     1.3235     92.951    35.7633    26.0634     90.660    118.115    17.1540          4 0.0000e+00
    506.375    119.516    17.1385   4.596021     0.0441    27.5000     0.0105 1.1800e-01     1.3220     93.122    35.7591    26.0687     90.448    118.820    17.1185          4 0.0000e+00
    507.375    120.164    17.1043   4.592125     0.0478   110.0000     0.0107 1.1794e-01     1.3200     93.298    35.7551    26.0739     90.220    119.463    17.0843          4 0.0000e+00
    508.375    120.686    17.0849   4.590240     0.0478   115.0000     0.0109 1.1801e-01     1.3180     93.621    35.7557    26.0789     90.102    119.983    17.0649          4 0.0000e+00
    509.375    121.380    17.0592   4.587279     0.0459   130.0000     0.0101 1.1797e-01     1.3164     93.627    35.7524    26.0826     90.033    120.671    17.0390          4 0.0000e+00
    510.375    121.966    17.0362   4.584792     0.0441   152.5000     0.0096 1.1800e-01     1.3156     93.475    35.7508    26.0869     90.319    121.254    17.0160          4 0.0000e+00
    511.375    122.291    17.0237   4.583516     0.0551    67.5000     0.0094 1.1799e-01     1.3175     93.169    35.7506    26.0898     91.042    121.576    17.0034          4 0.0000e+00
    512.375    122.695    17.0078   4.581767     0.0386   117.5000     0.0098 1.1798e-01     1.3219     92.842    35.7493    26.0926     91.684    121.978    16.9875          4 0.0000e+00
    513.375    123.340    16.9777   4.578356     0.0367   132.5000     0.0089 1.1801e-01     1.3251     92.586    35.7460    26.0972     91.940    122.619    16.9573          4 0.0000e+00
    514.375    124.076    16.9367   4.573661     0.0422   165.0000     0.0088 1.1795e-01     1.3281     92.553    35.7410    26.1032     92.605    123.352    16.9162          4 0.0000e+00
    517.375    124.525    16.9061   4.570702     0.0423   102.5000     0.0088 1.1795e-01     1.3455     94.182    35.7421    26.1113     94.346    123.798    16.8856          4 0.0000e+00
    518.375    125.185    16.8731   4.566751     0.0386    77.5000     0.0087 1.1798e-01     1.3467     94.717    35.7365    26.1149     94.091    124.454    16.8525          4 0.0000e+00
    519.375    125.740    16.8485   4.564056     0.0239    45.0000     0.0081 1.1805e-01     1.3452     94.953    35.7345    26.1193     93.507    125.005    16.8278          4 0.0000e+00
    520.375    125.938    16.8446   4.563862     0.0330   110.0000     0.0082 1.1799e-01     1.3416     95.863    35.7363    26.1215     92.936    125.202    16.8238          4 0.0000e+00
    521.375    126.404    16.8420   4.563598     0.0367    82.5000     0.0089 1.1796e-01     1.3381     97.245    35.7360    26.1220     92.841    125.665    16.8212          4 0.0000e+00
    522.375    127.140    16.8357   4.562882     0.0404   105.0000     0.0084 1.1802e-01     1.3378     97.600    35.7351    26.1227     93.420    126.396    16.8148          4 0.0000e+00
    523.375    127.821    16.8297   4.562244     0.0386    82.5000     0.0083 1.1797e-01     1.3405     97.141    35.7345    26.1238     93.949    127.073    16.8087          4 0.0000e+00
    524.375    128.234    16.8244   4.561793     0.0367    55.0000     0.0092 1.1807e-01     1.3426     96.505    35.7352    26.1255     94.186    127.484    16.8033          4 0.0000e+00
    525.375    128.887    16.7877   4.557226     0.0294   130.0000     0.0083 1.1801e-01     1.3453     95.643    35.7275    26.1284     94.679    128.133    16.7665          4 0.0000e+00
    526.375    129.611    16.7701   4.555644     0.0294   117.5000     0.0084 1.1801e-01     1.3490     95.130    35.7289    26.1336     95.467    128.852    16.7488          4 0.0000e+00
    527.375    130.018    16.7681   4.555540     0.0386   125.0000     0.0085 1.1801e-01     1.3547     95.424    35.7296    26.1347     96.272    129.256    16.7468          4 0.0000e+00
    528.375    130.379    16.7682   4.555586     0.0275   142.5000     0.0089 1.1794e-01     1.3600     96.350    35.7298    26.1349     96.686    129.615    16.7468          4 0.0000e+00
    529.375    130.905    16.7666   4.555408     0.0312    67.5000     0.0093 1.1803e-01     1.3638     96.810    35.7295    26.1350     96.631    130.139    16.7451          4 0.0000e+00
    530.375    131.275    16.7652   4.555291     0.0312    47.5000     0.0080 1.1801e-01     1.3629     97.108    35.7295    26.1354     95.632    130.506    16.7437          4 0.0000e+00
    531.375    131.445    16.7648   4.555247     0.0349   102.5000     0.0086 1.1798e-01     1.3579     97.667    35.7294    26.1353     94.833    130.674    16.7433          4 0.0000e+00
    532.375    131.950    16.7609   4.554805     0.0386   165.0000     0.0107 1.1804e-01     1.3537     98.673    35.7288    26.1358     94.381    131.177    16.7393          4 0.0000e+00
    533.375    132.721    16.7312   4.551321     0.0331   155.0000     0.0104 1.1803e-01     1.3487     99.483    35.7244    26.1395     93.794    131.943    16.7094          4 0.0000e+00
    535.500    133.245    16.6730   4.545006     0.0171    60.0000     0.0084 1.1796e-01     1.3401     99.088    35.7204    26.1502     93.177    132.464    16.6512          3 0.0000e+00
    536.375    133.791    16.6611   4.543542     0.0202   132.5000     0.0083 1.1803e-01     1.3369     97.771    35.7179    26.1511     92.866    133.006    16.6393          4 0.0000e+00
    537.375    134.463    16.6534   4.542762     0.0275    67.5000     0.0070 1.1809e-01     1.3336     97.069    35.7176    26.1528     92.420    133.674    16.6314          4 0.0000e+00
    538.375    134.892    16.6508   4.542536     0.0257   110.0000     0.0070 1.1803e-01     1.3291     96.505    35.7178    26.1535     91.960    134.100    16.6288          4 0.0000e+00
    539.375    135.214    16.6499   4.542428     0.0312    42.5000     0.0067 1.1804e-01     1.3262     95.870    35.7176    26.1535     91.947    134.421    16.6278          4 0.0000e+00
    540.375    135.842    16.6462   4.542001     0.0275    97.5000     0.0066 1.1805e-01     1.3252     95.673    35.7168    26.1539     92.050    135.045    16.6240          4 0.0000e+00
    541.375    136.644    16.6347   4.540719     0.0330    47.5000     0.0067 1.1806e-01     1.3246     95.342    35.7155    26.1556     92.139    135.842    16.6123          4 0.0000e+00
    542.375    137.177    16.6075   4.537319     0.0257   145.0000     0.0067 1.1805e-01     1.3250     95.033    35.7095    26.1574     92.321    136.371    16.5851          4 0.0000e+00
    543.375    137.578    16.5903   4.535690     0.0220   170.0000     0.0070 1.1795e-01     1.3251     94.451    35.7103    26.1621     92.356    136.769    16.5679          4 0.0000e+00
    544.375    138.242    16.5731   4.533699     0.0128   102.5000     0.0082 1.1806e-01     1.3256     94.212    35.7079    26.1642     92.459    137.429    16.5506          4 0.0000e+00
    545.125    138.575    16.5647   4.532882     0.0000    35.0000     0.0069 1.1802e-01     1.3253     94.379    35.7081    26.1665     92.470    137.761    16.5421          2 0.0000e+00
    546.500    138.746    16.5581   4.532140     0.0147    96.6667     0.0071 1.1804e-01     1.3267     94.614    35.7073    26.1674     92.788    137.930    16.5355          3 0.0000e+00
    547.375    139.101    16.5543   4.531735     0.0220    70.0000     0.0074 1.1800e-01     1.3281     94.786    35.7070    26.1680     93.043    138.284    16.5317          4 0.0000e+00
    548.375    139.761    16.5475   4.530934     0.0202   110.0000     0.0065 1.1799e-01     1.3300     94.890    35.7058    26.1687     93.214    138.940    16.5247          4 0.0000e+00
    549.375    140.286    16.5410   4.530237     0.0276    80.0000     0.0059 1.1800e-01     1.3306     94.951    35.7051    26.1698     93.213    139.461    16.5183          4 0.0000e+00
    550.375    140.530    16.5357   4.529618     0.0147    60.0000     0.0070 1.1798e-01     1.3319     94.975    35.7043    26.1704     93.461    139.703    16.5129          4 0.0000e+00
