cruises/P45_06/_audit/08_binavg_cnv/08b_binavg_1m_down/P45_06_CTD_02_1m_down.cnv
* Sea-Bird SBE19plus  Data File:
* FileName = C:\Users\OA_2023-03\Desktop\Bathymetry\ctd_casts\J3_15_04_25002.hex
* Software version 2.3.0 SB_Terminal.dll
* Temperature SN = 8460
* Conductivity SN = 8460
* System UpLoad Time = Apr 15 2026 17:07:40
* <ApplicationData>
* <SeatermAF>
# nquan = 17
# nvalues = 165                         
# units = specified
# name 0 = timeS: Time, Elapsed [seconds]
# name 1 = prdM: Pressure, Strain Gauge [db]
# name 2 = tv290C: Temperature [ITS-90, deg C]
# name 3 = c0S/m: Conductivity [S/m]
# name 4 = flECO-AFL: Fluorescence, WET Labs ECO-AFL/FL [mg/m^3]
# name 5 = flECO-AFL1: Fluorescence, WET Labs ECO-AFL/FL, 2 [mg/m^3]
# name 6 = CStarAt0: Beam Attenuation, WET Labs C-Star [1/m]
# name 7 = par/sat/log: PAR/Logarithmic, Satlantic [umol photons/m^2/sec]
# name 8 = sbeox0V: Oxygen raw, SBE 43 [V]
# name 9 = sbeox0Mm/L: Oxygen, SBE 43 [umol/l]
# name 10 = sal00: Salinity, Practical [PSU]
# name 11 = sigma-é00: Density [sigma-theta, kg/m^3]
# name 12 = sbox0Mm/Kg: Oxygen, SBE 43 [umol/kg], WS = 2
# name 13 = depSM: Depth [salt water, m], lat = 5.51
# name 14 = potemp090C: Potential Temperature [ITS-90, deg C]
# name 15 = nbin: number of scans per bin
# name 16 = flag: flag
# span 0 =    103.090,    605.432       
# span 1 =      1.005,    165.986       
# span 2 =    16.1443,    29.7721       
# span 3 =   4.486519,   5.820320       
# span 4 =    -0.0089,     0.7273       
# span 5 =    20.9465,   951.6862       
# span 6 =     0.0036,     0.1106       
# span 7 = 1.1792e-01, 3.8185e+02       
# span 8 =     1.2876,     2.5475       
# span 9 =     91.421,    202.022       
# span 10 =    35.0397,    35.9147      
# span 11 =    21.8495,    26.2301      
# span 12 =     89.090,    192.786      
# span 13 =      1.000,    165.000      
# span 14 =    16.1178,    29.7718      
# span 15 =          3,         14      
# span 16 = 0.0000e+00, 0.0000e+00      
# interval = meters: 1                  
# start_time = Apr 15 2026 15:54:22 [Instrument's time stamp, header]
# bad_flag = -9.990e-29
*END*
[from data line 86]
    440.531     87.503    18.4745   4.742136     0.1437   212.1152     0.0211 4.4190e-01     1.4115    101.030    35.8537    25.8114     97.759     87.000    18.4592          5 0.0000e+00
    442.157     88.509    18.4132   4.735304     0.1273   216.3344     0.0214 4.4632e-01     1.4102    100.761    35.8488    25.8230     97.702     88.000    18.3977          8 0.0000e+00
    444.047     89.515    18.3552   4.728773     0.1280   189.3480     0.0207 3.9483e-01     1.4081    100.477    35.8435    25.8336     97.514     89.000    18.3396          7 0.0000e+00
    445.622     90.521    18.2837   4.720850     0.1465   208.5325     0.0201 3.6206e-01     1.4053    100.641    35.8382    25.8475     97.277     90.000    18.2679          7 0.0000e+00
    447.814     91.528    18.2182   4.713910     0.1205   205.8721     0.0200 3.3929e-01     1.4022    100.557    35.8359    25.8622     97.250     91.000    18.2023          8 0.0000e+00
    450.448     92.534    18.1653   4.708213     0.1219   206.9864     0.0198 3.2521e-01     1.3956    100.131    35.8332    25.8733     96.247     92.000    18.1493         10 0.0000e+00
    453.276     93.540    18.0894   4.699955     0.1201   199.4948     0.0197 3.0795e-01     1.3852     99.933    35.8286    25.8887     95.267     93.000    18.0733          9 0.0000e+00
    455.604     94.545    18.0144   4.692375     0.1117   175.8199     0.0194 2.7562e-01     1.3804     99.007    35.8292    25.9078     95.214     94.000    17.9981          6 0.0000e+00
    456.895     95.551    17.9688   4.687507     0.1162   147.8254     0.0195 2.6601e-01     1.3779     98.378    35.8271    25.9175     94.816     95.000    17.9523          7 0.0000e+00
    459.035     96.558    17.9405   4.684740     0.1196   142.2253     0.0177 2.4750e-01     1.3738     97.692    35.8278    25.9252     94.603     96.000    17.9239          8 0.0000e+00
    460.559     97.564    17.9108   4.681470     0.1054   132.5567     0.0173 2.1415e-01     1.3709     97.804    35.8254    25.9307     94.117     97.000    17.8940          7 0.0000e+00
    463.066     98.570    17.8751   4.677780     0.0995   110.2546     0.0170 2.1687e-01     1.3647     97.203    35.8247    25.9390     93.722     98.000    17.8582         10 0.0000e+00
    465.256     99.576    17.7823   4.667202     0.0859   147.2450     0.0174 1.9014e-01     1.3627     97.054    35.8149    25.9544     93.591     99.000    17.7653         10 0.0000e+00
    467.746    100.582    17.7336   4.662120     0.0951   144.7846     0.0160 1.7874e-01     1.3559     96.217    35.8137    25.9654     92.606    100.000    17.7165          8 0.0000e+00
    469.677    101.588    17.6969   4.657919     0.0836   155.1926     0.0153 1.8193e-01     1.3477     96.485    35.8094    25.9712     91.819    101.000    17.6796          9 0.0000e+00
    471.729    102.594    17.6136   4.648502     0.0808   140.1644     0.0151 1.5036e-01     1.3427     95.876    35.8011    25.9852     91.736    102.000    17.5962          7 0.0000e+00
    473.622    103.600    17.5385   4.640329     0.0747   136.8806     0.0143 1.3848e-01     1.3390     94.959    35.7964    25.9999     91.353    103.000    17.5209          9 0.0000e+00
    475.741    104.606    17.5131   4.637904     0.0683    99.4935     0.0147 1.2626e-01     1.3333     94.045    35.7974    26.0069     90.653    104.000    17.4955          5 0.0000e+00
    477.268    105.612    17.4760   4.633391     0.0718   127.5745     0.0131 1.2169e-01     1.3302     94.234    35.7907    26.0108     90.608    105.000    17.4582         10 0.0000e+00
    479.658    106.618    17.4180   4.627150     0.0611    84.4879     0.0135 1.1831e-01     1.3266     93.702    35.7874    26.0225     90.399    106.000    17.4000          6 0.0000e+00
    480.871    107.624    17.3834   4.623048     0.0629   146.5409     0.0126 1.1809e-01     1.3257     93.252    35.7820    26.0268     90.470    107.000    17.3653          7 0.0000e+00
    484.061    108.630    17.3650   4.621247     0.0611   137.2686     0.0121 1.1794e-01     1.3242     92.942    35.7823    26.0315     90.420    108.000    17.3467         14 0.0000e+00
    486.512    109.637    17.3472   4.619205     0.0624   140.9355     0.0127 1.1798e-01     1.3234     92.820    35.7799    26.0340     90.270    109.000    17.3288         10 0.0000e+00
    488.859    110.643    17.3197   4.616177     0.0542    74.7215     0.0142 1.1799e-01     1.3214     92.826    35.7775    26.0389     90.139    110.000    17.3011          6 0.0000e+00
    490.111    111.649    17.2746   4.610962     0.0599   147.7130     0.0127 1.1796e-01     1.3203     93.004    35.7718    26.0453     90.053    111.000    17.2559          6 0.0000e+00
    491.524    112.655    17.2495   4.608384     0.0588   145.2251     0.0125 1.1801e-01     1.3196     92.910    35.7711    26.0509     90.147    112.000    17.2307          6 0.0000e+00
    493.317    113.661    17.2462   4.608166     0.0519    20.9465     0.0118 1.1801e-01     1.3197     92.607    35.7717    26.0522     90.290    113.000    17.2272          6 0.0000e+00
    495.563    114.667    17.2453   4.608080     0.0631    85.1603     0.0122 1.1801e-01     1.3199     92.555    35.7714    26.0522     90.237    114.000    17.2261         10 0.0000e+00
    498.218    115.673    17.2419   4.607653     0.0632   109.7283     0.0117 1.1801e-01     1.3196     92.609    35.7703    26.0523     90.294    115.000    17.2225          5 0.0000e+00
    500.487    116.680    17.2324   4.606652     0.0545   143.3874     0.0116 1.1797e-01     1.3209     92.657    35.7696    26.0541     90.509    116.000    17.2129          8 0.0000e+00
    502.479    117.686    17.2095   4.603996     0.0598   125.3504     0.0113 1.1803e-01     1.3226     92.665    35.7664    26.0572     90.822    117.000    17.1898          9 0.0000e+00
    505.299    118.692    17.1792   4.600730     0.0540    87.8424     0.0116 1.1792e-01     1.3239     92.938    35.7643    26.0629     90.725    118.000    17.1595          8 0.0000e+00
    506.645    119.698    17.1286   4.594890     0.0477    52.8808     0.0105 1.1799e-01     1.3215     93.150    35.7579    26.0702     90.388    119.000    17.1087          6 0.0000e+00
    508.366    120.704    17.0838   4.590065     0.0450   115.5822     0.0109 1.1798e-01     1.3181     93.595    35.7552    26.0788     90.093    120.000    17.0637          7 0.0000e+00
    509.970    121.710    17.0459   4.585819     0.0450   151.3880     0.0098 1.1798e-01     1.3160     93.505    35.7513    26.0849     90.245    121.000    17.0257          8 0.0000e+00
    512.409    122.716    17.0068   4.581675     0.0471    67.9053     0.0097 1.1800e-01     1.3214     92.850    35.7494    26.0929     91.681    122.000    16.9864          8 0.0000e+00
    513.879    123.723    16.9570   4.575929     0.0318   150.1498     0.0086 1.1798e-01     1.3264     92.564    35.7430    26.0999     92.207    123.000    16.9365          6 0.0000e+00
    517.590    124.729    16.8958   4.569607     0.0513    95.9601     0.0087 1.1796e-01     1.3456     94.251    35.7415    26.1134     94.333    124.000    16.8752          7 0.0000e+00
    519.645    125.735    16.8514   4.564438     0.0296    81.7582     0.0084 1.1802e-01     1.3436     95.366    35.7353    26.1191     93.358    125.000    16.8307         11 0.0000e+00
    521.826    126.741    16.8393   4.563295     0.0389    99.5594     0.0086 1.1798e-01     1.3378     97.463    35.7356    26.1223     93.100    126.000    16.8185          6 0.0000e+00
    523.346    127.747    16.8303   4.562302     0.0379    61.1975     0.0084 1.1796e-01     1.3404     97.109    35.7345    26.1236     93.874    127.000    16.8093          7 0.0000e+00
    525.211    128.754    16.7974   4.558503     0.0328   130.3350     0.0087 1.1807e-01     1.3448     95.793    35.7301    26.1280     94.573    128.000    16.7763          6 0.0000e+00
    526.841    129.760    16.7716   4.555853     0.0357   126.6667     0.0085 1.1801e-01     1.3519     95.404    35.7294    26.1337     95.832    129.000    16.7503          9 0.0000e+00
    529.125    130.766    16.7670   4.555463     0.0290    87.8430     0.0088 1.1801e-01     1.3623     96.664    35.7296    26.1350     96.482    130.000    16.7455          9 0.0000e+00
    532.062    131.772    16.7626   4.554995     0.0356   121.6047     0.0095 1.1799e-01     1.3558     98.198    35.7290    26.1356     94.418    131.000    16.7410         10 0.0000e+00
    533.810    132.778    16.7153   4.549562     0.0289   110.5608     0.0096 1.1801e-01     1.3470     99.347    35.7230    26.1422     93.718    132.000    16.6936          7 0.0000e+00
    536.348    133.784    16.6621   4.543689     0.0197   105.0579     0.0083 1.1802e-01     1.3370     97.837    35.7183    26.1512     92.867    133.000    16.6402          6 0.0000e+00
    538.236    134.791    16.6519   4.542637     0.0273    87.3185     0.0070 1.1804e-01     1.3300     96.573    35.7177    26.1532     92.124    134.000    16.6299         10 0.0000e+00
    540.345    135.797    16.6465   4.542053     0.0294    79.6950     0.0066 1.1807e-01     1.3250     95.642    35.7170    26.1539     92.031    135.000    16.6244          5 0.0000e+00
    541.724    136.803    16.6235   4.539302     0.0294    94.7436     0.0067 1.1806e-01     1.3248     95.233    35.7129    26.1563     92.212    136.000    16.6011          8 0.0000e+00
    543.754    137.810    16.5829   4.534812     0.0175   141.4269     0.0074 1.1799e-01     1.3252     94.307    35.7092    26.1629     92.384    137.000    16.5604          6 0.0000e+00
    546.301    138.816    16.5588   4.532228     0.0111    87.7218     0.0074 1.1802e-01     1.3268     94.546    35.7075    26.1674     92.770    138.000    16.5362         10 0.0000e+00
    548.493    139.822    16.5468   4.530858     0.0272   104.2488     0.0065 1.1799e-01     1.3299     94.887    35.7057    26.1688     93.176    139.000    16.5240          7 0.0000e+00
    551.189    140.828    16.5303   4.529024     0.0095    78.1612     0.0074 1.1799e-01     1.3325     95.166    35.7038    26.1713     93.483    140.000    16.5074         13 0.0000e+00
    553.452    141.835    16.4952   4.525025     0.0148    85.1624     0.0075 1.1802e-01     1.3345     95.801    35.6994    26.1762     93.741    141.000    16.4722          6 0.0000e+00
    554.700    142.841    16.4610   4.521256     0.0118    33.9365     0.0083 1.1805e-01     1.3349     95.889    35.6962    26.1817     93.911    142.000    16.4379          5 0.0000e+00
    556.701    143.847    16.4425   4.519372     0.0132    90.4540     0.0078 1.1804e-01     1.3382     96.236    35.6957    26.1857     94.631    143.000    16.4192          9 0.0000e+00
    558.789    144.853    16.4318   4.518257     0.0151    87.8664     0.0074 1.1803e-01     1.3474     96.364    35.6950    26.1877     96.168    144.000    16.4084         11 0.0000e+00
    561.073    145.860    16.4239   4.517506     0.0128   150.4031     0.0064 1.1800e-01     1.3581     96.790    35.6950    26.1896     97.162    145.000    16.4003          7 0.0000e+00
    563.186    146.866    16.4104   4.516120     0.0119    50.4435     0.0077 1.1807e-01     1.3630     98.017    35.6944    26.1923     97.237    146.000    16.3867          8 0.0000e+00
    565.035    147.872    16.3962   4.514619     0.0093   121.3028     0.0065 1.1803e-01     1.3618     99.547    35.6934    26.1949     96.879    147.000    16.3723          9 0.0000e+00
    567.479    148.879    16.3751   4.512278     0.0188   133.3107     0.0057 1.1806e-01     1.3602    100.290    35.6911    26.1981     96.754    148.000    16.3511          7 0.0000e+00
    569.807    149.885    16.3580   4.510413     0.0148    78.3730     0.0057 1.1805e-01     1.3564     99.713    35.6895    26.2009     96.075    149.000    16.3338          8 0.0000e+00
    571.957    150.891    16.3453   4.508994     0.0056    22.7218     0.0048 1.1804e-01     1.3498     99.440    35.6879    26.2027     94.990    150.000    16.3209          6 0.0000e+00
    574.094    151.898    16.3223   4.506365     0.0135    99.4071     0.0154 1.1806e-01     1.3404     99.059    35.6848    26.2057     93.993    151.000    16.2978          9 0.0000e+00
    575.744    152.904    16.2960   4.503370    -0.0002    54.7305     0.0051 1.1805e-01     1.3344     98.576    35.6814    26.2092     93.475    152.000    16.2713          6 0.0000e+00
    577.977    153.910    16.2761   4.501274     0.0116    79.3486     0.0041 1.1803e-01     1.3273     97.124    35.6802    26.2129     92.701    153.000    16.2513         10 0.0000e+00
    579.873    154.916    16.2572   4.499078     0.0160   115.6706     0.0041 1.1804e-01     1.3171     96.321    35.6772    26.2150     91.006    154.000    16.2323          7 0.0000e+00
    582.988    155.923    16.2372   4.496776     0.0146   154.6650     0.0053 1.1802e-01     1.2992     95.268    35.6743    26.2175     89.484    155.000    16.2121          6 0.0000e+00
    585.128    156.929    16.2208   4.494947    -0.0051   110.2813     0.0046 1.1804e-01     1.2930     93.508    35.6723    26.2197     89.144    156.000    16.1957         11 0.0000e+00
    586.961    157.935    16.2088   4.493540     0.0098   139.4303     0.0047 1.1806e-01     1.2912     91.992    35.6702    26.2209     89.341    157.000    16.1835          6 0.0000e+00
    588.995    158.942    16.2004   4.492665    -0.0047   141.2215     0.0047 1.1798e-01     1.2924     91.518    35.6695    26.2224     89.647    158.000    16.1749          8 0.0000e+00
    590.573    159.948    16.1923   4.491778     0.0006   141.4117     0.0050 1.1806e-01     1.2928     91.421    35.6685    26.2236     89.594    159.000    16.1666          7 0.0000e+00
    593.227    160.954    16.1862   4.491116    -0.0089    84.8089     0.0048 1.1802e-01     1.2935     91.821    35.6676    26.2243     89.682    160.000    16.1605         11 0.0000e+00
    595.692    161.961    16.1795   4.490359     0.0019    80.2987     0.0051 1.1803e-01     1.2923     92.067    35.6665    26.2251     89.497    161.000    16.1535         10 0.0000e+00
    597.942    162.967    16.1722   4.489536    -0.0028    83.8952     0.0046 1.1804e-01     1.2917     92.176    35.6654    26.2259     89.415    162.000    16.1461          5 0.0000e+00
    599.822    163.973    16.1639   4.488644     0.0009   102.7148     0.0044 1.1804e-01     1.2899     91.940    35.6644    26.2271     89.177    163.000    16.1377         11 0.0000e+00
    601.926    164.980    16.1535   4.487447     0.0113    79.3311     0.0036 1.1808e-01     1.2886     91.928    35.6627    26.2282     89.121    164.000    16.1271          4 0.0000e+00
    605.432    165.986    16.1443   4.486519    -0.0065   155.6569     0.0038 1.1805e-01     1.2876     91.638    35.6623    26.2301     89.090    165.000    16.1178          7 0.0000e+00
