cruises/P45_06/_audit/08_binavg_cnv/08b_binavg_1m_down/P45_06_CTD_10_1m_down.cnv
* Sea-Bird SBE19plus  Data File:
* FileName = C:\Users\OA_2023-03\Desktop\Bathymetry\ctd_casts\S2_18_04_26002.hex
* Software version 2.3.0 SB_Terminal.dll
* Temperature SN = 8460
* Conductivity SN = 8460
* System UpLoad Time = Apr 18 2026 16:40:21
* <ApplicationData>
* <SeatermAF>
** cast for s2
# nquan = 17
# nvalues = 72                          
# units = specified
# name 0 = timeS: Time, Elapsed [seconds]
# name 1 = prdM: Pressure, Strain Gauge [db]
# name 2 = tv290C: Temperature [ITS-90, deg C]
# name 3 = c0S/m: Conductivity [S/m]
# name 4 = flECO-AFL: Fluorescence, WET Labs ECO-AFL/FL [mg/m^3]
# name 5 = flECO-AFL1: Fluorescence, WET Labs ECO-AFL/FL, 2 [mg/m^3]
# name 6 = CStarAt0: Beam Attenuation, WET Labs C-Star [1/m]
# name 7 = par/sat/log: PAR/Logarithmic, Satlantic [umol photons/m^2/sec]
# name 8 = sbeox0V: Oxygen raw, SBE 43 [V]
# name 9 = sbeox0Mm/L: Oxygen, SBE 43 [umol/l]
# name 10 = sal00: Salinity, Practical [PSU]
# name 11 = sigma-é00: Density [sigma-theta, kg/m^3]
# name 12 = sbox0Mm/Kg: Oxygen, SBE 43 [umol/kg], WS = 2
# name 13 = depSM: Depth [salt water, m], lat = 5.51
# name 14 = potemp090C: Potential Temperature [ITS-90, deg C]
# name 15 = nbin: number of scans per bin
# name 16 = flag: flag
# span 0 =    200.295,    476.042       
# span 1 =      1.006,     72.414       
# span 2 =    19.4714,    29.7352       
# span 3 =   4.839356,   5.852882       
# span 4 =     0.0351,     1.0303       
# span 5 =    -6.1206,  1201.0577       
# span 6 =     0.0818,     0.1475       
# span 7 = 5.9532e-01, 3.2720e+02       
# span 8 =     1.6109,     2.6832       
# span 9 =    119.525,    213.311       
# span 10 =    35.2835,    35.8314      
# span 11 =    22.0482,    25.5245      
# span 12 =    117.283,    203.871      
# span 13 =      1.000,     72.000      
# span 14 =    19.4582,    29.7349      
# span 15 =          2,         12      
# span 16 = 0.0000e+00, 0.0000e+00      
# interval = meters: 1                  
# start_time = Apr 18 2026 15:53:20 [Instrument's time stamp, header]
# bad_flag = -9.990e-29
*END*
    200.295      1.006    29.7352   5.852882     0.0353    31.1449     0.1082 3.2720e+02     2.5229    184.591    35.3090    22.0482    179.295      1.000    29.7349          2 0.0000e+00
    230.247      2.011    29.7342   5.852801     0.0399    91.6750     0.1084 2.8306e+02     2.5505    187.664    35.3089    22.0486    181.226      2.000    29.7337          6 0.0000e+00
    344.750      3.017    29.7065   5.850199     0.0367   160.0694     0.1013 2.1135e+02     2.6204    191.694    35.3112    22.0598    187.032      3.000    29.7058          2 0.0000e+00
    346.219      4.022    29.6922   5.848671     0.0351    71.3777     0.0979 1.2785e+02     2.6167    191.345    35.3110    22.0645    186.576      4.000    29.6912          5 0.0000e+00
    348.063      5.028    29.6772   5.846832     0.0469   100.7260     0.0963 9.1795e+01     2.5992    191.359    35.3092    22.0684    183.963      5.000    29.6759          3 0.0000e+00
    349.797      6.033    29.6220   5.842586     0.0440    -6.1206     0.0990 1.2354e+02     2.5938    191.827    35.3204    22.0957    185.670      6.000    29.6205          6 0.0000e+00
    351.350      7.039    29.4440   5.819740     0.0351    82.0226     0.0964 7.6191e+01     2.6104    192.507    35.2948    22.1367    188.295      7.000    29.4423          3 0.0000e+00
    352.762      8.045    29.3796   5.815700     0.0410   155.7733     0.0985 9.3122e+01     2.6164    191.497    35.3142    22.1732    188.364      8.000    29.3776          6 0.0000e+00
    355.069      9.050    29.3680   5.815160     0.0531   108.2319     0.1005 1.5175e+02     2.6138    189.796    35.3188    22.1805    188.281      9.000    29.3658          5 0.0000e+00
    356.002     10.056    29.3442   5.812928     0.0470   101.9802     0.0998 1.0323e+02     2.6175    192.600    35.3207    22.1901    188.664     10.000    29.3417          5 0.0000e+00
    357.090     11.062    29.3333   5.812086     0.0432    56.6551     0.0981 1.1085e+02     2.6160    193.528    35.3227    22.1954    188.438     11.000    29.3306          5 0.0000e+00
    358.781     12.067    29.3186   5.810739     0.0524   111.2334     0.0956 1.1204e+02     2.6175    192.219    35.3240    22.2013    188.807     12.000    29.3157          6 0.0000e+00
    359.986     13.073    29.2840   5.806928     0.0442   111.9299     0.0975 9.0797e+01     2.6166    192.746    35.3230    22.2124    188.693     13.000    29.2808          5 0.0000e+00
    361.349     14.079    29.2497   5.803442     0.0431   147.4499     0.0959 9.4358e+01     2.6184    193.240    35.3241    22.2248    189.203     14.000    29.2462          7 0.0000e+00
    362.981     15.084    29.2051   5.798676     0.0499   106.5652     0.0945 8.5266e+01     2.6218    193.040    35.3240    22.2398    189.623     15.000    29.2014          5 0.0000e+00
    364.148     16.090    29.1625   5.794099     0.0513    19.6499     0.0915 7.8748e+01     2.6215    193.581    35.3236    22.2539    189.653     16.000    29.1586          5 0.0000e+00
    365.801     17.095    29.1189   5.789520     0.0449   136.9863     0.0912 8.5402e+01     2.6264    193.544    35.3241    22.2690    190.738     17.000    29.1148          7 0.0000e+00
    367.130     18.101    29.0730   5.784421     0.0793   128.3871     0.0912 6.8084e+01     2.6335    194.218    35.3226    22.2834    191.174     18.000    29.0686          5 0.0000e+00
    369.190     19.107    28.9984   5.776470     0.0517   152.3925     0.0939 7.8567e+01     2.6406    194.571    35.3227    22.3084    192.401     19.000    28.9938          9 0.0000e+00
    370.711     20.113    28.9008   5.765853     0.0532   128.9467     0.0902 4.7735e+01     2.6450    195.113    35.3214    22.3402    193.192     20.000    28.8960          4 0.0000e+00
    371.611     21.118    28.7499   5.749118     0.0478    41.3037     0.0904 2.7668e+01     2.6559    196.781    35.3173    22.3875    195.306     21.000    28.7448          4 0.0000e+00
    373.999     22.124    28.5217   5.728373     0.0957    79.4639     0.0862 6.2816e+01     2.6754    197.930    35.3425    22.4822    196.733     22.000    28.5165          5 0.0000e+00
    374.891     23.130    27.8759   5.650935     0.0622   188.8545     0.0887 2.8374e+01     2.6709    200.316    35.2835    22.6502    198.146     23.000    27.8705          4 0.0000e+00
    376.540     24.135    27.5740   5.627737     0.0995   201.2938     0.0923 5.3182e+01     2.6554    203.198    35.3468    22.7961    197.755     24.000    27.5683         10 0.0000e+00
    378.489     25.141    27.4482   5.618471     0.0912   104.0327     0.0930 4.2021e+01     2.6582    205.993    35.3760    22.8587    199.959     25.000    27.4423          4 0.0000e+00
    379.487     26.147    27.3018   5.607246     0.1114   185.0913     0.0924 4.0026e+01     2.6707    205.229    35.4069    22.9293    201.333     26.000    27.2957          5 0.0000e+00
    381.509     27.152    26.8895   5.570354     0.1223   206.4037     0.0945 4.6378e+01     2.6800    203.929    35.4572    23.0995    202.757     27.000    26.8833          8 0.0000e+00
    382.803     28.158    26.6131   5.546446     0.1299   198.7704     0.0975 3.6692e+01     2.6791    205.439    35.4968    23.2172    203.871     28.000    26.6067          6 0.0000e+00
    385.161     29.164    26.3960   5.526964     0.1514   385.9986     0.1011 3.2086e+01     2.6832    210.019    35.5229    23.3057    203.717     29.000    26.3894          5 0.0000e+00
    386.401     30.169    26.2085   5.509288     0.1922   218.0156     0.1014 3.3001e+01     2.6511    209.993    35.5392    23.3770    200.493     30.000    26.2017          7 0.0000e+00
    388.113     31.175    25.9560   5.487012     0.1995   231.4781     0.1058 2.9359e+01     2.6276    210.694    35.5724    23.4812    200.459     31.000    25.9491          6 0.0000e+00
    389.433     32.181    25.5344   5.449663     0.2098   243.0024     0.1042 2.3220e+01     2.6204    212.708    35.6273    23.6535    201.105     32.000    25.5273          4 0.0000e+00
    390.568     33.187    24.7762   5.368698     0.2081   268.7551     0.1042 2.5043e+01     2.6096    213.311    35.6233    23.8824    202.580     33.000    24.7690          6 0.0000e+00
    392.735     34.192    24.2770   5.326424     0.2273   217.2531     0.1062 2.6951e+01     2.5960    209.043    35.7025    24.0930    203.370     34.000    24.2697          8 0.0000e+00
    394.016     35.198    24.0687   5.304031     0.2396   242.1588     0.1018 1.8938e+01     2.5871    211.357    35.6994    24.1528    202.982     35.000    24.0613          5 0.0000e+00
    395.843     36.204    23.8785   5.287067     0.2402   244.9481     0.1008 2.2178e+01     2.5736    210.478    35.7230    24.2271    202.337     36.000    23.8709         10 0.0000e+00
    397.575     37.209    23.6916   5.268283     0.2262   267.6648     0.1034 1.8314e+01     2.5615    210.461    35.7300    24.2877    201.736     37.000    23.6838          5 0.0000e+00
    399.268     38.215    23.5599   5.256449     0.2224   251.2045     0.1003 1.8269e+01     2.5485    209.583    35.7455    24.3382    201.129     38.000    23.5520          7 0.0000e+00
    400.947     39.221    23.4413   5.244445     0.2407   263.8645     0.0995 1.5876e+01     2.5410    208.625    35.7491    24.3759    200.910     39.000    23.4331          6 0.0000e+00
    402.170     40.227    23.3654   5.236809     0.2450   263.9613     0.0999 1.3119e+01     2.5304    208.264    35.7516    24.4000    199.170     40.000    23.3571          5 0.0000e+00
    403.986     41.233    23.2919   5.229671     0.2529   254.5199     0.0907 1.4562e+01     2.4954    207.072    35.7560    24.4248    195.224     41.000    23.2834          9 0.0000e+00
    405.749     42.238    23.1891   5.219956     0.2585   254.0004     0.0907 1.2080e+01     2.4596    206.756    35.7643    24.4611    191.756     42.000    23.1804          5 0.0000e+00
    406.820     43.244    22.9357   5.193163     0.3026   293.0090     0.0926 9.8340e+00     2.4353    206.819    35.7632    24.5337    190.485     43.000    22.9269          4 0.0000e+00
    408.884     44.250    22.5396   5.156486     0.4284   445.3842     0.0975 1.2575e+01     2.3991    202.982    35.8017    24.6768    187.598     44.000    22.5307          9 0.0000e+00
    410.211     45.256    22.2900   5.130279     0.5620   560.6837     0.1074 8.9667e+00     2.3494    200.971    35.8015    24.7476    180.708     45.000    22.2809          5 0.0000e+00
    412.821     46.261    22.1178   5.116052     0.6899   650.9796     0.1176 9.6901e+00     2.2158    195.719    35.8314    24.8191    166.317     46.000    22.1086          6 0.0000e+00
    413.745     47.267    21.8946   5.089691     0.8352   976.7513     0.1242 6.8181e+00     2.1550    195.650    35.8077    24.8640    160.559     47.000    21.8853          5 0.0000e+00
    416.120     48.273    21.5396   5.053145     0.9892  1179.7286     0.1361 8.0884e+00     2.0687    182.827    35.8122    24.9664    156.835     48.000    21.5302          8 0.0000e+00
    417.920     49.279    21.2542   5.021086     0.9689  1136.9127     0.1374 6.7272e+00     2.0381    172.202    35.7939    25.0313    155.882     49.000    21.2447          8 0.0000e+00
    419.848     50.285    21.1065   5.007125     0.9380  1201.0577     0.1416 5.3191e+00     2.0163    160.216    35.8052    25.0806    153.205     50.000    21.0969          4 0.0000e+00
    420.974     51.291    21.0294   4.998246     1.0303  1170.0219     0.1475 5.1849e+00     1.9809    161.451    35.7981    25.0963    148.131     51.000    21.0195          8 0.0000e+00
    423.122     52.296    20.9695   4.992658     0.9623  1079.0471     0.1345 4.8113e+00     1.8897    158.951    35.8030    25.1165    134.534     52.000    20.9594          6 0.0000e+00
    424.025     53.302    20.8666   4.982420     0.8532  1021.0071     0.1370 3.1670e+00     1.8254    159.960    35.8066    25.1473    130.000     53.000    20.8564          4 0.0000e+00
    425.784     54.308    20.6770   4.965614     0.7383   706.7845     0.1277 4.3312e+00     1.7788    155.176    35.8300    25.2165    130.428     54.000    20.6667          8 0.0000e+00
    427.046     55.314    20.2010   4.907725     0.6744   915.0431     0.1228 2.9615e+00     1.7653    149.777    35.7607    25.2914    130.188     55.000    20.1907          4 0.0000e+00
    430.895     56.320    20.0549   4.897249     0.6956   865.6550     0.1167 1.0079e+00     1.7436    134.103    35.7986    25.3593    129.189     56.000    20.0444          5 0.0000e+00
    432.615     57.326    20.0584   4.898427     0.6604   748.7781     0.1175 1.8767e+00     1.7326    133.452    35.8049    25.3632    127.939     57.000    20.0478          5 0.0000e+00
    434.715     58.332    20.0321   4.894353     0.6802   815.1171     0.1180 1.7114e+00     1.7210    132.887    35.7935    25.3616    126.841     58.000    20.0212          3 0.0000e+00
    435.830     59.337    20.0083   4.892548     0.6501   706.2487     0.1213 2.2063e+00     1.7141    133.012    35.7986    25.3718    126.153     59.000    19.9972          6 0.0000e+00
    437.485     60.343    19.9715   4.888670     0.6266   735.3978     0.1210 2.2700e+00     1.7054    131.436    35.7976    25.3808    125.505     60.000    19.9604          7 0.0000e+00
    438.870     61.349    19.9311   4.884384     0.6326   630.0055     0.1206 1.8942e+00     1.7008    130.773    35.7965    25.3906    125.406     61.000    19.9198          5 0.0000e+00
    440.388     62.355    19.8975   4.880794     0.5711   731.0416     0.1218 1.7912e+00     1.6970    130.029    35.7952    25.3986    125.148     62.000    19.8860          6 0.0000e+00
    442.763     63.361    19.8855   4.879492     0.6237   643.3120     0.1185 1.7613e+00     1.6917    128.721    35.7943    25.4012    124.588     63.000    19.8738         12 0.0000e+00
    444.678     64.367    19.8685   4.877724     0.5791   665.4446     0.1067 1.1713e+00     1.6868    128.615    35.7939    25.4053    123.467     64.000    19.8567          4 0.0000e+00
    446.376     65.372    19.8488   4.876894     0.5680   542.2244     0.0974 1.3541e+00     1.6682    128.109    35.8034    25.4179    121.010     65.000    19.8368          7 0.0000e+00
    448.581     66.379    19.7736   4.866873     0.5362   573.8860     0.0937 6.6435e-01     1.6471    127.712    35.7846    25.4233    119.293     66.000    19.7614          3 0.0000e+00
    449.736     67.384    19.7129   4.860941     0.5231   505.0085     0.0921 5.9532e-01     1.6385    127.552    35.7870    25.4412    118.792     67.000    19.7006          5 0.0000e+00
    452.195     68.390    19.6456   4.853893     0.5252   592.5263     0.0908 1.0127e+00     1.6251    123.267    35.7859    25.4580    117.651     68.000    19.6331          6 0.0000e+00
    453.787     69.396    19.5823   4.847245     0.4723   320.3533     0.0890 1.0155e+00     1.6174    122.683    35.7847    25.4737    117.339     69.000    19.5696          6 0.0000e+00
    454.862     70.402    19.5568   4.844635     0.4556   374.7006     0.0886 7.0122e-01     1.6164    121.886    35.7845    25.4802    117.571     70.000    19.5440          4 0.0000e+00
    462.114     71.408    19.5148   4.841194     0.4679   369.5807     0.0829 8.4428e-01     1.6139    121.000    35.7916    25.4967    117.526     71.000    19.5018         12 0.0000e+00
    476.042     72.414    19.4714   4.839356     0.4234   412.4615     0.0818 8.0934e-01     1.6109    119.525    35.8132    25.5245    117.283     72.000    19.4582          4 0.0000e+00
