cruises/P45_06/_audit/08_binavg_cnv/08b_binavg_1m_down/P45_06_CTD_06_1m_down.cnv
* Sea-Bird SBE19plus  Data File:
* FileName = C:\Users\OA_2023-03\Desktop\Bathymetry\ctd_casts\P3_16_04-25002.hex
* Software version 2.3.0 SB_Terminal.dll
* Temperature SN = 8460
* Conductivity SN = 8460
* System UpLoad Time = Apr 16 2026 15:33:25
* <ApplicationData>
* <SeatermAF>
# nquan = 17
# nvalues = 166                         
# units = specified
# name 0 = timeS: Time, Elapsed [seconds]
# name 1 = prdM: Pressure, Strain Gauge [db]
# name 2 = tv290C: Temperature [ITS-90, deg C]
# name 3 = c0S/m: Conductivity [S/m]
# name 4 = flECO-AFL: Fluorescence, WET Labs ECO-AFL/FL [mg/m^3]
# name 5 = flECO-AFL1: Fluorescence, WET Labs ECO-AFL/FL, 2 [mg/m^3]
# name 6 = CStarAt0: Beam Attenuation, WET Labs C-Star [1/m]
# name 7 = par/sat/log: PAR/Logarithmic, Satlantic [umol photons/m^2/sec]
# name 8 = sbeox0V: Oxygen raw, SBE 43 [V]
# name 9 = sbeox0Mm/L: Oxygen, SBE 43 [umol/l]
# name 10 = sal00: Salinity, Practical [PSU]
# name 11 = sigma-é00: Density [sigma-theta, kg/m^3]
# name 12 = sbox0Mm/Kg: Oxygen, SBE 43 [umol/kg], WS = 2
# name 13 = depSM: Depth [salt water, m], lat = 5.51
# name 14 = potemp090C: Potential Temperature [ITS-90, deg C]
# name 15 = nbin: number of scans per bin
# name 16 = flag: flag
# span 0 =    177.680,    644.970       
# span 1 =      2.011,    167.999       
# span 2 =    15.8959,    29.8013       
# span 3 =   4.458491,   5.832300       
# span 4 =    -0.0243,     0.8115       
# span 5 =   -38.2438,  1002.5871       
# span 6 =     0.0216,     0.1328       
# span 7 = 1.1780e-01, 6.6808e+02       
# span 8 =     1.2459,     2.6403       
# span 9 =     87.355,    205.838       
# span 10 =    35.1154,    35.8758      
# span 11 =    21.8845,    26.2657      
# span 12 =     84.578,    198.809      
# span 13 =      2.000,    167.000      
# span 14 =    15.8693,    29.8008      
# span 15 =          3,         13      
# span 16 = 0.0000e+00, 0.0000e+00      
# interval = meters: 1                  
# start_time = Apr 16 2026 14:33:22 [Instrument's time stamp, header]
# bad_flag = -9.990e-29
*END*
[from data line 86]
    472.900     88.509    18.0424   4.695317     0.1250   201.1653     0.0344 9.3327e-01     1.4434    104.600    35.8321    25.9028    101.920     88.000    18.0271          9 0.0000e+00
    475.284     89.515    17.9721   4.687885     0.1049   247.2833     0.0349 8.4992e-01     1.4380    105.288    35.8297    25.9185    101.225     89.000    17.9567          6 0.0000e+00
    476.305     90.522    17.8972   4.678752     0.0787   204.7868     0.0338 6.5843e-01     1.4331    106.006    35.8168    25.9271    100.574     90.000    17.8816          4 0.0000e+00
    478.638     91.527    17.8513   4.674683     0.0952   202.9229     0.0337 8.0827e-01     1.4235    104.861    35.8217    25.9423     99.764     91.000    17.8356          7 0.0000e+00
    481.568     92.533    17.8056   4.669166     0.1079   214.9300     0.0331 6.4734e-01     1.4082    103.431    35.8141    25.9477     97.832     92.000    17.7898          7 0.0000e+00
    484.585     93.540    17.7927   4.667931     0.0929   188.2033     0.0320 7.0624e-01     1.3880    101.778    35.8145    25.9512     95.612     93.000    17.7767          7 0.0000e+00
    486.931     94.546    17.7864   4.667671     0.0818   190.0735     0.0318 6.0181e-01     1.3761    100.165    35.8174    25.9550     95.267     94.000    17.7702          6 0.0000e+00
    488.309     95.552    17.7716   4.666230     0.1050   200.0874     0.0326 6.2394e-01     1.3819     99.226    35.8176    25.9588     96.912     95.000    17.7553          7 0.0000e+00
    490.275     96.558    17.7410   4.662962     0.0836   183.4798     0.0315 6.0008e-01     1.3937     97.191    35.8160    25.9652     98.192     96.000    17.7245          6 0.0000e+00
    492.061     97.564    17.6460   4.651720     0.0910   199.4946     0.0310 5.7982e-01     1.4004     97.824    35.8023    25.9780     98.829     97.000    17.6295         11 0.0000e+00
    494.634     98.570    17.6001   4.646840     0.0955   178.6630     0.0315 5.3354e-01     1.4022    100.864    35.8002    25.9876     98.272     98.000    17.5834          8 0.0000e+00
    496.890     99.576    17.5730   4.643614     0.0764   172.9766     0.0315 5.2689e-01     1.3941    101.787    35.7959    25.9910     97.140     99.000    17.5561          9 0.0000e+00
    498.884    100.582    17.5107   4.636228     0.0833   183.4955     0.0320 4.8606e-01     1.3856    101.893    35.7865    25.9990     96.027    100.000    17.4937          7 0.0000e+00
    500.581    101.588    17.4877   4.634369     0.0686   184.3518     0.0313 4.8264e-01     1.3744    100.774    35.7903    26.0076     94.764    101.000    17.4706          7 0.0000e+00
    502.077    102.594    17.4645   4.631701     0.0737   158.7566     0.0309 4.0228e-01     1.3661     99.778    35.7874    26.0110     94.128    102.000    17.4472          5 0.0000e+00
    503.702    103.600    17.4464   4.629868     0.0741   139.1234     0.0307 4.2308e-01     1.3611     98.942    35.7871    26.0152     93.905    103.000    17.4289         10 0.0000e+00
    506.178    104.606    17.4330   4.628499     0.0695   144.2190     0.0307 3.9756e-01     1.3539     96.963    35.7867    26.0182     93.120    104.000    17.4153          9 0.0000e+00
    508.595    105.612    17.4105   4.626112     0.0575   180.3499     0.0304 3.7585e-01     1.3479     96.269    35.7854    26.0227     92.664    105.000    17.3927          9 0.0000e+00
    510.849    106.618    17.3940   4.624432     0.0609   127.6104     0.0297 3.6045e-01     1.3437     95.847    35.7851    26.0265     92.230    106.000    17.3761          8 0.0000e+00
    512.619    107.624    17.3759   4.622467     0.0606   167.3889     0.0297 3.4608e-01     1.3395     95.237    35.7836    26.0298     91.700    107.000    17.3578          8 0.0000e+00
    514.463    108.631    17.3498   4.619566     0.0471   103.6106     0.0296 3.2039e-01     1.3354     95.042    35.7812    26.0343     91.561    108.000    17.3315          6 0.0000e+00
    515.887    109.637    17.2875   4.612584     0.0601    88.1834     0.0299 2.9418e-01     1.3350     94.826    35.7752    26.0448     91.751    109.000    17.2691          6 0.0000e+00
    517.668    110.643    17.1847   4.601067     0.0648   122.9897     0.0292 2.9309e-01     1.3337     94.465    35.7656    26.0622     91.796    110.000    17.1662         10 0.0000e+00
    520.027    111.649    17.1446   4.597083     0.0494   133.4558     0.0295 2.6223e-01     1.3333     94.271    35.7660    26.0722     91.892    111.000    17.1260          8 0.0000e+00
    522.207    112.655    17.1387   4.596562     0.0494   105.7915     0.0280 2.4667e-01     1.3324     94.374    35.7663    26.0739     91.705    112.000    17.1200          7 0.0000e+00
    524.250    113.661    17.1374   4.596429     0.0494   103.6368     0.0283 2.4622e-01     1.3326     94.280    35.7659    26.0739     92.001    113.000    17.1185         11 0.0000e+00
    526.239    114.667    17.1345   4.596095     0.0368    94.0537     0.0288 1.9269e-01     1.3346     94.317    35.7652    26.0741     92.401    114.000    17.1154          5 0.0000e+00
    528.692    115.673    17.1237   4.594988     0.0501   145.3114     0.0279 2.2776e-01     1.3442     94.149    35.7646    26.0763     94.069    115.000    17.1045          9 0.0000e+00
    530.352    116.679    17.0852   4.590426     0.0516   150.6516     0.0268 1.7208e-01     1.3503     94.717    35.7586    26.0810     94.257    116.000    17.0658          5 0.0000e+00
    531.889    117.686    17.0346   4.584797     0.0354    84.4344     0.0265 1.9867e-01     1.3545     95.230    35.7540    26.0896     95.416    117.000    17.0151          9 0.0000e+00
    533.984    118.692    16.9967   4.580830     0.0398   145.1827     0.0276 1.4502e-01     1.3660     97.055    35.7526    26.0976     96.727    118.000    16.9770          7 0.0000e+00
    536.546    119.698    16.9113   4.571276     0.0411    69.8940     0.0266 1.7482e-01     1.3728     97.620    35.7443    26.1116     97.186    119.000    16.8916         12 0.0000e+00
    538.697    120.704    16.8840   4.568407     0.0404   131.8906     0.0272 1.3582e-01     1.3754     99.566    35.7431    26.1172     97.632    120.000    16.8641          8 0.0000e+00
    540.975    121.710    16.8743   4.567499     0.0375   116.5591     0.0282 1.4444e-01     1.3794     99.978    35.7433    26.1197     97.963    121.000    16.8543          8 0.0000e+00
    542.785    122.716    16.8607   4.565896     0.0313    71.1197     0.0274 1.3218e-01     1.3806     99.983    35.7410    26.1212     98.000    122.000    16.8405          6 0.0000e+00
    544.151    123.723    16.8509   4.564889     0.0268   127.0388     0.0274 1.2384e-01     1.3818    100.276    35.7405    26.1232     98.387    123.000    16.8306          7 0.0000e+00
    546.486    124.729    16.8486   4.564705     0.0321    22.6677     0.0265 1.1780e-01     1.3862    100.725    35.7406    26.1238     98.875    124.000    16.8281          6 0.0000e+00
    548.454    125.735    16.8460   4.564456     0.0282   127.8109     0.0259 1.2117e-01     1.3902    100.827    35.7403    26.1243     99.549    125.000    16.8253          6 0.0000e+00
    551.103    126.741    16.8394   4.563709     0.0261    51.6816     0.0259 1.1806e-01     1.3964    101.474    35.7392    26.1251    100.110    126.000    16.8185         11 0.0000e+00
    553.723    127.747    16.8259   4.562174     0.0326   107.1233     0.0257 1.1791e-01     1.3985    102.301    35.7374    26.1269    100.187    127.000    16.8049          9 0.0000e+00
    555.542    128.754    16.8141   4.560905     0.0218    26.1018     0.0249 1.1792e-01     1.4006    102.932    35.7363    26.1289    100.970    128.000    16.7930          5 0.0000e+00
    557.499    129.760    16.7970   4.559107     0.0286   124.2077     0.0249 1.1787e-01     1.4075    103.030    35.7353    26.1322    101.672    129.000    16.7757          9 0.0000e+00
    558.885    130.766    16.7537   4.553872     0.0224    98.9335     0.0244 1.1789e-01     1.4094    102.994    35.7275    26.1365    101.737    130.000    16.7322          5 0.0000e+00
    561.087    131.772    16.7243   4.551088     0.0213    83.0150     0.0250 1.1792e-01     1.4111    103.866    35.7288    26.1445    101.958    131.000    16.7027         11 0.0000e+00
    564.115    132.778    16.7190   4.550555     0.0198    72.5915     0.0245 1.1783e-01     1.4127    104.669    35.7285    26.1455    102.040    132.000    16.6972         10 0.0000e+00
    566.782    133.784    16.7100   4.549471     0.0184    57.1968     0.0251 1.1791e-01     1.4107    104.777    35.7265    26.1462    101.444    133.000    16.6881          6 0.0000e+00
    568.868    134.791    16.7017   4.548650     0.0215     0.6847     0.0238 1.1785e-01     1.4067    104.909    35.7263    26.1480    101.134    134.000    16.6797          8 0.0000e+00
    570.196    135.797    16.6798   4.546031     0.0191    96.9116     0.0246 1.1791e-01     1.4049    104.903    35.7224    26.1502    100.932    135.000    16.6576          5 0.0000e+00
    572.499    136.803    16.6488   4.542728     0.0119    40.0312     0.0237 1.1787e-01     1.4007    104.168    35.7205    26.1562    100.531    136.000    16.6265          8 0.0000e+00
    574.562    137.809    16.6278   4.540329     0.0207    90.6479     0.0232 1.1791e-01     1.3973    103.807    35.7178    26.1590    100.168    137.000    16.6053          6 0.0000e+00
    577.534    138.816    16.6049   4.537822     0.0190    29.1023     0.0232 1.1786e-01     1.3890    103.266    35.7156    26.1628     98.776    138.000    16.5823          5 0.0000e+00
    579.744    139.822    16.5668   4.533500     0.0152    80.6344     0.0235 1.1789e-01     1.3779    102.971    35.7111    26.1683     97.553    139.000    16.5441         13 0.0000e+00
    582.325    140.828    16.5204   4.528246     0.0133     4.0511     0.0239 1.1796e-01     1.3644    101.991    35.7058    26.1751     95.391    140.000    16.4975          6 0.0000e+00
    584.006    141.834    16.5095   4.527230     0.0119    78.6479     0.0242 1.1791e-01     1.3398    100.671    35.7061    26.1779     91.639    141.000    16.4865         10 0.0000e+00
    586.213    142.841    16.4857   4.524520     0.0068   104.1573     0.0240 1.1784e-01     1.3128     99.583    35.7030    26.1812     89.837    142.000    16.4625          5 0.0000e+00
    587.774    143.847    16.4521   4.520670     0.0199    67.3007     0.0238 1.1788e-01     1.3051     97.177    35.6986    26.1857     89.346    143.000    16.4288          7 0.0000e+00
    590.350    144.853    16.4250   4.517652     0.0178    71.5504     0.0233 1.1791e-01     1.2950     92.098    35.6958    26.1899     89.023    144.000    16.4015          5 0.0000e+00
    592.328    145.860    16.3887   4.513589     0.0083    45.6721     0.0234 1.1789e-01     1.2963     91.587    35.6918    26.1954     90.082    145.000    16.3651         10 0.0000e+00
    594.884    146.866    16.3265   4.506513     0.0010    81.9300     0.0228 1.1791e-01     1.3132     91.144    35.6844    26.2042     92.811    146.000    16.3028         11 0.0000e+00
    597.289    147.872    16.2832   4.501843    -0.0032    27.6160     0.0227 1.1792e-01     1.3250     92.030    35.6813    26.2119     93.464    147.000    16.2594          7 0.0000e+00
    598.775    148.879    16.2701   4.500534    -0.0059    50.3515     0.0224 1.1784e-01     1.3276     93.830    35.6810    26.2147     93.591    148.000    16.2462          5 0.0000e+00
    600.199    149.885    16.2656   4.500119    -0.0061   120.2613     0.0222 1.1789e-01     1.3290     96.074    35.6809    26.2157     93.516    149.000    16.2415          6 0.0000e+00
    601.897    150.891    16.2590   4.499380     0.0020    39.9933     0.0244 1.1789e-01     1.3279     96.314    35.6798    26.2165     93.267    150.000    16.2348          9 0.0000e+00
    604.541    151.897    16.2465   4.497949     0.0034   102.0524     0.0226 1.1790e-01     1.3251     96.253    35.6779    26.2180     92.789    151.000    16.2221          9 0.0000e+00
    607.299    152.904    16.2264   4.495747    -0.0095    49.3187     0.0219 1.1791e-01     1.3182     95.824    35.6760    26.2212     91.921    152.000    16.2018          8 0.0000e+00
    608.797    153.910    16.2010   4.492774     0.0067    47.7593     0.0222 1.1792e-01     1.3142     95.565    35.6719    26.2240     91.175    153.000    16.1763          4 0.0000e+00
    611.342    154.916    16.1720   4.489638    -0.0047   106.8972     0.0216 1.1795e-01     1.3032     94.638    35.6696    26.2289     90.067    154.000    16.1472          6 0.0000e+00
    613.709    155.923    16.1225   4.483725     0.0067    46.8485     0.0222 1.1794e-01     1.2972     93.789    35.6609    26.2337     89.704    155.000    16.0976          6 0.0000e+00
    623.166    156.929    16.0584   4.476795    -0.0012    25.9119     0.0219 1.1793e-01     1.2776     91.604    35.6563    26.2449     87.516    156.000    16.0334          6 0.0000e+00
    624.575    157.935    16.0454   4.475242    -0.0000    74.8326     0.0226 1.1794e-01     1.2719     91.305    35.6537    26.2459     86.742    157.000    16.0203         10 0.0000e+00
    626.946    158.942    16.0357   4.474171    -0.0243    86.6258     0.0222 1.1794e-01     1.2643     89.969    35.6524    26.2473     86.087    158.000    16.0105          5 0.0000e+00
    628.061    159.948    16.0146   4.471699     0.0072    29.3633     0.0226 1.1799e-01     1.2620     89.761    35.6490    26.2495     85.969    159.000    15.9892          5 0.0000e+00
    630.014    160.954    15.9838   4.468190    -0.0041    45.5507     0.0243 1.1791e-01     1.2595     88.996    35.6449    26.2534     85.951    160.000    15.9582         11 0.0000e+00
    632.172    161.961    15.9706   4.466779    -0.0221   112.7886     0.0252 1.1793e-01     1.2582     88.400    35.6437    26.2556     85.850    161.000    15.9449          6 0.0000e+00
    635.348    162.967    15.9618   4.465827    -0.0111   129.9238     0.0256 1.1787e-01     1.2558     88.179    35.6427    26.2569     85.590    162.000    15.9360          4 0.0000e+00
    637.401    163.973    15.9558   4.465168    -0.0099    54.3723     0.0252 1.1791e-01     1.2535     88.168    35.6419    26.2577     85.266    163.000    15.9298         11 0.0000e+00
    639.527    164.980    15.9426   4.463667    -0.0031    34.8339     0.0252 1.1793e-01     1.2508     87.893    35.6399    26.2592     84.911    164.000    15.9165          8 0.0000e+00
    641.854    165.986    15.9232   4.461455    -0.0140   117.3512     0.0259 1.1791e-01     1.2479     87.709    35.6371    26.2615     84.740    165.000    15.8969          8 0.0000e+00
    643.130    166.993    15.9079   4.459717    -0.0055    32.2212     0.0252 1.1792e-01     1.2467     87.545    35.6350    26.2634     84.578    166.000    15.8814          4 0.0000e+00
    644.970    167.999    15.8959   4.458491     0.0009     3.8042     0.0260 1.1793e-01     1.2459     87.355    35.6343    26.2657     84.740    167.000    15.8693          5 0.0000e+00
