cruises/P45_06/_audit/08_binavg_cnv/08b_binavg_1m_down/P45_06_CTD_09_1m_down.cnv
* Sea-Bird SBE19plus  Data File:
* FileName = C:\Users\OA_2023-03\Desktop\Bathymetry\ctd_casts\S1_18_04_26001.hex
* Software version 2.3.0 SB_Terminal.dll
* Temperature SN = 8460
* Conductivity SN = 8460
* System UpLoad Time = Apr 18 2026 10:40:32
* <ApplicationData>
* <SeatermAF>
# nquan = 17
# nvalues = 38                          
# units = specified
# name 0 = timeS: Time, Elapsed [seconds]
# name 1 = prdM: Pressure, Strain Gauge [db]
# name 2 = tv290C: Temperature [ITS-90, deg C]
# name 3 = c0S/m: Conductivity [S/m]
# name 4 = flECO-AFL: Fluorescence, WET Labs ECO-AFL/FL [mg/m^3]
# name 5 = flECO-AFL1: Fluorescence, WET Labs ECO-AFL/FL, 2 [mg/m^3]
# name 6 = CStarAt0: Beam Attenuation, WET Labs C-Star [1/m]
# name 7 = par/sat/log: PAR/Logarithmic, Satlantic [umol photons/m^2/sec]
# name 8 = sbeox0V: Oxygen raw, SBE 43 [V]
# name 9 = sbeox0Mm/L: Oxygen, SBE 43 [umol/l]
# name 10 = sal00: Salinity, Practical [PSU]
# name 11 = sigma-é00: Density [sigma-theta, kg/m^3]
# name 12 = sbox0Mm/Kg: Oxygen, SBE 43 [umol/kg], WS = 2
# name 13 = depSM: Depth [salt water, m], lat = 5.51
# name 14 = potemp090C: Potential Temperature [ITS-90, deg C]
# name 15 = nbin: number of scans per bin
# name 16 = flag: flag
# span 0 =    305.754,    518.540       
# span 1 =      1.006,     38.215       
# span 2 =    22.5322,    29.2881       
# span 3 =   5.145654,   5.813010       
# span 4 =     0.0115,     1.2037       
# span 5 =   -72.1155,  1440.6022       
# span 6 =     0.0813,     0.1844       
# span 7 = 1.2598e+01, 7.1515e+02       
# span 8 =     2.1976,     2.6788       
# span 9 =    132.803,    208.521       
# span 10 =    34.9805,    35.7603      
# span 11 =    22.0057,    24.6208      
# span 12 =    144.364,    199.508      
# span 13 =      1.000,     38.000      
# span 14 =    22.5245,    29.2874      
# span 15 =          2,         11      
# span 16 = 0.0000e+00, 0.0000e+00      
# interval = meters: 1                  
# start_time = Apr 18 2026 09:40:24 [Instrument's time stamp, header]
# bad_flag = -9.990e-29
*END*
    305.754      1.006    29.1308   5.740127     0.0115   174.9651     0.0868 6.2574e+02     2.3034    160.678    34.9805    22.0057    155.403      1.000    29.1306          2 0.0000e+00
    306.953      2.011    29.2051   5.770346     0.0216   -51.0933     0.0832 7.1515e+02     2.1976    157.726    35.1332    22.0955    144.364      2.000    29.2046          5 0.0000e+00
    488.387      3.017    29.2881   5.813010     0.0191   -28.3857     0.0841 1.7583e+02     2.6221    132.803    35.3647    22.2415    192.562      3.000    29.2874          3 0.0000e+00
    460.925      4.022    29.2263   5.801606     0.0241   -72.1155     0.0813 9.6000e+01     2.5667    165.079    35.3317    22.2376    184.624      4.000    29.2253          4 0.0000e+00
    462.868      5.028    29.2047   5.799775     0.0356   -59.3698     0.0850 2.1046e+02     2.5737    190.366    35.3347    22.2472    185.585      5.000    29.2035          4 0.0000e+00
    464.581      6.034    29.1712   5.795518     0.0349   -35.5857     0.0856 1.2998e+02     2.5932    191.201    35.3299    22.2549    187.502      6.000    29.1697          4 0.0000e+00
    465.531      7.039    29.1487   5.793379     0.0382    26.1469     0.0862 1.2854e+02     2.5935    191.366    35.3316    22.2638    184.048      7.000    29.1470          4 0.0000e+00
    467.275      8.045    29.1183   5.790331     0.0347    30.1422     0.0859 1.9927e+02     2.5424    189.992    35.3327    22.2749    183.218      8.000    29.1164         10 0.0000e+00
    469.085      9.050    29.0699   5.785336     0.0291   -36.6452     0.0840 1.5555e+02     2.5991    191.122    35.3339    22.2921    189.327      9.000    29.0677          3 0.0000e+00
    469.951     10.056    29.0108   5.778643     0.0293    92.6038     0.0844 5.7093e+01     2.6055    192.809    35.3311    22.3099    188.828     10.000    29.0084          4 0.0000e+00
    471.603     11.061    28.9732   5.776729     0.0372   -11.5898     0.0855 1.6238e+02     2.6088    188.966    35.3455    22.3334    189.274     11.000    28.9705          5 0.0000e+00
    473.336     12.067    28.8676   5.763936     0.0439   -63.7786     0.0857 1.2692e+02     2.6214    193.365    35.3351    22.3609    189.262     12.000    28.8647          4 0.0000e+00
    474.641     13.073    28.7606   5.753606     0.0503    30.6816     0.0857 1.6122e+02     2.5664    195.239    35.3428    22.4024    181.721     13.000    28.7574          6 0.0000e+00
    477.525     14.078    28.6549   5.744452     0.0405    42.7548     0.0848 2.1781e+02     2.6099    194.368    35.3576    22.4488    193.211     14.000    28.6515          3 0.0000e+00
    478.270     15.084    28.5603   5.734110     0.0576    31.7785     0.0864 5.8638e+01     2.5984    196.383    35.3559    22.4790    188.884     15.000    28.5566          5 0.0000e+00
    479.656     16.090    28.4752   5.728767     0.0673   130.8657     0.0889 1.1480e+02     2.6074    191.084    35.3819    22.5267    191.736     16.000    28.4714          4 0.0000e+00
    481.919     17.095    28.1701   5.695740     0.0717   137.5000     0.0890 1.1342e+02     2.6554    198.985    35.3792    22.6254    197.450     17.000    28.1660          4 0.0000e+00
    482.944     18.101    28.0212   5.682694     0.0789    90.4736     0.0906 1.1353e+02     2.6710    199.693    35.3992    22.6893    198.868     18.000    28.0169          5 0.0000e+00
    484.672     19.107    27.7300   5.653224     0.0786   216.0167     0.0915 1.5747e+02     2.6788    196.242    35.4108    22.7931    199.222     19.000    27.7255          7 0.0000e+00
    486.030     20.112    27.2690   5.607403     0.1095   149.9608     0.0962 1.2700e+02     2.6646    203.495    35.4347    22.9603    199.374     20.000    27.2644          6 0.0000e+00
    487.732     21.118    26.9626   5.579854     0.1330   124.5402     0.1139 1.2949e+02     2.6572    207.384    35.4712    23.0863    199.508     21.000    26.9578          7 0.0000e+00
    489.466     22.124    26.6193   5.545275     0.1456   166.3114     0.1076 1.2052e+02     2.6332    208.411    35.4854    23.2062    197.855     22.000    26.6143          7 0.0000e+00
    491.148     23.130    26.2184   5.509766     0.1438   238.3954     0.1124 1.1711e+02     2.6120    206.914    35.5372    23.3720    197.360     23.000    26.2132          5 0.0000e+00
    492.271     24.135    25.7184   5.458413     0.1798   236.0681     0.1126 8.8431e+01     2.5893    208.521    35.5503    23.5378    195.271     24.000    25.7131          5 0.0000e+00
    494.422     25.141    25.3032   5.421101     0.2000   215.7976     0.1149 8.1765e+01     2.5499    207.359    35.5999    23.7036    193.257     25.000    25.2976          5 0.0000e+00
    495.951     26.146    25.1159   5.399426     0.2316   232.8065     0.1270 3.9705e+01     2.5158    205.843    35.5862    23.7507    186.176     26.000    25.1102          3 0.0000e+00
    498.419     27.152    25.0388   5.391426     0.2517   271.0758     0.1281 4.5133e+01     2.4506    201.812    35.5872    23.7751    184.354     27.000    25.0329          5 0.0000e+00
    500.296     28.158    24.9700   5.384268     0.2321   294.0239     0.1335 1.2598e+01     2.4485    200.438    35.5879    23.7966    186.137     28.000    24.9639          4 0.0000e+00
    503.045     29.163    24.8671   5.374409     0.2629   323.3006     0.1352 1.7532e+01     2.4406    194.917    35.5953    23.8336    184.619     29.000    24.8608          5 0.0000e+00
    505.092     30.170    24.7381   5.361862     0.2932   279.1270     0.1424 2.5708e+01     2.4035    194.157    35.6033    23.8787    180.915     30.000    24.7316          4 0.0000e+00
    507.334     31.175    24.5850   5.345839     0.3586   316.6733     0.1420 2.0965e+01     2.3723    193.311    35.6043    23.9259    181.492     31.000    24.5783          4 0.0000e+00
    508.388     32.181    24.2720   5.317126     0.5683   646.7763     0.1463 2.5043e+01     2.3914    194.230    35.6369    24.0445    186.663     32.000    24.2652          4 0.0000e+00
    510.345     33.187    23.6094   5.251305     0.7101   735.3953     0.1588 3.9045e+01     2.4387    187.932    35.6680    24.2647    192.041     33.000    23.6024         11 0.0000e+00
    512.625     34.192    23.4227   5.238976     0.5644   575.2982     0.1781 2.9976e+01     2.4270    188.159    35.7239    24.3618    186.022     34.000    23.4156          6 0.0000e+00
    513.747     35.198    23.2714   5.226277     0.4272   342.8730     0.1826 2.1903e+01     2.3602    193.899    35.7485    24.4247    176.610     35.000    23.2642          4 0.0000e+00
    515.072     36.204    23.0695   5.206561     0.4655   455.4371     0.1680 2.4224e+01     2.2939    199.702    35.7603    24.4923    174.834     36.000    23.0621          8 0.0000e+00
    516.959     37.210    22.8490   5.181826     0.9945  1139.6099     0.1590 2.1280e+01     2.2928    198.556    35.7481    24.5469    182.853     37.000    22.8414          5 0.0000e+00
    518.540     38.215    22.5322   5.145654     1.2037  1440.6022     0.1844 2.3463e+01     2.3690    190.573    35.7254    24.6208    192.474     38.000    22.5245          4 0.0000e+00
