cruises/P45_06/_audit/08_binavg_cnv/08b_binavg_1m_down/P45_06_CTD_06_1m_down.cnv
* Sea-Bird SBE19plus  Data File:
* FileName = C:\Users\OA_2023-03\Desktop\Bathymetry\ctd_casts\P3_16_04-25002.hex
* Software version 2.3.0 SB_Terminal.dll
* Temperature SN = 8460
* Conductivity SN = 8460
* System UpLoad Time = Apr 16 2026 15:33:25
* <ApplicationData>
* <SeatermAF>
# nquan = 17
# nvalues = 166                         
# units = specified
# name 0 = timeS: Time, Elapsed [seconds]
# name 1 = prdM: Pressure, Strain Gauge [db]
# name 2 = tv290C: Temperature [ITS-90, deg C]
# name 3 = c0S/m: Conductivity [S/m]
# name 4 = flECO-AFL: Fluorescence, WET Labs ECO-AFL/FL [mg/m^3]
# name 5 = flECO-AFL1: Fluorescence, WET Labs ECO-AFL/FL, 2 [mg/m^3]
# name 6 = CStarAt0: Beam Attenuation, WET Labs C-Star [1/m]
# name 7 = par/sat/log: PAR/Logarithmic, Satlantic [umol photons/m^2/sec]
# name 8 = sbeox0V: Oxygen raw, SBE 43 [V]
# name 9 = sbeox0Mm/L: Oxygen, SBE 43 [umol/l]
# name 10 = sal00: Salinity, Practical [PSU]
# name 11 = sigma-é00: Density [sigma-theta, kg/m^3]
# name 12 = sbox0Mm/Kg: Oxygen, SBE 43 [umol/kg], WS = 2
# name 13 = depSM: Depth [salt water, m], lat = 5.51
# name 14 = potemp090C: Potential Temperature [ITS-90, deg C]
# name 15 = nbin: number of scans per bin
# name 16 = flag: flag
# span 0 =    177.680,    644.970       
# span 1 =      2.011,    167.999       
# span 2 =    15.8959,    29.8013       
# span 3 =   4.458491,   5.832300       
# span 4 =    -0.0243,     0.8115       
# span 5 =   -38.2438,  1002.5871       
# span 6 =     0.0216,     0.1328       
# span 7 = 1.1780e-01, 6.6808e+02       
# span 8 =     1.2459,     2.6403       
# span 9 =     87.355,    205.838       
# span 10 =    35.1154,    35.8758      
# span 11 =    21.8845,    26.2657      
# span 12 =     84.578,    198.809      
# span 13 =      2.000,    167.000      
# span 14 =    15.8693,    29.8008      
# span 15 =          3,         13      
# span 16 = 0.0000e+00, 0.0000e+00      
# interval = meters: 1                  
# start_time = Apr 16 2026 14:33:22 [Instrument's time stamp, header]
# bad_flag = -9.990e-29
*END*
    177.680      2.011    29.8013   5.832300     0.0182    31.8739     0.1010 6.6808e+02     2.5420    185.281    35.1206    21.8845    180.326      2.000    29.8008          9 0.0000e+00
    316.127      3.017    29.6554   5.816107     0.0146    54.6374     0.0719 2.8516e+02     2.5372    184.964    35.1164    21.9310    180.460      3.000    29.6546          5 0.0000e+00
    314.036      4.022    29.3936   5.787990     0.0247    85.0793     0.0769 3.3017e+02     2.5424    184.749    35.1154    22.0189    182.128      4.000    29.3927          9 0.0000e+00
    315.428      5.028    29.3234   5.781025     0.0128   156.3831     0.0799 3.5848e+02     2.5424    184.985    35.1189    22.0452    181.447      5.000    29.3222          3 0.0000e+00
    316.747      6.033    29.2956   5.778764     0.0265   128.8189     0.0815 3.0240e+02     2.5381    185.615    35.1234    22.0581    181.489      6.000    29.2941          8 0.0000e+00
    318.907      7.039    29.2781   5.777237     0.0350    53.8311     0.0797 3.0925e+02     2.5360    185.596    35.1255    22.0656    181.602      7.000    29.2764          4 0.0000e+00
    319.705      8.045    29.2625   5.775824     0.0320   -38.2438     0.0797 1.8024e+02     2.5354    187.913    35.1269    22.0720    181.481      8.000    29.2606          3 0.0000e+00
    321.380      9.050    29.2525   5.775272     0.0283    89.3010     0.0810 2.7628e+02     2.5328    185.995    35.1302    22.0779    181.425      9.000    29.2503         11 0.0000e+00
    323.315     10.056    29.2390   5.773818     0.0293    63.6708     0.0850 2.8398e+02     2.5334    185.651    35.1299    22.0823    181.509     10.000    29.2365          4 0.0000e+00
    324.756     11.062    29.2283   5.772745     0.0308    47.1522     0.0815 2.4088e+02     2.5324    185.663    35.1300    22.0861    181.503     11.000    29.2256          9 0.0000e+00
    326.638     12.067    29.2240   5.772764     0.0312    65.1687     0.0815 2.8746e+02     2.5335    185.274    35.1330    22.0898    181.711     12.000    29.2211          4 0.0000e+00
    327.595     13.073    29.2193   5.772789     0.0348    31.0373     0.0810 2.0488e+02     2.5328    185.851    35.1363    22.0940    181.507     13.000    29.2161          4 0.0000e+00
    329.207     14.079    29.2131   5.772568     0.0422   126.2733     0.0807 2.3697e+02     2.5337    185.658    35.1391    22.0982    181.953     14.000    29.2097          9 0.0000e+00
    330.730     15.084    29.1841   5.769964     0.0289   145.8337     0.0800 2.0057e+02     2.5391    185.612    35.1422    22.1104    182.728     15.000    29.1804          4 0.0000e+00
    331.903     16.090    29.0959   5.760853     0.0331   144.0740     0.0792 2.0194e+02     2.5459    186.073    35.1441    22.1415    183.573     16.000    29.0920          6 0.0000e+00
    334.153     17.095    28.8339   5.734445     0.0439   239.0328     0.0802 2.0898e+02     2.5524    186.555    35.1547    22.2371    184.831     17.000    28.8298          7 0.0000e+00
    335.122     18.101    28.6291   5.718675     0.0412   152.3135     0.0831 1.7322e+02     2.5535    188.076    35.1967    22.3367    185.410     18.000    28.6247          5 0.0000e+00
    337.138     19.107    28.4665   5.709349     0.0563   156.4552     0.0869 1.8902e+02     2.5506    189.790    35.2523    22.4325    185.652     19.000    28.4619          8 0.0000e+00
    338.373     20.112    28.3971   5.704759     0.0423   192.4500     0.0886 1.4303e+02     2.5598    190.205    35.2716    22.4700    187.813     20.000    28.3923          4 0.0000e+00
    339.852     21.118    28.4183   5.714975     0.0540   167.8791     0.0870 1.6523e+02     2.5861    190.350    35.3268    22.5045    190.520     21.000    28.4133          8 0.0000e+00
    341.607     22.124    28.1213   5.688878     0.0797   205.4292     0.0878 1.5398e+02     2.6192    190.515    35.3662    22.6319    194.309     22.000    28.1161          7 0.0000e+00
    343.238     23.129    27.6051   5.641869     0.0886   229.0557     0.0899 1.2793e+02     2.6402    192.678    35.4236    22.8437    197.025     23.000    27.5997          4 0.0000e+00
    344.218     24.135    27.1245   5.594868     0.1195   198.8308     0.0993 1.0840e+02     2.6403    196.910    35.4541    23.0217    198.201     24.000    27.1189          5 0.0000e+00
    346.612     25.141    26.6005   5.550619     0.1633   221.8645     0.1123 1.2591e+02     2.6359    204.343    35.5375    23.2519    198.809     25.000    26.5948          7 0.0000e+00
    347.844     26.147    26.5397   5.545589     0.1435   246.9432     0.1179 8.0076e+01     2.6190    205.824    35.5477    23.2788    196.170     26.000    26.5338          4 0.0000e+00
    349.448     27.152    26.3794   5.529837     0.1562   223.0368     0.1230 1.0495e+02     2.5757    205.672    35.5571    23.3366    192.477     27.000    26.3733          9 0.0000e+00
    351.378     28.158    26.0652   5.499671     0.1751   235.0221     0.1266 8.9612e+01     2.5450    205.838    35.5809    23.4531    191.767     28.000    26.0589          6 0.0000e+00
    352.842     29.164    25.3989   5.432342     0.1762   233.0657     0.1257 8.1559e+01     2.5338    204.926    35.6064    23.6789    193.392     29.000    25.3925          7 0.0000e+00
    354.951     30.170    24.5485   5.349939     0.1903   216.9286     0.1258 7.4801e+01     2.5201    200.837    35.6645    23.9826    194.019     30.000    24.5420          7 0.0000e+00
    356.469     31.175    24.2244   5.318475     0.2068   237.0727     0.1240 7.1287e+01     2.4926    201.913    35.6855    24.0954    192.214     31.000    24.2178          8 0.0000e+00
    358.393     32.181    23.9654   5.294565     0.1990   277.1078     0.1221 6.1414e+01     2.4669    202.287    35.7115    24.1924    191.143     32.000    23.9586          5 0.0000e+00
    359.607     33.186    23.6158   5.259807     0.2141   323.9474     0.1209 5.6107e+01     2.4558    203.106    35.7277    24.3079    191.011     33.000    23.6089          5 0.0000e+00
    361.051     34.192    23.2073   5.220824     0.2060   247.2139     0.1194 5.5505e+01     2.4394    200.880    35.7589    24.4511    190.985     34.000    23.2003          8 0.0000e+00
    362.989     35.198    22.9283   5.195364     0.2304   284.1290     0.1167 4.8896e+01     2.4249    199.133    35.7890    24.5550    190.641     35.000    22.9211          6 0.0000e+00
    364.827     36.204    22.7957   5.181510     0.2278   283.4756     0.1107 4.6932e+01     2.4052    198.135    35.7896    24.5936    188.843     36.000    22.7883         11 0.0000e+00
    367.236     37.210    22.6643   5.168243     0.2441   357.8470     0.1069 3.7517e+01     2.3852    196.465    35.7935    24.6344    187.660     37.000    22.6568          5 0.0000e+00
    368.345     38.215    22.5284   5.154096     0.2651   338.5902     0.1088 3.5049e+01     2.3736    196.418    35.7943    24.6739    186.140     38.000    22.5207          6 0.0000e+00
    370.513     39.221    22.4133   5.143371     0.3033   347.8370     0.1086 3.7456e+01     2.3371    193.835    35.8047    24.7147    181.401     39.000    22.4054          9 0.0000e+00
    371.726     40.227    22.3390   5.135912     0.2859   301.9965     0.1078 2.3809e+01     2.2875    193.576    35.8071    24.7377    172.668     40.000    22.3309          4 0.0000e+00
    373.946     41.233    22.1017   5.113411     0.3726   386.6301     0.1087 3.0538e+01     2.1521    191.309    35.8257    24.8190    160.053     41.000    22.0935          6 0.0000e+00
    375.411     42.238    21.8111   5.079968     0.5908   796.7858     0.1108 1.7542e+01     2.0805    189.115    35.8017    24.8825    154.955     42.000    21.8028          4 0.0000e+00
    377.705     43.244    21.5737   5.054220     0.7435   935.2577     0.1151 2.3774e+01     2.0270    172.830    35.7942    24.9429    154.004     43.000    21.5653          7 0.0000e+00
    379.511     44.250    21.4898   5.043804     0.7915  1002.5871     0.1246 2.1612e+01     2.0150    162.778    35.7807    24.9560    153.457     44.000    21.4811          9 0.0000e+00
    382.400     45.256    21.4466   5.039312     0.8115   946.8024     0.1319 1.9932e+01     1.9917    155.554    35.7805    24.9679    150.586     45.000    21.4378          9 0.0000e+00
    384.100     46.262    21.4376   5.038196     0.7553   964.9035     0.1328 1.7319e+01     1.9652    157.646    35.7788    24.9691    148.094     46.000    21.4286          8 0.0000e+00
    385.884     47.267    21.4196   5.036396     0.7360   890.2913     0.1325 1.5200e+01     1.9550    156.584    35.7790    24.9743    148.133     47.000    21.4104          5 0.0000e+00
    387.127     48.273    21.3495   5.028614     0.6702   824.9083     0.1320 1.3798e+01     1.9514    155.382    35.7750    24.9907    148.130     48.000    21.3401          7 0.0000e+00
    389.344     49.279    21.2480   5.020423     0.6655   755.3327     0.1290 1.4204e+01     1.9498    151.067    35.7938    25.0330    147.786     49.000    21.2384          7 0.0000e+00
    390.515     50.285    21.0996   5.005682     0.5791   681.1143     0.1191 1.1541e+01     1.9363    152.161    35.7994    25.0780    146.143     50.000    21.0899          6 0.0000e+00
    393.216     51.291    20.9474   4.993738     0.5520   583.0020     0.1082 1.2023e+01     1.9147    152.849    35.8307    25.1435    144.237     51.000    20.9375         10 0.0000e+00
    394.916     52.296    20.8385   4.982714     0.4698   538.5349     0.0968 9.8679e+00     1.8679    152.085    35.8329    25.1749    136.247     52.000    20.8286          7 0.0000e+00
    397.609     53.302    20.6639   4.965241     0.4409   457.9875     0.0893 5.9428e+00     1.7808    149.400    35.8384    25.2264    127.966     53.000    20.6537          4 0.0000e+00
    399.324     54.308    20.4221   4.940377     0.3655   422.5278     0.0808 6.0359e+00     1.7367    144.296    35.8404    25.2931    125.199     54.000    20.4119          5 0.0000e+00
    401.391     55.314    20.1746   4.912206     0.3358   372.1202     0.0770 4.4677e+00     1.7037    134.864    35.8199    25.3437    123.802     55.000    20.1642          4 0.0000e+00
    403.925     56.320    20.0184   4.900204     0.2779   310.9599     0.0672 6.6359e+00     1.6918    129.772    35.8540    25.4112    124.240     56.000    20.0079          5 0.0000e+00
    405.893     57.326    19.9079   4.889165     0.3198   313.2826     0.0629 5.3888e+00     1.6912    127.709    35.8571    25.4429    124.608     57.000    19.8973          6 0.0000e+00
    408.557     58.332    19.8524   4.884665     0.2452   309.9271     0.0589 4.8050e+00     1.6911    127.399    35.8670    25.4652    124.530     58.000    19.8416          5 0.0000e+00
    411.536     59.337    19.8196   4.881724     0.2720   278.2362     0.0525 5.3566e+00     1.6843    128.256    35.8705    25.4764    123.828     59.000    19.8087          6 0.0000e+00
    413.573     60.343    19.7971   4.879401     0.2496   313.1955     0.0518 5.3640e+00     1.6797    128.012    35.8702    25.4822    123.575     60.000    19.7860          9 0.0000e+00
    415.638     61.349    19.7810   4.877795     0.2229   339.7694     0.0521 4.7019e+00     1.6792    127.057    35.8704    25.4867    123.966     61.000    19.7697          5 0.0000e+00
    417.280     62.355    19.7642   4.876208     0.2408   314.2720     0.0511 4.7932e+00     1.6837    126.943    35.8713    25.4918    124.648     62.000    19.7527         10 0.0000e+00
    419.071     63.361    19.7481   4.874780     0.2330   341.0488     0.0505 3.9486e+00     1.6887    126.712    35.8729    25.4973    125.321     63.000    19.7365          5 0.0000e+00
    421.195     64.367    19.6895   4.869104     0.2389   273.4467     0.0507 4.3550e+00     1.6907    127.456    35.8758    25.5149    124.700     64.000    19.6777         10 0.0000e+00
    423.943     65.373    19.5062   4.849652     0.2240   254.9178     0.0488 4.0767e+00     1.6663    129.002    35.8714    25.5596    121.381     65.000    19.4943         11 0.0000e+00
    425.791     66.378    19.4420   4.842847     0.2099   250.2502     0.0470 3.2940e+00     1.6414    129.546    35.8697    25.5751    117.844     66.000    19.4299          6 0.0000e+00
    428.125     67.385    19.4108   4.839955     0.2157   253.9999     0.0487 3.6295e+00     1.5874    126.221    35.8721    25.5850    111.055     67.000    19.3986          9 0.0000e+00
    429.620     68.390    19.2839   4.825493     0.2008   266.6284     0.0463 3.0677e+00     1.5537    124.277    35.8606    25.6092    108.729     68.000    19.2715          6 0.0000e+00
    431.443     69.396    19.1172   4.808557     0.1915   257.1441     0.0435 3.0791e+00     1.5283    120.520    35.8625    25.6537    107.599     69.000    19.1047          8 0.0000e+00
    433.076     70.402    19.0604   4.803068     0.1825   249.4013     0.0433 2.7510e+00     1.5151    114.956    35.8652    25.6704    106.580     70.000    19.0478          7 0.0000e+00
    435.573     71.408    19.0155   4.798747     0.1953   268.2974     0.0416 2.8159e+00     1.4935    110.086    35.8675    25.6837    104.220     71.000    19.0027          9 0.0000e+00
    437.162     72.414    18.9944   4.796648     0.1734   236.0945     0.0408 2.3835e+00     1.4821    109.809    35.8677    25.6894    103.429     72.000    18.9814          6 0.0000e+00
    439.492     73.420    18.8853   4.785209     0.1722   252.1039     0.0407 2.0977e+00     1.4674    108.191    35.8658    25.7158    101.895     73.000    18.8722          7 0.0000e+00
    442.517     74.426    18.7805   4.773882     0.1750   259.1571     0.0411 2.1575e+00     1.4469    106.059    35.8609    25.7389     99.939     74.000    18.7673          8 0.0000e+00
    444.919     75.432    18.7226   4.768061     0.1519   236.9926     0.0392 1.6404e+00     1.4340    104.338    35.8617    25.7542     99.062     75.000    18.7093          4 0.0000e+00
    446.290     76.438    18.6706   4.762188     0.1680   162.8037     0.0388 1.7070e+00     1.4275    103.927    35.8569    25.7638     98.407     76.000    18.6571          6 0.0000e+00
    449.065     77.443    18.6259   4.757563     0.1581   233.3229     0.0381 1.6102e+00     1.4181    101.794    35.8563    25.7747     97.652     77.000    18.6123          6 0.0000e+00
    451.884     78.450    18.5620   4.750732     0.1701   242.5961     0.0378 1.7938e+00     1.4078    101.016    35.8537    25.7889     96.646     78.000    18.5482         13 0.0000e+00
    454.298     79.456    18.4973   4.743686     0.1533   237.2339     0.0383 1.6059e+00     1.4019    100.403    35.8501    25.8025     96.560     79.000    18.4833          8 0.0000e+00
    456.011     80.462    18.4436   4.738130     0.1147   238.3979     0.0371 1.4468e+00     1.4027     99.630    35.8494    25.8155     97.048     80.000    18.4295          6 0.0000e+00
    457.555     81.467    18.3901   4.732392     0.1327   213.4780     0.0369 1.4150e+00     1.4059     99.238    35.8469    25.8271     97.786     81.000    18.3758          7 0.0000e+00
    459.485     82.473    18.3475   4.728067     0.1312   221.6597     0.0373 1.3835e+00     1.4124     99.169    35.8469    25.8378     98.605     82.000    18.3331          8 0.0000e+00
    461.090     83.479    18.3128   4.724338     0.1235   241.0124     0.0354 1.1919e+00     1.4160     99.739    35.8451    25.8452     99.062     83.000    18.2983          7 0.0000e+00
    464.457     84.485    18.2610   4.719056     0.1497   185.7532     0.0342 1.0867e+00     1.4291    101.448    35.8450    25.8582    101.078     84.000    18.2463          6 0.0000e+00
    466.214     85.491    18.2084   4.713203     0.1338   216.8436     0.0352 1.1512e+00     1.4379    101.864    35.8407    25.8680    101.684     85.000    18.1936         11 0.0000e+00
    468.244     86.497    18.1444   4.706131     0.1073   217.9979     0.0349 9.4765e-01     1.4398    103.074    35.8359    25.8803    101.649     86.000    18.1295          5 0.0000e+00
