cruises/P45_06/_audit/08_binavg_cnv/08b_binavg_1m_down/P45_06_CTD_02_1m_down.cnv
* Sea-Bird SBE19plus  Data File:
* FileName = C:\Users\OA_2023-03\Desktop\Bathymetry\ctd_casts\J3_15_04_25002.hex
* Software version 2.3.0 SB_Terminal.dll
* Temperature SN = 8460
* Conductivity SN = 8460
* System UpLoad Time = Apr 15 2026 17:07:40
* <ApplicationData>
* <SeatermAF>
# nquan = 17
# nvalues = 165                         
# units = specified
# name 0 = timeS: Time, Elapsed [seconds]
# name 1 = prdM: Pressure, Strain Gauge [db]
# name 2 = tv290C: Temperature [ITS-90, deg C]
# name 3 = c0S/m: Conductivity [S/m]
# name 4 = flECO-AFL: Fluorescence, WET Labs ECO-AFL/FL [mg/m^3]
# name 5 = flECO-AFL1: Fluorescence, WET Labs ECO-AFL/FL, 2 [mg/m^3]
# name 6 = CStarAt0: Beam Attenuation, WET Labs C-Star [1/m]
# name 7 = par/sat/log: PAR/Logarithmic, Satlantic [umol photons/m^2/sec]
# name 8 = sbeox0V: Oxygen raw, SBE 43 [V]
# name 9 = sbeox0Mm/L: Oxygen, SBE 43 [umol/l]
# name 10 = sal00: Salinity, Practical [PSU]
# name 11 = sigma-é00: Density [sigma-theta, kg/m^3]
# name 12 = sbox0Mm/Kg: Oxygen, SBE 43 [umol/kg], WS = 2
# name 13 = depSM: Depth [salt water, m], lat = 5.51
# name 14 = potemp090C: Potential Temperature [ITS-90, deg C]
# name 15 = nbin: number of scans per bin
# name 16 = flag: flag
# span 0 =    103.090,    605.432       
# span 1 =      1.005,    165.986       
# span 2 =    16.1443,    29.7721       
# span 3 =   4.486519,   5.820320       
# span 4 =    -0.0089,     0.7273       
# span 5 =    20.9465,   951.6862       
# span 6 =     0.0036,     0.1106       
# span 7 = 1.1792e-01, 3.8185e+02       
# span 8 =     1.2876,     2.5475       
# span 9 =     91.421,    202.022       
# span 10 =    35.0397,    35.9147      
# span 11 =    21.8495,    26.2301      
# span 12 =     89.090,    192.786      
# span 13 =      1.000,    165.000      
# span 14 =    16.1178,    29.7718      
# span 15 =          3,         14      
# span 16 = 0.0000e+00, 0.0000e+00      
# interval = meters: 1                  
# start_time = Apr 15 2026 15:54:22 [Instrument's time stamp, header]
# bad_flag = -9.990e-29
*END*
    103.090      1.005    29.7721   5.820320     0.0257    89.1610     0.0604 2.9061e+02     2.5064    181.374    35.0607    21.8495    177.251      1.000    29.7718          8 0.0000e+00
    226.887      2.011    29.7574   5.818677     0.0279    47.5446     0.0624 3.8185e+02     2.5184    182.891    35.0600    21.8540    178.437      2.000    29.7569          9 0.0000e+00
    289.853      3.016    29.7173   5.814376     0.0306   124.9764     0.0627 2.8477e+02     2.5191    182.847    35.0595    21.8673    178.602      3.000    29.7166          6 0.0000e+00
    291.579      4.022    29.6807   5.810393     0.0292   121.2127     0.0575 1.9632e+02     2.5169    182.728    35.0588    21.8793    178.628      4.000    29.6797          6 0.0000e+00
    292.896      5.028    29.6315   5.804724     0.0356   109.8345     0.0614 1.5889e+02     2.5168    183.156    35.0557    21.8937    178.830      5.000    29.6303          6 0.0000e+00
    294.459      6.034    29.4970   5.789541     0.0394    51.9317     0.0605 1.1437e+02     2.5164    183.262    35.0499    21.9350    179.212      6.000    29.4955          6 0.0000e+00
    295.720      7.039    29.3192   5.769113     0.0325   124.4446     0.0622 1.3503e+02     2.5175    183.601    35.0397    21.9874    180.015      7.000    29.3175          5 0.0000e+00
    297.355      8.045    29.2349   5.761141     0.0336    72.2039     0.0643 1.7297e+02     2.5173    184.030    35.0465    22.0209    180.020      8.000    29.2329          7 0.0000e+00
    298.925      9.051    29.2144   5.759082     0.0343   116.1989     0.0642 1.3712e+02     2.5128    184.175    35.0471    22.0283    179.754      9.000    29.2122          6 0.0000e+00
    300.205     10.056    29.2042   5.758279     0.0324   135.3146     0.0646 1.2754e+02     2.5143    184.154    35.0487    22.0331    180.122     10.000    29.2017          5 0.0000e+00
    301.750     11.062    29.1967   5.757582     0.0389   115.4579     0.0644 1.2847e+02     2.5143    184.414    35.0491    22.0360    180.066     11.000    29.1940          8 0.0000e+00
    303.659     12.067    29.1885   5.756706     0.0365   111.8282     0.0625 1.2107e+02     2.5140    183.788    35.0488    22.0386    180.114     12.000    29.1856          5 0.0000e+00
    304.741     13.073    29.1786   5.755466     0.0382   149.7350     0.0631 1.1304e+02     2.5145    183.900    35.0473    22.0408    180.247     13.000    29.1754          5 0.0000e+00
    306.294     14.078    29.1734   5.755098     0.0385   142.8751     0.0618 1.1072e+02     2.5157    184.270    35.0483    22.0434    180.423     14.000    29.1700          8 0.0000e+00
    307.996     15.084    29.1686   5.754558     0.0445   137.0951     0.0605 9.6445e+01     2.5178    184.144    35.0478    22.0448    180.555     15.000    29.1649          4 0.0000e+00
    308.934     16.090    29.1630   5.754099     0.0344   174.5497     0.0629 1.0216e+02     2.5158    184.231    35.0485    22.0472    180.266     16.000    29.1591          4 0.0000e+00
    310.252     17.095    29.1586   5.753690     0.0399   139.2119     0.0621 9.6477e+01     2.5143    184.383    35.0486    22.0488    180.288     17.000    29.1545          8 0.0000e+00
    312.165     18.101    29.1548   5.753436     0.0461    67.6701     0.0591 8.6654e+01     2.5146    184.613    35.0493    22.0508    180.448     18.000    29.1504          5 0.0000e+00
    313.208     19.107    29.1500   5.753033     0.0384   104.9213     0.0597 8.6612e+01     2.5148    184.744    35.0498    22.0528    180.389     19.000    29.1453          5 0.0000e+00
    314.903     20.112    29.1461   5.752709     0.0389   207.9900     0.0635 8.7042e+01     2.5144    184.234    35.0501    22.0544    180.520     20.000    29.1412          7 0.0000e+00
    316.223     21.118    29.1429   5.752373     0.0484   141.1927     0.0630 7.9088e+01     2.5166    184.388    35.0499    22.0554    180.885     21.000    29.1378          4 0.0000e+00
    317.458     22.124    29.1399   5.752154     0.0452   122.1560     0.0635 7.6075e+01     2.5227    184.557    35.0503    22.0568    181.701     22.000    29.1345          7 0.0000e+00
    319.121     23.129    29.1149   5.749224     0.0489   116.6798     0.0657 7.2763e+01     2.5307    184.466    35.0482    22.0637    182.250     23.000    29.1093          6 0.0000e+00
    320.720     24.135    28.9812   5.734507     0.0555   117.1341     0.0637 6.8612e+01     2.5375    185.149    35.0446    22.1058    183.726     24.000    28.9754          7 0.0000e+00
    322.540     25.141    28.8685   5.724192     0.0578   156.5930     0.0680 6.1696e+01     2.5475    186.456    35.0561    22.1521    184.337     25.000    28.8624          7 0.0000e+00
    324.190     26.147    28.5262   5.695323     0.0607   201.2405     0.0675 5.6976e+01     2.5347    188.013    35.1084    22.3050    183.330     26.000    28.5199          7 0.0000e+00
    325.626     27.152    28.0770   5.661738     0.0826   217.5152     0.0695 4.8960e+01     2.5162    189.841    35.2077    22.5277    183.149     27.000    28.0706          4 0.0000e+00
    326.681     28.158    27.9712   5.658060     0.0923   138.3070     0.0738 4.6396e+01     2.5095    191.834    35.2607    22.6023    183.249     28.000    27.9646          4 0.0000e+00
    327.728     29.164    27.8919   5.657327     0.0897   292.9426     0.0768 4.6682e+01     2.5061    191.905    35.3147    22.6689    183.005     29.000    27.8851          5 0.0000e+00
    329.088     30.169    27.6826   5.644424     0.1220   177.1995     0.0768 4.6858e+01     2.4979    190.395    35.3811    22.7870    183.051     30.000    27.6755          7 0.0000e+00
    330.917     31.175    27.2651   5.606627     0.1359   211.8341     0.0761 4.3002e+01     2.4930    189.153    35.4288    22.9580    183.961     31.000    27.2579          7 0.0000e+00
    332.528     32.181    26.8968   5.571732     0.1543   246.3014     0.0771 3.8231e+01     2.4929    190.113    35.4599    23.0994    185.747     32.000    26.8895          6 0.0000e+00
    334.861     33.186    26.3221   5.517155     0.2008   221.7113     0.0910 3.8716e+01     2.5075    190.854    35.5076    23.3179    189.100     33.000    26.3147          8 0.0000e+00
    335.971     34.192    25.8467   5.473078     0.2357   237.8116     0.1007 3.0459e+01     2.5164    192.284    35.5546    23.5019    191.661     34.000    25.8391          5 0.0000e+00
    337.869     35.198    25.3759   5.433759     0.2032   247.4868     0.1023 3.3746e+01     2.5232    194.533    35.6332    23.7071    192.786     35.000    25.3682          8 0.0000e+00
    339.034     36.204    24.9641   5.386121     0.1956   253.5071     0.1016 2.0270e+01     2.5138    197.414    35.6037    23.8109    192.544     36.000    24.9563          3 0.0000e+00
    340.131     37.210    24.7085   5.364598     0.2028   249.0245     0.1054 2.4050e+01     2.5019    198.934    35.6449    23.9197    192.369     37.000    24.7005          7 0.0000e+00
    342.388     38.215    24.3814   5.333773     0.2330   260.7858     0.1003 2.5521e+01     2.4790    202.022    35.6732    24.0397    189.886     38.000    24.3733          7 0.0000e+00
    343.443     39.221    24.0283   5.297825     0.2161   260.0707     0.0956 1.8338e+01     2.4402    201.736    35.6835    24.1529    185.112     39.000    24.0200          4 0.0000e+00
    345.397     40.227    23.6389   5.262566     0.2667   274.7021     0.0975 2.2159e+01     2.3660    200.195    35.7279    24.3018    180.636     40.000    23.6305         11 0.0000e+00
    347.317     41.233    23.0574   5.203433     0.2660   373.2194     0.0921 1.7443e+01     2.3417    199.775    35.7442    24.4840    182.155     41.000    23.0489          5 0.0000e+00
    348.625     42.238    22.7586   5.176891     0.2975   346.6742     0.0920 1.7294e+01     2.3318    193.917    35.7820    24.5989    181.492     42.000    22.7500          6 0.0000e+00
    350.373     43.244    22.5613   5.161841     0.3737   410.1896     0.0888 1.6103e+01     2.2900    186.042    35.8260    24.6889    173.815     43.000    22.5526          7 0.0000e+00
    352.081     44.250    22.3075   5.135802     0.4354   484.3761     0.0904 1.4358e+01     2.1662    188.334    35.8308    24.7648    157.736     44.000    22.2987          8 0.0000e+00
    354.287     45.256    22.0809   5.112426     0.5740   665.9623     0.0908 1.3011e+01     2.0114    187.468    35.8337    24.8312    146.498     45.000    22.0719          8 0.0000e+00
    355.799     46.261    21.7375   5.069196     0.6806   785.8783     0.0951 1.1153e+01     1.9534    180.093    35.7760    24.8837    142.598     46.000    21.7284          5 0.0000e+00
    357.396     47.267    21.4892   5.042685     0.6674   873.6555     0.1031 1.0775e+01     1.8979    161.856    35.7712    24.9491    138.886     47.000    21.4799          8 0.0000e+00
    358.954     48.273    21.3222   5.025427     0.6984   951.6862     0.1068 9.1054e+00     1.8662    150.585    35.7722    24.9961    137.587     48.000    21.3128          5 0.0000e+00
    360.192     49.279    21.1405   5.004952     0.7273   904.4119     0.1103 8.4090e+00     1.8506    148.842    35.7597    25.0365    137.173     49.000    21.1310          5 0.0000e+00
    361.593     50.285    21.0440   4.995744     0.6437   778.6883     0.1105 7.9333e+00     1.8414    144.585    35.7661    25.0679    137.013     50.000    21.0344          7 0.0000e+00
    364.167     51.291    20.9747   4.988818     0.6516   808.5031     0.1106 7.4650e+00     1.8413    140.744    35.7680    25.0883    139.373     51.000    20.9649         11 0.0000e+00
    366.369     52.296    20.9417   4.985396     0.6649   826.7883     0.1071 6.4693e+00     1.8864    140.323    35.7678    25.0973    145.272     52.000    20.9317          7 0.0000e+00
    367.847     53.302    20.9555   4.989455     0.6202   731.6519     0.1054 5.2535e+00     1.8947    140.201    35.7886    25.1093    141.721     53.000    20.9453          6 0.0000e+00
    370.438     54.308    21.0043   5.005210     0.4719   507.7322     0.0881 5.4368e+00     1.8186    145.647    35.8742    25.1613    131.803     54.000    20.9939          7 0.0000e+00
    372.260     55.314    20.8059   4.985025     0.4395   428.5041     0.0758 3.6421e+00     1.7799    151.014    35.8780    25.2183    130.124     55.000    20.7954          4 0.0000e+00
    373.512     56.320    20.6087   4.965958     0.4152   420.7345     0.0660 4.2045e+00     1.7634    145.560    35.8898    25.2806    128.717     56.000    20.5980          6 0.0000e+00
    376.206     57.326    20.4831   4.955287     0.4152   442.8889     0.0582 3.5063e+00     1.7331    132.075    35.9090    25.3293    126.278     57.000    20.4723          4 0.0000e+00
    377.231     58.331    20.4123   4.947594     0.3976   377.8697     0.0523 3.6100e+00     1.7158    133.637    35.9061    25.3461    123.974     58.000    20.4013          8 0.0000e+00
    379.697     59.337    20.3406   4.941227     0.3819   361.0914     0.0520 3.4852e+00     1.6840    130.808    35.9147    25.3719    121.858     59.000    20.3295          8 0.0000e+00
    381.587     60.343    20.1992   4.926165     0.3464   333.7417     0.0472 3.2708e+00     1.6722    128.961    35.9115    25.4072    121.028     60.000    20.1879         12 0.0000e+00
    384.049     61.349    20.1352   4.919712     0.3002   334.0930     0.0450 2.6411e+00     1.6562    125.112    35.9127    25.4253    119.499     61.000    20.1238          5 0.0000e+00
    386.201     62.355    20.0645   4.910931     0.3465   337.3986     0.0433 2.6452e+00     1.6369    124.563    35.9006    25.4349    117.268     62.000    20.0529          7 0.0000e+00
    388.255     63.361    19.9568   4.895585     0.3408   329.9854     0.0442 2.1152e+00     1.6168    123.428    35.8659    25.4370    115.124     63.000    19.9451          5 0.0000e+00
    389.832     64.367    19.8200   4.877041     0.3647   385.2326     0.0522 2.3641e+00     1.5973    122.500    35.8296    25.4454    113.491     64.000    19.8081          9 0.0000e+00
    391.692     65.373    19.7291   4.867647     0.3502   343.6162     0.0616 1.9727e+00     1.5820    120.281    35.8294    25.4692    112.755     65.000    19.7171          5 0.0000e+00
    393.775     66.378    19.5361   4.843187     0.3544   414.6586     0.0736 2.0046e+00     1.5702    118.538    35.7917    25.4910    111.869     66.000    19.5240          8 0.0000e+00
    396.452     67.384    19.4388   4.833554     0.3252   412.0306     0.0867 1.3244e+00     1.5529    115.931    35.7949    25.5187    110.254     67.000    19.4265          5 0.0000e+00
    398.798     68.390    19.3357   4.823018     0.2989   290.2473     0.0887 1.6353e+00     1.5458    114.990    35.7953    25.5459    110.313     68.000    19.3233          6 0.0000e+00
    400.824     69.396    19.2112   4.809791     0.2651   309.8030     0.1007 1.4659e+00     1.5430    113.909    35.7917    25.5753    110.296     69.000    19.1987          8 0.0000e+00
    403.865     70.402    19.1599   4.805441     0.2507   339.1359     0.0921 1.2506e+00     1.5367    113.321    35.7992    25.5944    109.509     70.000    19.1472          5 0.0000e+00
    405.715     71.408    19.1090   4.800071     0.2688   305.1391     0.0769 1.3009e+00     1.5291    113.445    35.7977    25.6064    108.643     71.000    19.0962         11 0.0000e+00
    407.970     72.414    19.0373   4.792885     0.2220   316.9764     0.0720 1.1672e+00     1.5211    113.086    35.7991    25.6259    108.128     72.000    19.0243          7 0.0000e+00
    409.932     73.420    19.0135   4.792745     0.2172   287.7041     0.0696 1.1091e+00     1.5145    112.127    35.8180    25.6465    107.409     73.000    19.0004          9 0.0000e+00
    411.799     74.426    19.0042   4.792584     0.2265   242.8002     0.0672 8.6714e-01     1.5096    111.056    35.8244    25.6538    107.158     74.000    18.9909          5 0.0000e+00
    413.330     75.432    19.0141   4.795316     0.2281   231.5652     0.0623 8.8970e-01     1.5082    110.720    35.8384    25.6620    107.017     75.000    19.0006          8 0.0000e+00
    417.360     76.438    19.0336   4.798909     0.2189   249.0683     0.0516 9.1142e-01     1.4864    109.732    35.8513    25.6669    102.952     76.000    19.0199         13 0.0000e+00
    420.242     77.444    19.0396   4.802053     0.1975   258.7640     0.0466 8.3995e-01     1.4539    109.521    35.8721    25.6813    100.722     77.000    19.0258          8 0.0000e+00
    421.371     78.449    18.9880   4.797574     0.1917   246.9142     0.0407 7.5140e-01     1.4558    108.436    35.8788    25.6997    101.623     78.000    18.9740          5 0.0000e+00
    423.399     79.456    18.9199   4.790406     0.1795   222.6108     0.0331 7.6112e-01     1.4552    103.785    35.8772    25.7160    101.332     79.000    18.9057          9 0.0000e+00
    425.411     80.461    18.8120   4.777477     0.1687   202.1327     0.0289 7.0251e-01     1.4443    103.434    35.8616    25.7316     99.615     80.000    18.7977          8 0.0000e+00
    427.464     81.467    18.7307   4.769266     0.1814   235.1371     0.0297 6.7768e-01     1.4320    104.850    35.8626    25.7531     98.981     81.000    18.7162          8 0.0000e+00
    429.877     82.473    18.7112   4.768383     0.1612   235.5458     0.0296 6.4208e-01     1.4268    103.374    35.8717    25.7651     98.793     82.000    18.6966         11 0.0000e+00
    431.788     83.479    18.6458   4.760734     0.1557   227.0281     0.0266 5.7152e-01     1.4238    101.501    35.8636    25.7755     98.477     83.000    18.6310          6 0.0000e+00
    433.697     84.485    18.5949   4.755321     0.1559   206.1570     0.0248 5.6878e-01     1.4198    101.522    35.8617    25.7870     98.292     84.000    18.5800          9 0.0000e+00
    435.696     85.491    18.5484   4.750190     0.1485   207.3358     0.0229 5.0650e-01     1.4184    101.554    35.8583    25.7962     98.276     85.000    18.5334          8 0.0000e+00
