cruises/P45_06/_audit/08_binavg_cnv/08b_binavg_1m_down/P45_06_CTD_05_1m_down.cnv
* Sea-Bird SBE19plus  Data File:
* FileName = C:\Users\OA_2023-03\Desktop\Bathymetry\ctd_casts\proble cast 2002.hex
* Software version 2.3.0 SB_Terminal.dll
* Temperature SN = 8460
* Conductivity SN = 8460
* System UpLoad Time = Apr 16 2026 17:52:48
* <ApplicationData>
* <SeatermAF>
# nquan = 17
# nvalues = 72                          
# units = specified
# name 0 = timeS: Time, Elapsed [seconds]
# name 1 = prdM: Pressure, Strain Gauge [db]
# name 2 = tv290C: Temperature [ITS-90, deg C]
# name 3 = c0S/m: Conductivity [S/m]
# name 4 = flECO-AFL: Fluorescence, WET Labs ECO-AFL/FL [mg/m^3]
# name 5 = flECO-AFL1: Fluorescence, WET Labs ECO-AFL/FL, 2 [mg/m^3]
# name 6 = CStarAt0: Beam Attenuation, WET Labs C-Star [1/m]
# name 7 = par/sat/log: PAR/Logarithmic, Satlantic [umol photons/m^2/sec]
# name 8 = sbeox0V: Oxygen raw, SBE 43 [V]
# name 9 = sbeox0Mm/L: Oxygen, SBE 43 [umol/l]
# name 10 = sal00: Salinity, Practical [PSU]
# name 11 = sigma-é00: Density [sigma-theta, kg/m^3]
# name 12 = sbox0Mm/Kg: Oxygen, SBE 43 [umol/kg], WS = 2
# name 13 = depSM: Depth [salt water, m], lat = 5.51
# name 14 = potemp090C: Potential Temperature [ITS-90, deg C]
# name 15 = nbin: number of scans per bin
# name 16 = flag: flag
# span 0 =    351.963,   1130.466       
# span 1 =      3.017,     74.426       
# span 2 =    18.3278,    29.4408       
# span 3 =   4.717037,   5.805306       
# span 4 =     0.0278,     0.8979       
# span 5 =   -71.6591,  1029.5661       
# span 6 =     0.0557,     0.1814       
# span 7 = 1.1800e-01, 4.5609e+01       
# span 8 =     1.4322,     2.5593       
# span 9 =    102.776,    200.469       
# span 10 =    35.1628,    35.8143      
# span 11 =    22.0590,    25.7860      
# span 12 =    100.215,    192.572      
# span 13 =      3.000,     74.000      
# span 14 =    18.3148,    29.4395      
# span 15 =          2,         11      
# span 16 = 0.0000e+00, 0.0000e+00      
# interval = meters: 1                  
# start_time = Apr 16 2026 17:14:45 [Instrument's time stamp, header]
# bad_flag = -9.990e-29
*END*
    351.963      3.017    29.3412   5.789257     0.0357    10.8736     0.0946 4.5609e+01     1.7645    111.464    35.1628    22.0720    112.396      3.000    29.3405          4 0.0000e+00
    415.179      4.022    29.4096   5.798571     0.0305   -25.6650     0.0734 4.4937e+01     2.0976    142.776    35.1761    22.0590    142.007      4.000    29.4086          9 0.0000e+00
    464.319      5.028    29.4408   5.805306     0.0306     2.5065     0.0762 3.9408e+01     2.3998    169.749    35.1990    22.0658    169.732      5.000    29.4395          6 0.0000e+00
    471.286      6.033    29.4338   5.804995     0.0278    79.9200     0.0728 3.4037e+01     2.4630    173.937    35.2017    22.0703    175.302      6.000    29.4323          5 0.0000e+00
    472.710      7.039    29.4200   5.803650     0.0375   -71.6591     0.0761 3.3062e+01     2.4610    174.959    35.2023    22.0754    174.384      7.000    29.4183          7 0.0000e+00
    474.854      8.045    29.3757   5.799333     0.0365     3.2775     0.0745 3.3014e+01     2.4715    176.147    35.2050    22.0924    175.989      8.000    29.3737          7 0.0000e+00
    475.818      9.050    29.2518   5.785708     0.0332   -41.1480     0.0747 2.7856e+01     2.4769    179.262    35.2023    22.1322    176.558      9.000    29.2497          4 0.0000e+00
    477.430     10.056    29.1656   5.778345     0.0416   -28.2413     0.0802 3.2005e+01     2.4788    179.782    35.2149    22.1708    176.912     10.000    29.1631          8 0.0000e+00
    479.155     11.062    29.1269   5.775368     0.0279    31.0018     0.0894 2.8171e+01     2.4835    179.979    35.2226    22.1896    177.662     11.000    29.1242          6 0.0000e+00
    480.488     12.067    29.1063   5.774358     0.0454   -39.3997     0.0919 2.6848e+01     2.4925    180.998    35.2305    22.2025    178.770     12.000    29.1034          5 0.0000e+00
    482.002     13.073    29.0804   5.772793     0.1134   -45.7234     0.0875 2.7110e+01     2.5017    181.124    35.2386    22.2174    179.570     13.000    29.0772          7 0.0000e+00
    483.383     14.079    29.0213   5.767680     0.0495   -36.7599     0.0870 2.4362e+01     2.5104    181.525    35.2467    22.2433    180.668     14.000    29.0179          5 0.0000e+00
    484.826     15.084    28.9380   5.760123     0.0441    40.5179     0.0902 2.4641e+01     2.5207    182.488    35.2558    22.2781    181.944     15.000    28.9343          6 0.0000e+00
    486.380     16.090    28.8097   5.748256     0.0564    38.3178     0.0932 2.2800e+01     2.5379    184.160    35.2684    22.3304    184.415     16.000    28.8058          6 0.0000e+00
    488.031     17.096    28.6175   5.729847     0.0631    16.7368     0.0977 2.1891e+01     2.5593    185.541    35.2831    22.4054    186.167     17.000    28.6134          7 0.0000e+00
    489.512     18.101    28.3636   5.705242     0.0545   103.5148     0.1034 2.0071e+01     2.5506    187.407    35.3006    22.5026    185.605     18.000    28.3593          6 0.0000e+00
    491.737     19.107    27.9938   5.671961     0.0779   173.1199     0.1095 2.0104e+01     2.5539    190.970    35.3441    22.6570    187.296     19.000    27.9893          7 0.0000e+00
    492.573     20.112    27.6600   5.638703     0.0911    70.9149     0.1112 1.1531e+01     2.5470    193.739    35.3607    22.7783    187.438     20.000    27.6553          4 0.0000e+00
    494.713     21.118    27.4674   5.623978     0.0783    98.4036     0.1209 1.5852e+01     2.5479    193.205    35.4017    22.8716    188.342     21.000    27.4625          6 0.0000e+00
    496.286     22.124    27.0894   5.589570     0.1102   154.3556     0.1224 1.2056e+01     2.5466    194.293    35.4437    23.0249    189.462     22.000    27.0843          4 0.0000e+00
    497.985     23.129    26.2882   5.515854     0.1239   125.8425     0.1234 1.4605e+01     2.5476    195.659    35.5275    23.3424    192.037     23.000    26.2830          9 0.0000e+00
    499.784     24.135    25.6296   5.452075     0.1443   172.9074     0.1217 1.1475e+01     2.5389    199.096    35.5730    23.5826    192.572     24.000    25.6243          5 0.0000e+00
    501.557     25.141    25.4571   5.438194     0.1200   175.6717     0.1196 1.2290e+01     2.5175    199.403    35.6055    23.6605    191.267     25.000    25.4515          9 0.0000e+00
    503.297     26.147    25.1702   5.408406     0.1762    97.9552     0.1168 9.4720e+00     2.5107    200.348    35.6101    23.7521    191.967     26.000    25.1645          5 0.0000e+00
    504.369     27.152    24.8543   5.377248     0.2116   227.1243     0.1204 8.7933e+00     2.5038    200.469    35.6273    23.8614    192.133     27.000    24.8484          5 0.0000e+00
    507.041     28.158    24.4054   5.335585     0.2577   231.1600     0.1221 9.8935e+00     2.4855    198.242    35.6710    24.0304    190.802     28.000    24.3994         10 0.0000e+00
    508.255     29.164    24.1600   5.309442     0.2114   238.0098     0.1254 6.9256e+00     2.4467    199.898    35.6693    24.1024    186.565     29.000    24.1538          5 0.0000e+00
    510.549     30.169    23.7302   5.269812     0.2533   230.2415     0.1240 7.7204e+00     2.3959    199.745    35.7129    24.2629    184.205     30.000    23.7238          8 0.0000e+00
    511.755     31.175    23.2094   5.216809     0.2632   276.4140     0.1222 5.5769e+00     2.3832    200.414    35.7273    24.4263    185.460     31.000    23.2030          4 0.0000e+00
    513.333     32.181    22.8372   5.182469     0.2609   252.0559     0.1173 6.5407e+00     2.3714    195.501    35.7644    24.5623    185.424     32.000    22.8307          8 0.0000e+00
    515.440     33.187    22.6607   5.166174     0.2579   238.3458     0.1249 5.7759e+00     2.3435    191.697    35.7817    24.6262    180.954     33.000    22.6540          8 0.0000e+00
    516.990     34.192    22.6134   5.161543     0.3182   281.4375     0.1123 5.0477e+00     2.2723    191.301    35.7841    24.6416    170.503     34.000    22.6065          6 0.0000e+00
    519.098     35.198    22.4525   5.145681     0.3321   304.9450     0.1091 4.9352e+00     2.1494    190.714    35.7918    24.6935    158.922     35.000    22.4455          7 0.0000e+00
    520.215     36.204    22.0718   5.104528     0.7135   903.4820     0.1142 3.9687e+00     2.1013    189.745    35.7820    24.7939    157.633     36.000    22.0646          5 0.0000e+00
    521.755     37.210    21.7654   5.071304     0.8735   997.3996     0.1474 4.0064e+00     2.0884    181.498    35.7728    24.8730    162.033     37.000    21.7580          7 0.0000e+00
    523.360     38.215    21.5618   5.050378     0.8874  1006.5789     0.1618 3.3712e+00     2.0974    168.739    35.7752    24.9316    160.241     38.000    21.5543          6 0.0000e+00
    524.960     39.221    21.4403   5.041681     0.8979  1029.5661     0.1814 3.1509e+00     2.0401    162.920    35.8068    24.9893    153.002     39.000    21.4326          8 0.0000e+00
    527.213     40.227    21.2191   5.019574     0.8212   996.6967     0.1580 2.5554e+00     1.9774    167.143    35.8143    25.0560    148.180     40.000    21.2113          5 0.0000e+00
    528.963     41.232    21.0522   5.001443     0.8042   925.9620     0.1443 2.6036e+00     1.9380    164.861    35.8083    25.0973    144.122     41.000    21.0443          9 0.0000e+00
    530.606     42.238    20.9934   4.993943     0.7227   854.3067     0.1416 2.1150e+00     1.8802    154.967    35.7969    25.1048    136.423     42.000    20.9853          5 0.0000e+00
    532.495     43.244    20.9362   4.987449     0.7586   817.9400     0.1298 2.1770e+00     1.8221    151.889    35.7922    25.1168    133.549     43.000    20.9279          8 0.0000e+00
    533.976     44.250    20.7305   4.963240     0.8056   638.6041     0.1280 1.5319e+00     1.8071    149.097    35.7692    25.1552    134.089     44.000    20.7221          4 0.0000e+00
    535.722     45.256    20.6123   4.951720     0.7256   716.2842     0.1219 1.7481e+00     1.8037    141.528    35.7751    25.1917    134.532     45.000    20.6037         11 0.0000e+00
    537.651     46.262    20.5803   4.948882     0.6586   645.7088     0.1218 1.3773e+00     1.7972    136.331    35.7787    25.2031    132.602     46.000    20.5715          5 0.0000e+00
    539.486     47.267    20.5463   4.946151     0.6324   664.2876     0.1183 1.3533e+00     1.7658    137.278    35.7848    25.2170    128.015     47.000    20.5373          6 0.0000e+00
    541.679     48.273    20.4282   4.933249     0.5902   636.7872     0.1161 9.1005e-01     1.7100    138.491    35.7792    25.2446    119.472     48.000    20.4191          4 0.0000e+00
    543.708     49.279    20.2683   4.918049     0.5524   522.4174     0.1152 1.1370e+00     1.6238    134.856    35.7903    25.2958    112.002     49.000    20.2591          8 0.0000e+00
    545.538     50.285    19.8403   4.870755     0.4187   346.5270     0.1122 9.6584e-01     1.5775    131.325    35.7655    25.3904    110.107     50.000    19.8310          6 0.0000e+00
    547.186     51.290    19.5278   4.839767     0.3358   290.5426     0.1077 9.0398e-01     1.5531    122.566    35.7760    25.4804    108.971     51.000    19.5184          7 0.0000e+00
    549.127     52.297    19.3657   4.823739     0.2933   280.9115     0.1047 8.3836e-01     1.5333    113.665    35.7815    25.5268    107.535     52.000    19.3562          7 0.0000e+00
    550.985     53.302    19.2619   4.812602     0.2785   286.6276     0.0956 7.9524e-01     1.5109    112.682    35.7775    25.5507    105.169     53.000    19.2522          9 0.0000e+00
    553.053     54.308    19.1443   4.800257     0.2148   250.1625     0.0856 6.8256e-01     1.4965    111.370    35.7752    25.5793    105.129     54.000    19.1345          6 0.0000e+00
    554.673     55.314    19.0384   4.789626     0.2144   213.4735     0.0781 6.7020e-01     1.4968    110.086    35.7771    25.6080    105.696     55.000    19.0285         10 0.0000e+00
    556.888     56.320    19.0116   4.787129     0.1991   200.4757     0.0766 5.8255e-01     1.4946    107.422    35.7790    25.6163    105.030     56.000    19.0015          7 0.0000e+00
    559.897     57.325    19.0052   4.786392     0.2142   221.6047     0.0747 5.5933e-01     1.4799    108.458    35.7779    25.6172    103.356     57.000    18.9949          6 0.0000e+00
    561.100     58.331    18.9535   4.781004     0.1852   196.9962     0.0688 4.8160e-01     1.4785    108.675    35.7770    25.6297    103.856     58.000    18.9431          6 0.0000e+00
    563.295     59.337    18.8967   4.775500     0.1815   227.5293     0.0709 5.0751e-01     1.4785    107.183    35.7795    25.6463    103.985     59.000    18.8861          9 0.0000e+00
    565.176     60.343    18.8114   4.766352     0.1687   179.0546     0.0761 4.5161e-01     1.4736    106.476    35.7759    25.6653    103.231     60.000    18.8007         10 0.0000e+00
    567.364     61.349    18.7678   4.761833     0.1472   203.6360     0.0703 3.6323e-01     1.4653    106.933    35.7752    25.6759    102.316     61.000    18.7569          5 0.0000e+00
    569.225     62.355    18.7237   4.756915     0.1495   185.9527     0.0567 4.0020e-01     1.4595    106.918    35.7715    25.6843    101.988     62.000    18.7127          9 0.0000e+00
    571.320     63.361    18.6852   4.753107     0.1263   180.1221     0.0595 3.3457e-01     1.4555    105.665    35.7724    25.6948    101.826     63.000    18.6740          7 0.0000e+00
    749.410     64.367    18.6188   4.746677     0.1002   191.7404     0.0625 2.6373e-01     1.4518    104.684    35.7753    25.7139    101.803     64.000    18.6074          6 0.0000e+00
   1105.992     65.373    18.5338   4.737633     0.0804   127.6374     0.0606 2.0431e-01     1.4446    104.546    35.7722    25.7330    100.915     65.000    18.5224          9 0.0000e+00
   1101.577     66.378    18.4618   4.730358     0.0880   177.8406     0.0571 1.9141e-01     1.4413    103.935    35.7728    25.7517    100.790     66.000    18.4502         10 0.0000e+00
   1103.401     67.384    18.4246   4.726739     0.0971   175.4845     0.0564 1.6004e-01     1.4390    103.853    35.7741    25.7621    100.593     67.000    18.4128          7 0.0000e+00
   1105.802     68.390    18.4016   4.724571     0.0909   212.9203     0.0571 1.2794e-01     1.4370    103.519    35.7753    25.7688    100.659     68.000    18.3897          5 0.0000e+00
   1107.156     69.396    18.3907   4.723469     0.0893   140.5077     0.0569 1.2009e-01     1.4373    103.491    35.7750    25.7714    100.646     69.000    18.3786          7 0.0000e+00
   1109.268     70.402    18.3869   4.723103     0.0807   144.5243     0.0557 1.1933e-01     1.4352    103.102    35.7748    25.7723    100.250     70.000    18.3746          9 0.0000e+00
   1111.324     71.408    18.3850   4.722928     0.0765   144.2799     0.0563 1.1808e-01     1.4333    103.301    35.7746    25.7726    100.215     71.000    18.3726          7 0.0000e+00
   1114.379     72.414    18.3693   4.721319     0.0764   173.2589     0.0564 1.1814e-01     1.4332    103.104    35.7743    25.7764    100.333     72.000    18.3566         10 0.0000e+00
   1127.753     73.420    18.3480   4.719190     0.0726   139.9420     0.0572 1.1817e-01     1.4323    103.010    35.7744    25.7818    100.266     73.000    18.3352          7 0.0000e+00
   1130.466     74.426    18.3278   4.717037     0.1033   230.0350     0.0578 1.1800e-01     1.4322    102.776    35.7732    25.7860    100.323     74.000    18.3148          2 0.0000e+00
