cruises/P45_06/L2/CTD/Derived_Parameter/P45_06_CTD_09_der.cnv
* Sea-Bird SBE19plus  Data File:
* FileName = C:\Users\OA_2023-03\Desktop\Bathymetry\ctd_casts\S1_18_04_26001.hex
* Software version 2.3.0 SB_Terminal.dll
* Temperature SN = 8460
* Conductivity SN = 8460
* System UpLoad Time = Apr 18 2026 10:40:32
* <ApplicationData>
* <SeatermAF>
# nquan = 16                                
# nvalues = 2744                        
# units = specified
# name 0 = timeS: Time, Elapsed [seconds]
# name 1 = prdM: Pressure, Strain Gauge [db]
# name 2 = tv290C: Temperature [ITS-90, deg C]
# name 3 = c0S/m: Conductivity [S/m]
# name 4 = flECO-AFL: Fluorescence, WET Labs ECO-AFL/FL [mg/m^3]
# name 5 = flECO-AFL1: Fluorescence, WET Labs ECO-AFL/FL, 2 [mg/m^3]
# name 6 = CStarAt0: Beam Attenuation, WET Labs C-Star [1/m]
# name 7 = par/sat/log: PAR/Logarithmic, Satlantic [umol photons/m^2/sec]
# name 8 = sbeox0V: Oxygen raw, SBE 43 [V]
# name 9 = sbeox0Mm/L: Oxygen, SBE 43 [umol/l]
# name 10 = sal00: Salinity, Practical [PSU]
# name 11 = sigma-é00: Density [sigma-theta, kg/m^3]
# name 12 = sbox0Mm/Kg: Oxygen, SBE 43 [umol/kg], WS = 2
# name 13 = depSM: Depth [salt water, m], lat = 5.51
# name 14 = potemp090C: Potential Temperature [ITS-90, deg C]
# name 15 = flag: flag
# span 0 =      0.000,    685.750       
# span 1 =     -0.100,     37.847       
# span 2 =    22.6161,    29.3172       
# span 3 =  -0.312213,   5.811900       
# span 4 =   -15.2482,    29.9382       
# span 5 = -1.033e+05, 40750.0000       
# span 6 =    -0.0660,    24.8803       
# span 7 = 5.6337e+00, 3.4091e+03       
# span 8 =     1.6497,     2.8063       
# span 9 =    102.454,    251.190       
# span 10 =     0.0000,    35.7755      
# span 11 =    -3.9694,    24.6074      
# span 12 =    101.296,    261.623      
# span 13 =     -0.099,     37.634      
# span 14 =    22.6085,    29.3168      
# span 15 = 0.0000e+00, 0.0000e+00      
# interval = seconds: 0.25
# start_time = Apr 18 2026 09:40:24 [Instrument's time stamp, header]
# bad_flag = -9.990e-29
*END*
[from data line 2712]
    678.000     -0.080    29.3036   0.111662     4.8918 -1480.0000    11.0243 5.5498e+02     2.2085    188.169     0.5063    -3.7627    188.716     -0.080    29.3036 -9.990e-29
    678.250     -0.078    29.3029   0.108030     2.7984  -520.0000    10.9414 5.3645e+02     2.2092    188.289     0.4893    -3.7753    188.850     -0.078    29.3029 -9.990e-29
    678.500     -0.076    29.3023   0.104171     0.0881  -130.0000    10.9454 5.1008e+02     2.2088    188.301     0.4712    -3.7887    188.876     -0.076    29.3023 -9.990e-29
    678.750     -0.078    29.3018   0.099494    -0.0367  3880.0000    10.9454 6.8353e+02     2.2098    188.338     0.4493    -3.8049    189.041     -0.078    29.3018 -9.990e-29
    679.000     -0.080    29.3009   0.092410    -0.5582 -1590.0000    16.4115 4.8880e+02     2.2097    188.445     0.4163    -3.8294    189.070     -0.080    29.3009 -9.990e-29
    679.250     -0.078    29.2999   0.087849     0.0661 -3000.0000    16.4272 5.0953e+02     2.2103    188.346     0.3951    -3.8450    189.147     -0.078    29.2999 -9.990e-29
    679.500     -0.076    29.2991   0.083898    -0.0073  -300.0000    16.4115 4.5325e+02     2.2106    188.337     0.3769    -3.8585    189.181     -0.076    29.2991 -9.990e-29
    679.750     -0.076    29.2984   0.080032     0.0441  -440.0000    21.1880 4.2865e+02     2.2110    188.408     0.3590    -3.8717    189.190     -0.076    29.2984 -9.990e-29
    680.000     -0.078    29.2974   0.076192     0.0661  -380.0000    21.2401 4.2413e+02     2.2111    188.302     0.3413    -3.8846    189.171     -0.078    29.2974 -9.990e-29
    680.250     -0.080    29.2967   0.072810     0.2718  -840.0000    21.2533 4.2865e+02     2.2109    188.341     0.3258    -3.8961    189.173     -0.080    29.2967 -9.990e-29
    680.500     -0.075    29.2952   0.070458    -0.0367  -240.0000    22.2676 4.4221e+02     2.2104    188.383     0.3150    -3.9037    189.046     -0.075    29.2952 -9.990e-29
    680.750     -0.076    29.2948   0.069048    -0.0367    30.0000    22.1836 4.3992e+02     2.2098    188.292     0.3086    -3.9084    188.986     -0.076    29.2948 -9.990e-29
    681.000     -0.082    29.2939   0.068056     0.1175   -80.0000    22.1505 5.2690e+02 -9.990e-29    188.260     0.3041    -3.9116 -9.990e-29     -0.082    29.2939 -9.990e-29
    681.250     -0.078    29.2929   0.066715     0.0220    10.0000    23.4205 1.1242e+03 -9.990e-29    188.292     0.2979    -3.9159 -9.990e-29     -0.078    29.2929 -9.990e-29
    681.500     -0.080    29.2919   0.064610    -0.0367  -130.0000    23.4891 1.3154e+03 -9.990e-29    188.273     0.2883    -3.9228 -9.990e-29     -0.080    29.2919 -9.990e-29
    681.750     -0.078    29.2911   0.061872    -0.0808   230.0000    23.4205 1.3762e+03 -9.990e-29    188.324     0.2759    -3.9319 -9.990e-29     -0.078    29.2911 -9.990e-29
    682.000     -0.076    29.2898   0.058843     0.2424   340.0000    23.5354 1.3960e+03 -9.990e-29    188.321     0.2622    -3.9418 -9.990e-29     -0.076    29.2898 -9.990e-29
    682.250     -0.076    29.2890   0.056014    -0.0588  -160.0000    23.0323 1.3897e+03 -9.990e-29    188.389     0.2494    -3.9512 -9.990e-29     -0.076    29.2890 -9.990e-29
    682.500     -0.076    29.2879   0.053723     0.1396  -380.0000    23.0323 1.3750e+03 -9.990e-29    188.318     0.2390    -3.9586 -9.990e-29     -0.076    29.2879 -9.990e-29
    682.750     -0.078    29.2872   0.052242    -0.0588   450.0000    23.0323 1.3277e+03 -9.990e-29    188.265     0.2324    -3.9634 -9.990e-29     -0.078    29.2872 -9.990e-29
    683.000     -0.078    29.2863   0.051797     0.0220  -620.0000    10.3709 1.2895e+03 -9.990e-29    188.288     0.2304    -3.9646 -9.990e-29     -0.078    29.2863 -9.990e-29
    683.250     -0.076    29.2853   0.052469    -0.1175    60.0000    10.3718 1.2709e+03 -9.990e-29    188.361     0.2334    -3.9621 -9.990e-29     -0.076    29.2853 -9.990e-29
    683.500     -0.078    29.2848   0.054052    -0.0220-12230.0000    10.3683 1.2903e+03 -9.990e-29    188.325     0.2405    -3.9566 -9.990e-29     -0.078    29.2848 -9.990e-29
    683.750     -0.075    29.2841   0.055867    -0.1616 33220.0000     2.4785 1.2842e+03 -9.990e-29    188.447     0.2487    -3.9502 -9.990e-29     -0.075    29.2841 -9.990e-29
    684.000     -0.078    29.2836   0.057643     0.8520  6740.0000     2.4783 4.4269e+02 -9.990e-29    188.461     0.2568    -3.9440 -9.990e-29     -0.078    29.2836 -9.990e-29
    684.250     -0.078    29.2827   0.059744    -4.8404  -380.0000     2.4787 3.3941e+02 -9.990e-29    188.556     0.2663    -3.9366 -9.990e-29     -0.078    29.2827 -9.990e-29
    684.500     -0.076    29.2818   0.060674    -0.1763  -130.0000     1.8587 3.7736e+02 -9.990e-29    188.634     0.2705    -3.9332 -9.990e-29     -0.076    29.2818 -9.990e-29
    684.750     -0.073    29.2811   0.057843     0.4260  -620.0000     1.8588 3.1289e+02 -9.990e-29    188.719     0.2577    -3.9426 -9.990e-29     -0.073    29.2811 -9.990e-29
    685.000     -0.078    29.2801   0.052849    -0.0073  -110.0000     1.8589 3.0140e+02 -9.990e-29    188.762     0.2351    -3.9592 -9.990e-29     -0.078    29.2801 -9.990e-29
    685.250     -0.075    29.2794   0.049771     0.1102  -240.0000     0.3024 2.9984e+02 -9.990e-29    188.736     0.2213    -3.9694 -9.990e-29     -0.075    29.2794 -9.990e-29
    685.500     -0.076 -9.990e-29   0.047322     0.0955  2330.0000     0.3011 3.0422e+02 -9.990e-29    188.666 -9.990e-29 -9.990e-29 -9.990e-29     -0.076 -9.990e-29 -9.990e-29
    685.750     -0.076 -9.990e-29   0.045817     0.0147  -110.0000     0.3015 2.8901e+02 -9.990e-29    188.548 -9.990e-29 -9.990e-29 -9.990e-29     -0.076 -9.990e-29 -9.990e-29
