cruises/P45_06/L2/CTD/Derived_Parameter/P45_06_CTD_07_der.cnv
* Sea-Bird SBE19plus  Data File:
* FileName = C:\Users\OA_2023-03\Desktop\Bathymetry\ctd_casts\J1_17_04_2026003.hex
* Software version 2.3.0 SB_Terminal.dll
* Temperature SN = 8460
* Conductivity SN = 8460
* System UpLoad Time = Apr 17 2026 12:58:15
* <ApplicationData>
* <SeatermAF>
# nquan = 16                                
# nvalues = 3956                        
# units = specified
# name 0 = timeS: Time, Elapsed [seconds]
# name 1 = prdM: Pressure, Strain Gauge [db]
# name 2 = tv290C: Temperature [ITS-90, deg C]
# name 3 = c0S/m: Conductivity [S/m]
# name 4 = flECO-AFL: Fluorescence, WET Labs ECO-AFL/FL [mg/m^3]
# name 5 = flECO-AFL1: Fluorescence, WET Labs ECO-AFL/FL, 2 [mg/m^3]
# name 6 = CStarAt0: Beam Attenuation, WET Labs C-Star [1/m]
# name 7 = par/sat/log: PAR/Logarithmic, Satlantic [umol photons/m^2/sec]
# name 8 = sbeox0V: Oxygen raw, SBE 43 [V]
# name 9 = sbeox0Mm/L: Oxygen, SBE 43 [umol/l]
# name 10 = sal00: Salinity, Practical [PSU]
# name 11 = sigma-é00: Density [sigma-theta, kg/m^3]
# name 12 = sbox0Mm/Kg: Oxygen, SBE 43 [umol/kg], WS = 2
# name 13 = depSM: Depth [salt water, m], lat = 5.51
# name 14 = potemp090C: Potential Temperature [ITS-90, deg C]
# name 15 = flag: flag
# span 0 =      0.000,    988.750       
# span 1 =     -0.056,     49.537       
# span 2 =    20.3079,    30.1953       
# span 3 =  -0.163806,   5.859566       
# span 4 =   -26.8607,    29.9382       
# span 5 = -1.950e+05, 40750.0000       
# span 6 =    -0.1104,    55.2620       
# span 7 = 1.8115e+01, 3.4716e+03       
# span 8 =     1.6264,     2.8041       
# span 9 =    100.339,    246.121       
# span 10 =     0.0000,    35.7946      
# span 11 =    -4.3990,    25.2751      
# span 12 =     98.895,    255.465      
# span 13 =     -0.056,     49.257      
# span 14 =    20.2986,    30.1953      
# span 15 = 0.0000e+00, 0.0000e+00      
# interval = seconds: 0.25
# start_time = Apr 17 2026 12:04:27 [Instrument's time stamp, header]
# bad_flag = -9.990e-29
*END*
[from data line 181]
     45.250     -0.043    29.9298   0.000819     0.0073   120.0000    -0.1002 6.6875e+02     2.7395    244.844     0.0148    -4.3187    245.959     -0.043    29.9298 -9.990e-29
     45.500     -0.045    29.9283   0.000825    -0.0588   -20.0000    -0.1002 6.6385e+02     2.7385    244.822     0.0148    -4.3183    245.857     -0.045    29.9283 -9.990e-29
     45.750     -0.045    29.9272   0.000819     0.0073   -80.0000    -0.1053 6.6213e+02     2.7385    244.866     0.0148    -4.3180    245.852     -0.045    29.9272 -9.990e-29
     46.000     -0.043    29.9261   0.000840    -0.0073  -110.0000    -0.1045 6.5742e+02     2.7393    244.807     0.0148    -4.3176    245.935     -0.043    29.9261 -9.990e-29
     46.250     -0.043    29.9248   0.000819     0.0220   -20.0000    -0.1049 6.5529e+02     2.7389    244.745     0.0148    -4.3172    245.892     -0.043    29.9248 -9.990e-29
     46.500     -0.043    29.9233   0.000819    -0.0073   120.0000     1.0318 6.5714e+02     2.7388    244.754     0.0148    -4.3168    245.892     -0.043    29.9233 -9.990e-29
     46.750     -0.045    29.9224   0.000834    -0.0073   -50.0000     1.0321 6.5913e+02     2.7386    244.787     0.0148    -4.3165    245.868     -0.045    29.9224 -9.990e-29
     47.000     -0.041    29.9213   0.000828    -0.0073    30.0000     1.0311 6.6127e+02     2.7387    244.726     0.0148    -4.3162    245.884     -0.041    29.9213 -9.990e-29
     47.250     -0.043    29.9200   0.000819     0.0000   250.0000     2.0942 6.6313e+02     2.7391    244.845     0.0148    -4.3158    245.947     -0.043    29.9200 -9.990e-29
     47.500     -0.047    29.9189   0.000819     0.0073   140.0000     2.0942 6.6774e+02     2.7383    244.885     0.0148    -4.3155    245.879     -0.047    29.9189 -9.990e-29
     47.750     -0.041    29.9178   0.000840    -0.0220  -330.0000     2.0948 6.7340e+02     2.7388    244.828     0.0148    -4.3151    245.938     -0.041    29.9178 -9.990e-29
     48.000     -0.043    29.9166   0.000819    -0.0808  -240.0000    -0.0466 6.7749e+02     2.7391    244.879     0.0148    -4.3148    245.971     -0.043    29.9166 -9.990e-29
     48.250     -0.047    29.9151   0.000825    -0.0367   120.0000    -0.0465 6.7969e+02     2.7388    244.853     0.0148    -4.3143    245.933     -0.047    29.9151 -9.990e-29
     48.500     -0.043    29.9142   0.000819    -0.0588  -330.0000    -0.0466 6.7837e+02     2.7393    244.806     0.0148    -4.3140    246.015     -0.043    29.9142 -9.990e-29
     48.750     -0.041    29.9129   0.000813    -0.0220  -270.0000    -0.1081 6.7515e+02     2.7388    244.785     0.0148    -4.3137    245.953     -0.041    29.9129 -9.990e-29
     49.000     -0.045    29.9118   0.000819    -0.0220   -50.0000    -0.1082 6.6270e+02     2.7389    244.817     0.0148    -4.3133    245.963     -0.045    29.9118 -9.990e-29
     49.250     -0.043    29.9109   0.000819    -0.0294    30.0000    -0.1077 6.5246e+02     2.7386    244.856     0.0148    -4.3131    245.949     -0.043    29.9109 -9.990e-29
     49.500     -0.045    29.9094   0.000819    -0.0588   -20.0000    -0.0165 6.5317e+02     2.7395    244.848     0.0148    -4.3126    246.046     -0.045    29.9094 -9.990e-29
     49.750     -0.047    29.9085   0.000819    -0.0294   200.0000    -0.0160 6.5472e+02     2.7391    244.851     0.0148    -4.3123    246.001     -0.047    29.9085 -9.990e-29
     50.000     -0.045    29.9074   0.000825    -0.0588   170.0000    -0.0167 6.5685e+02     2.7390    244.848     0.0148    -4.3120    245.971     -0.045    29.9074 -9.990e-29
     50.250     -0.041    29.9060   0.000825     0.0514  -190.0000     3.6279 6.6113e+02     2.7395    245.014     0.0148    -4.3116    246.041     -0.041    29.9060 -9.990e-29
     50.500     -0.041    29.9050   0.000807     0.0000   250.0000     3.6293 6.6543e+02     2.7390    244.907     0.0147    -4.3113    245.968     -0.041    29.9050 -9.990e-29
     50.750     -0.041    29.9041   0.000828     0.0073   140.0000     3.6290 6.6962e+02     2.7386    244.892     0.0148    -4.3110    245.929     -0.041    29.9041 -9.990e-29
     51.000     -0.043    29.9028   0.000825     0.0000  -930.0000     1.8766 6.7544e+02     2.7383    244.992     0.0148    -4.3106    245.907     -0.043    29.9028 -9.990e-29
     51.250     -0.041    29.9015   0.000825    -0.0147    10.0000     1.8770 6.7764e+02     2.7393    244.951     0.0148    -4.3102    246.029     -0.041    29.9015 -9.990e-29
     51.500     -0.045    29.9002   0.000825    -0.0220   200.0000     1.8769 6.7749e+02     2.7386    244.941     0.0148    -4.3098    245.977     -0.045    29.9002 -9.990e-29
     51.750     -0.041    29.8994   0.000825     0.0000   -20.0000     1.8767 6.7940e+02     2.7384    244.922     0.0148    -4.3096    245.964     -0.041    29.8994 -9.990e-29
     52.000     -0.043    29.8982   0.000819    -0.0514   -20.0000    -0.1059 6.8131e+02     2.7388    244.924     0.0148    -4.3092    246.021     -0.043    29.8982 -9.990e-29
     52.250     -0.040    29.8971   0.000819     0.0220   250.0000    -0.1054 6.7925e+02     2.7388    244.974     0.0148    -4.3089    246.019     -0.040    29.8971 -9.990e-29
     52.500     -0.041    29.8959   0.000819     0.0294   -80.0000    -0.1058 6.7093e+02     2.7388    244.893     0.0148    -4.3085    246.036     -0.041    29.8959 -9.990e-29
     52.750     -0.043    29.8947   0.000825    -0.0294  -160.0000    -0.1069 6.6500e+02     2.7386    244.953     0.0148    -4.3082    246.015     -0.043    29.8947 -9.990e-29
     53.000     -0.043    29.8936   0.000825    -0.0147  -160.0000    -0.1065 6.6789e+02     2.7391    244.980     0.0148    -4.3078    246.072     -0.043    29.8936 -9.990e-29
     53.250     -0.041    29.8925   0.000825     0.0073    60.0000    -0.1066 6.6543e+02     2.7390    244.974     0.0148    -4.3075    246.063     -0.041    29.8925 -9.990e-29
     53.500     -0.041    29.8915   0.000825     0.0367  -130.0000     0.4817 6.6299e+02     2.7387    245.046     0.0148    -4.3072    246.026     -0.041    29.8915 -9.990e-29
     53.750     -0.040    29.8905   0.000828     0.0000    10.0000     0.4814 6.6644e+02     2.7388    244.998     0.0148    -4.3069    246.035     -0.040    29.8905 -9.990e-29
     54.000     -0.041    29.8896   0.000828     0.0220   120.0000     0.4814 6.6587e+02     2.7391    245.005     0.0148    -4.3066    246.066     -0.041    29.8896 -9.990e-29
     54.250     -0.041    29.8881   0.000828     0.0147   -20.0000     2.6914 6.6789e+02     2.7388    244.964     0.0148    -4.3062    246.044     -0.041    29.8881 -9.990e-29
     54.500     -0.043    29.8870   0.000855    -0.0367  -240.0000     2.6908 6.7180e+02     2.7386    245.083     0.0149    -4.3058    246.019     -0.043    29.8870 -9.990e-29
     54.750     -0.043    29.8862   0.000828     0.0000  -190.0000     2.6904 6.6962e+02     2.7386    245.043     0.0148    -4.3056    246.032     -0.043    29.8862 -9.990e-29
     55.000     -0.041    29.8850   0.000825    -0.0367   140.0000     0.1464 6.7006e+02     2.7388    245.027     0.0148    -4.3052    246.053     -0.041    29.8850 -9.990e-29
     55.250     -0.041    29.8841   0.000819    -0.0588   170.0000     0.1465 6.7282e+02     2.7387    245.093     0.0148    -4.3050    246.054     -0.041    29.8841 -9.990e-29
     55.500     -0.043    29.8830   0.000819    -0.0073   140.0000     0.1463 6.7122e+02     2.7382    245.039     0.0148    -4.3047    246.017     -0.043    29.8830 -9.990e-29
     55.750     -0.041    29.8818   0.000819    -0.0147  -130.0000    -0.1080 6.6875e+02     2.7391    244.997     0.0148    -4.3043    246.125     -0.041    29.8818 -9.990e-29
     56.000     -0.045    29.8810   0.000819    -0.0073  -220.0000    -0.1077 6.6832e+02     2.7384    244.946     0.0148    -4.3041    246.056     -0.045    29.8810 -9.990e-29
     56.250     -0.041    29.8799   0.000825     0.0000    60.0000    -0.1079 6.6515e+02     2.7385    245.069     0.0148    -4.3037    246.071     -0.041    29.8799 -9.990e-29
     56.500     -0.043    29.8788   0.000819     0.0220    90.0000    -0.1019 6.6084e+02     2.7390    244.976     0.0148    -4.3034    246.144     -0.043    29.8788 -9.990e-29
     56.750     -0.043    29.8777   0.000825    -0.0220  -270.0000    -0.1016 6.6070e+02     2.7388    244.956     0.0148    -4.3031    246.118     -0.043    29.8777 -9.990e-29
     57.000     -0.045    29.8766   0.000825    -0.0661    30.0000    -0.1021 6.5927e+02     2.7390    245.009     0.0148    -4.3027    246.159     -0.045    29.8766 -9.990e-29
     57.250     -0.040    29.8756   0.000825    -0.0147   -80.0000     2.0925 6.5799e+02     2.7386    245.018     0.0148    -4.3024    246.136     -0.040    29.8756 -9.990e-29
     57.500     -0.045    29.8747   0.000828     0.0220   250.0000     2.0926 6.6013e+02     2.7392    245.042     0.0148    -4.3021    246.191     -0.045    29.8747 -9.990e-29
     57.750     -0.045    29.8737   0.000825    -0.0661    30.0000     2.0926 6.6013e+02     2.7391    245.035     0.0148    -4.3018    246.191     -0.045    29.8737 -9.990e-29
     58.000     -0.043    29.8725   0.000825    -0.0735    30.0000     1.5253 6.6170e+02     2.7391    245.108     0.0148    -4.3015    246.176     -0.043    29.8725 -9.990e-29
     58.250     -0.043    29.8717   0.000825    -0.0220   -20.0000     1.5254 6.6356e+02     2.7401    245.089     0.0148    -4.3012    246.286     -0.043    29.8717 -9.990e-29
     58.500     -0.043    29.8707   0.000825     0.0367   140.0000     1.5257 6.6457e+02     2.7391    245.072     0.0148    -4.3009    246.157     -0.043    29.8707 -9.990e-29
     58.750     -0.042    29.8697   0.000825    -0.0073  -330.0000     1.5262 6.6515e+02     2.7395    245.080     0.0148    -4.3006    246.207     -0.042    29.8697 -9.990e-29
     59.000     -0.042    29.8686   0.000825    -0.0367    10.0000    -0.1022 6.6227e+02     2.7388    245.125     0.0148    -4.3003    246.116     -0.042    29.8686 -9.990e-29
     59.250     -0.045    29.8676   0.000825     0.0220    60.0000    -0.1020 6.6127e+02     2.7392    245.083     0.0148    -4.3000    246.160     -0.045    29.8676 -9.990e-29
     59.500     -0.043    29.8664   0.000825    -0.0220    90.0000    -0.1028 6.5884e+02     2.7390    245.062     0.0148    -4.2997    246.156     -0.043    29.8664 -9.990e-29
     59.750     -0.042    29.8658   0.000819    -0.0441  -300.0000    -0.1077 6.5600e+02     2.7393    245.060     0.0148    -4.2995    246.188     -0.042    29.8658 -9.990e-29
     60.000     -0.045    29.8649   0.000813    -0.0588    10.0000    -0.1082 6.5345e+02     2.7387    245.074     0.0148    -4.2992    246.136     -0.045    29.8649 -9.990e-29
     60.250     -0.043    29.8638   0.000840    -0.0588  -110.0000    -0.1082 6.5162e+02     2.7391    245.075     0.0148    -4.2988    246.174     -0.043    29.8638 -9.990e-29
     60.500     -0.043    29.8627   0.000819    -0.0073  -130.0000     0.2744 6.4993e+02     2.7386    245.011     0.0148    -4.2986    246.130     -0.043    29.8627 -9.990e-29
     60.750     -0.042    29.8615   0.000819    -0.0514  -160.0000     0.2746 6.5133e+02     2.7388    245.137     0.0148    -4.2982    246.149     -0.042    29.8615 -9.990e-29
     61.000     -0.042    29.8609   0.000825    -0.0220  -270.0000     0.2748 6.5204e+02     2.7388    245.050     0.0148    -4.2980    246.170     -0.042    29.8609 -9.990e-29
     61.250     -0.043    29.8598   0.000828    -0.0441   -50.0000     0.3481 6.5204e+02     2.7386    245.082     0.0148    -4.2977    246.149     -0.043    29.8598 -9.990e-29
     61.500     -0.045    29.8589   0.000819     0.0000   140.0000     0.3481 6.5105e+02     2.7388    245.148     0.0148    -4.2974    246.196     -0.045    29.8589 -9.990e-29
     61.750     -0.043    29.8578   0.000807    -0.0367  -220.0000     0.3483 6.5049e+02     2.7383    245.140     0.0147    -4.2971    246.146     -0.043    29.8578 -9.990e-29
     62.000     -0.040    29.8570   0.000813    -0.0220  -190.0000    -0.0829 6.4894e+02     2.7389    245.166     0.0148    -4.2969    246.211     -0.040    29.8570 -9.990e-29
     62.250     -0.042    29.8561   0.000813    -0.0881  -220.0000    -0.0834 6.4796e+02     2.7386    245.128     0.0148    -4.2966    246.191     -0.042    29.8561 -9.990e-29
     62.500     -0.044    29.8553   0.000819    -0.0147   -20.0000    -0.0832 6.4810e+02     2.7391    245.211     0.0148    -4.2963    246.250     -0.044    29.8553 -9.990e-29
     62.750     -0.038    29.8543   0.000819    -0.0441  -270.0000    -0.1031 6.4712e+02     2.7389    245.187     0.0148    -4.2960    246.253     -0.038    29.8543 -9.990e-29
     63.000     -0.043    29.8535   0.000795    -0.0147   280.0000    -0.1030 6.4502e+02     2.7385    245.215     0.0147    -4.2958    246.198     -0.043    29.8535 -9.990e-29
     63.250     -0.043    29.8525   0.000828    -0.0514  -110.0000    -0.1031 6.4474e+02     2.7390    245.345     0.0148    -4.2955    246.253     -0.043    29.8525 -9.990e-29
     63.500     -0.045    29.8516   0.000825     0.0220   170.0000    -0.0266 6.4335e+02     2.7389    245.225     0.0148    -4.2952    246.252     -0.045    29.8516 -9.990e-29
     63.750     -0.042    29.8505   0.000828    -0.0220   120.0000    -0.0256 6.4307e+02     2.7396    245.278     0.0148    -4.2949    246.331     -0.042    29.8505 -9.990e-29
     64.000     -0.043    29.8498   0.000825    -0.0147   140.0000    -0.0265 6.4224e+02     2.7390    245.176     0.0148    -4.2947    246.259     -0.043    29.8498 -9.990e-29
     64.250     -0.043    29.8489   0.000828    -0.0367    90.0000     0.2488 6.4447e+02     2.7388    245.227     0.0148    -4.2944    246.228     -0.043    29.8489 -9.990e-29
     64.500     -0.043    29.8480   0.000834    -0.0220   250.0000     0.2484 6.4600e+02     2.7396    245.182     0.0148    -4.2941    246.312     -0.043    29.8480 -9.990e-29
     64.750     -0.044    29.8473   0.000840    -0.0073   200.0000     0.2489 6.4726e+02     2.7388    245.220     0.0148    -4.2939    246.233     -0.044    29.8473 -9.990e-29
     65.000     -0.043    29.8464   0.000834     0.0147   -80.0000     0.2489 6.4726e+02     2.7388    245.138     0.0148    -4.2936    246.245     -0.043    29.8464 -9.990e-29
     65.250     -0.042    29.8455   0.000828    -0.0294  -110.0000     0.0121 6.4726e+02     2.7391    245.177     0.0148    -4.2934    246.276     -0.042    29.8455 -9.990e-29
     65.500     -0.044    29.8446   0.000834    -0.0441    90.0000     0.0125 6.4726e+02     2.7388    245.145     0.0148    -4.2931    246.243     -0.044    29.8446 -9.990e-29
     65.750     -0.045    29.8437   0.000834    -0.0588   170.0000     0.0121 6.4572e+02     2.7395    245.162     0.0148    -4.2928    246.341     -0.045    29.8437 -9.990e-29
     66.000     -0.042    29.8428   0.000834    -0.0294    60.0000    -0.1053 6.4558e+02     2.7388    245.188     0.0148    -4.2925    246.271     -0.042    29.8428 -9.990e-29
     66.250     -0.042    29.8419   0.000828     0.0220    60.0000    -0.1057 6.4419e+02     2.7388    245.154     0.0148    -4.2923    246.272     -0.042    29.8419 -9.990e-29
     66.500     -0.044    29.8410   0.000813    -0.0220   310.0000    -0.1056 6.4113e+02     2.7391    245.182     0.0148    -4.2920    246.314     -0.044    29.8410 -9.990e-29
     66.750     -0.047    29.8401   0.000819    -0.0367    60.0000    -0.1102 6.3629e+02     2.7390    245.127     0.0148    -4.2918    246.299     -0.047    29.8401 -9.990e-29
     67.000     -0.042    29.8393   0.000813    -0.0441    90.0000    -0.1104 6.1771e+02     2.7393    245.218     0.0148    -4.2915    246.333     -0.042    29.8393 -9.990e-29
     67.250     -0.042    29.8388   0.000819    -0.0220   140.0000    -0.1097 6.1518e+02     2.7392    245.184     0.0148    -4.2914    246.313     -0.042    29.8388 -9.990e-29
     67.500     -0.044    29.8378   0.000819    -0.0220  -330.0000     0.7575 6.1173e+02     2.7392    245.257     0.0148    -4.2911    246.307     -0.044    29.8378 -9.990e-29
