cruises/P45_06/L2/CTD/Derived_Parameter/P45_06_CTD_11_der.cnv
* Sea-Bird SBE19plus  Data File:
* FileName = C:\Users\OA_2023-03\Desktop\Bathymetry\ctd_casts\S2_18_04_26001.hex
* Software version 2.3.0 SB_Terminal.dll
* Temperature SN = 8460
* Conductivity SN = 8460
* System UpLoad Time = Apr 18 2026 16:37:44
* <ApplicationData>
* <SeatermAF>
** cast at s3
# nquan = 16                                
# nvalues = 4802                        
# units = specified
# name 0 = timeS: Time, Elapsed [seconds]
# name 1 = prdM: Pressure, Strain Gauge [db]
# name 2 = tv290C: Temperature [ITS-90, deg C]
# name 3 = c0S/m: Conductivity [S/m]
# name 4 = flECO-AFL: Fluorescence, WET Labs ECO-AFL/FL [mg/m^3]
# name 5 = flECO-AFL1: Fluorescence, WET Labs ECO-AFL/FL, 2 [mg/m^3]
# name 6 = CStarAt0: Beam Attenuation, WET Labs C-Star [1/m]
# name 7 = par/sat/log: PAR/Logarithmic, Satlantic [umol photons/m^2/sec]
# name 8 = sbeox0V: Oxygen raw, SBE 43 [V]
# name 9 = sbeox0Mm/L: Oxygen, SBE 43 [umol/l]
# name 10 = sal00: Salinity, Practical [PSU]
# name 11 = sigma-é00: Density [sigma-theta, kg/m^3]
# name 12 = sbox0Mm/Kg: Oxygen, SBE 43 [umol/kg], WS = 2
# name 13 = depSM: Depth [salt water, m], lat = 5.51
# name 14 = potemp090C: Potential Temperature [ITS-90, deg C]
# name 15 = flag: flag
# span 0 =      0.000,   1200.250       
# span 1 =     -0.094,    199.110       
# span 2 =    14.0680,    29.9585       
# span 3 =  -0.626929,   5.890303       
# span 4 =   -82.6239,    29.9382       
# span 5 = -2.047e+05, 1.4700e+05       
# span 6 =     0.0148,    55.2620       
# span 7 = 1.1782e-01, 3.7805e+03       
# span 8 =     1.0321,     2.7578       
# span 9 =     63.551,    238.883       
# span 10 =     0.0000,    35.9088      
# span 11 =    -4.3009,    26.4889      
# span 12 =     62.083,    248.453      
# span 13 =     -0.093,    197.911      
# span 14 =    14.0390,    29.9581      
# span 15 = 0.0000e+00, 0.0000e+00      
# interval = seconds: 0.25
# start_time = Apr 18 2026 13:32:54 [Instrument's time stamp, header]
# bad_flag = -9.990e-29
*END*
[from data line 724]
    181.000      2.349    29.7899   5.871165     0.0294    60.0000     0.0781 7.5472e+02     2.5483    183.392    35.3929    22.0927    180.472      2.336    29.7893 -9.990e-29
    181.250      2.505    29.7898   5.871735     0.0073   140.0000     0.0785 4.1902e+02     2.5461    183.663    35.3968    22.0956    179.914      2.491    29.7892 -9.990e-29
    181.500      2.727    29.7813   5.871165     0.0220    60.0000     0.0792 4.3247e+02     2.5406    183.805    35.3991    22.1003    179.038      2.712    29.7806 -9.990e-29
    181.750      2.967    29.7708   5.868591     0.0220   170.0000     0.0771 5.2656e+02     2.5360    184.276    35.3892    22.0965    178.310      2.951    29.7701 -9.990e-29
    182.000      3.182    29.7589   5.867997     0.0220   140.0000     0.0771 6.1358e+02     2.5300    184.846    35.3939    22.1040    177.622      3.164    29.7581 -9.990e-29
    182.250      3.322    29.7495   5.866287     0.0220   120.0000     0.0770 1.0020e+03     2.5231    184.859    35.3891    22.1036    177.191      3.304    29.7487 -9.990e-29
    182.500      3.374    29.7430   5.865417    -0.0514    60.0000     0.0739 1.0239e+03     2.5162    184.816    35.3879    22.1050    176.971      3.355    29.7422 -9.990e-29
    182.750      3.323    29.7401   5.865195     0.0220   120.0000     0.0745 1.1890e+03     2.5112    184.127    35.3885    22.1064    177.008      3.305    29.7393 -9.990e-29
    183.000      3.167    29.7407   5.865346     0.0000   -20.0000     0.0739 7.8316e+02     2.5101    183.161    35.3892    22.1067    177.524      3.149    29.7399 -9.990e-29
    183.250      2.922    29.7473   5.865876     0.0441    90.0000     0.0743 8.3153e+02     2.5125    182.572    35.3880    22.1035    178.405      2.906    29.7466 -9.990e-29
    183.500      2.645    29.7586   5.867119     0.0294    30.0000     0.0722 8.2454e+02     2.5177    181.255    35.3883    22.0999    179.399      2.630    29.7579 -9.990e-29
    183.750      2.382    29.7697   5.869233     0.0147   -80.0000     0.0722 1.7373e+03     2.5226    180.281    35.3946    22.1008    180.108      2.369    29.7691 -9.990e-29
    184.000      2.211    29.7784   5.870286    -0.0147    60.0000     0.0720 1.0281e+03     2.5311    180.305    35.3954    22.0984    180.860      2.199    29.7779 -9.990e-29
    184.250      2.175    29.7851   5.871014     0.0220  -110.0000     0.0725 1.4072e+03     2.5410    181.121    35.3955    22.0962    181.455      2.163    29.7846 -9.990e-29
    184.500      2.240    29.7903   5.871276     0.0220   140.0000     0.0726 9.5624e+02     2.5464    182.363    35.3934    22.0929    181.510      2.228    29.7897 -9.990e-29
    184.750      2.371    29.7890   5.871783     0.0220    60.0000     0.0722 5.6540e+02     2.5481    183.764    35.3978    22.0966    181.222      2.358    29.7884 -9.990e-29
    185.000      2.551    29.7830   5.870983     0.0220   120.0000     0.0714 9.6832e+02     2.5475    184.544    35.3967    22.0979    180.761      2.537    29.7824 -9.990e-29
    185.250      2.709    29.7750   5.869391     0.0367    30.0000     0.0716 8.7281e+02     2.5432    184.979    35.3917    22.0968    180.072      2.694    29.7743 -9.990e-29
    185.500      2.845    29.7688   5.868251     0.0294   140.0000     0.0715 9.5418e+02     2.5410    185.402    35.3884    22.0965    179.781      2.829    29.7681 -9.990e-29
    185.750      2.934    29.7658   5.867989     0.0220    60.0000     0.0717 1.1386e+03     2.5402    185.637    35.3888    22.0978    179.855      2.918    29.7651 -9.990e-29
    186.000      2.962    29.7638   5.868100     0.0000    30.0000     0.0731 1.0005e+03     2.5402    185.951    35.3910    22.1002    180.088      2.946    29.7631 -9.990e-29
    186.250      2.947    29.7627   5.867990     0.0367    90.0000     0.0733 1.1001e+03     2.5386    185.443    35.3911    22.1006    180.160      2.931    29.7620 -9.990e-29
    186.500      2.905    29.7632   5.867990     0.0220    30.0000     0.0727 1.0070e+03     2.5392    184.544    35.3907    22.1002    180.322      2.889    29.7625 -9.990e-29
    186.750      2.834    29.7653   5.868140     0.0220    60.0000     0.0732 1.3329e+03     2.5449    183.756    35.3902    22.0991    180.832      2.818    29.7646 -9.990e-29
    187.000      2.749    29.7663   5.868782     0.0220   170.0000     0.0732 9.1853e+02     2.5472    182.879    35.3939    22.1015    180.927      2.734    29.7656 -9.990e-29
    187.250      2.660    29.7671   5.868560     0.0294   170.0000     0.0731 1.1926e+03     2.5468    181.878    35.3918    22.0996    180.765      2.645    29.7664 -9.990e-29
    187.500      2.582    29.7688   5.868591     0.0073   120.0000     0.0730 1.1362e+03     2.5469    180.818    35.3908    22.0983    180.548      2.568    29.7682 -9.990e-29
    187.750      2.516    29.7723   5.869011     0.0220    30.0000     0.0726 7.7708e+02     2.5455    179.986    35.3911    22.0973    180.218      2.502    29.7717 -9.990e-29
    188.000      2.465    29.7756   5.869415     0.0220   200.0000     0.0722 7.0913e+02     2.5420    179.691    35.3915    22.0965    179.887      2.451    29.7750 -9.990e-29
    188.250      2.429    29.7777   5.869961     0.0367   170.0000     0.0716 6.8072e+02     2.5413    180.045    35.3936    22.0974    179.903      2.416    29.7771 -9.990e-29
    188.500      2.420    29.7772   5.870072     0.0294   -50.0000     0.0718 7.0729e+02     2.5387    180.890    35.3948    22.0984    179.751      2.407    29.7766 -9.990e-29
    188.750      2.454    29.7768   5.869454     0.0073    60.0000     0.0719 8.4148e+02     2.5394    181.819    35.3908    22.0956    179.885      2.440    29.7762 -9.990e-29
    189.000      2.553    29.7774   5.869526     0.0220   -50.0000     0.0717 9.7547e+02     2.5417    183.232    35.3909    22.0954    180.042      2.539    29.7768 -9.990e-29
    189.250      2.705    29.7786   5.869779     0.0000    60.0000     0.0758 6.9305e+02     2.5428    184.844    35.3917    22.0956    179.984      2.690    29.7779 -9.990e-29
    189.500      2.871    29.7790   5.869922     0.0073   120.0000     0.0759 6.2605e+02     2.5418    185.915    35.3923    22.0960    179.758      2.855    29.7783 -9.990e-29
    189.750      3.020    29.7755   5.870104     0.0220    10.0000     0.0763 7.8367e+02     2.5397    186.392    35.3961    22.1000    179.440      3.003    29.7748 -9.990e-29
    190.000      3.109    29.7723   5.869011     0.0000   170.0000     0.0762 7.8469e+02     2.5339    186.379    35.3909    22.0973    178.880      3.092    29.7715 -9.990e-29
    190.250      3.127    29.7685   5.868758     0.0294    30.0000     0.0764 7.2135e+02     2.5300    185.723    35.3920    22.0993    178.564      3.110    29.7677 -9.990e-29
    190.500      3.067    29.7672   5.868140     0.0000    90.0000     0.0763 9.0610e+02     2.5287    185.118    35.3888    22.0974    178.601      3.050    29.7664 -9.990e-29
    190.750      2.943    29.7688   5.868441     0.0294   120.0000     0.0747 8.0934e+02     2.5287    184.594    35.3897    22.0975    178.843      2.927    29.7681 -9.990e-29
    191.000      2.782    29.7711   5.869011     0.0367   120.0000     0.0751 1.0713e+03     2.5294    184.148    35.3919    22.0984    179.246      2.767    29.7704 -9.990e-29
    191.250      2.605    29.7743   5.869423     0.0220   -50.0000     0.0749 1.2638e+03     2.5281    183.644    35.3924    22.0976    179.478      2.591    29.7737 -9.990e-29
    191.500      2.438    29.7768   5.869692     0.0367   200.0000     0.0772 1.2695e+03     2.5297    183.566    35.3925    22.0968    179.894      2.424    29.7762 -9.990e-29
    191.750      2.314    29.7786   5.869914     0.0147    90.0000     0.0767 1.8514e+03     2.5329    184.213    35.3927    22.0964    180.341      2.301    29.7780 -9.990e-29
    192.000      2.256    29.7801   5.869953     0.0147    60.0000     0.0770 7.5701e+02     2.5385    184.647    35.3919    22.0952    180.958      2.243    29.7795 -9.990e-29
    192.250      2.284    29.7836   5.870143     0.0220    30.0000     0.0766 1.0153e+03     2.5459    184.824    35.3906    22.0931    181.690      2.271    29.7830 -9.990e-29
    192.500      2.358    29.7882   5.870713     0.0000  -300.0000     0.0759 1.0634e+03     2.5499    184.936    35.3911    22.0919    181.855      2.345    29.7876 -9.990e-29
    192.750      2.485    29.7903   5.871616     0.0367   250.0000     0.0756 7.0561e+02     2.5507    184.810    35.3956    22.0946    181.603      2.471    29.7897 -9.990e-29
    193.000      2.642    29.7882   5.871355     0.0073    30.0000     0.0758 8.4002e+02     2.5538    184.381    35.3954    22.0951    181.383      2.627    29.7875 -9.990e-29
    193.250      2.787    29.7808   5.870713     0.0220   200.0000     0.0779 6.7122e+02     2.5571    184.194    35.3964    22.0984    181.130      2.772    29.7801 -9.990e-29
    193.500      2.914    29.7755   5.868932     0.0294    90.0000     0.0776 6.4726e+02     2.5525    183.753    35.3881    22.0940    180.397      2.898    29.7748 -9.990e-29
    193.750      3.007    29.7725   5.868861    -0.0147   -50.0000     0.0779 1.4628e+03     2.5497    183.639    35.3898    22.0963    180.127      2.990    29.7718 -9.990e-29
    194.000      3.052    29.7699   5.868821     0.0147   -20.0000     0.0735 1.1177e+03     2.5410    183.855    35.3914    22.0984    179.530      3.035    29.7691 -9.990e-29
    194.250      3.058    29.7692   5.868671     0.0294    90.0000     0.0738 9.3174e+02     2.5327    184.049    35.3909    22.0983    179.147      3.041    29.7684 -9.990e-29
    194.500      3.014    29.7689   5.868742     0.0073  -110.0000     0.0739 1.0228e+03     2.5332    184.044    35.3916    22.0989    179.728      2.997    29.7682 -9.990e-29
    194.750      2.918    29.7698   5.868718     0.0367    60.0000     0.0737 6.6170e+02     2.5413    183.915    35.3908    22.0980    180.959      2.902    29.7691 -9.990e-29
    195.000      2.796    29.7707   5.868979     0.0073   120.0000     0.0757 1.0857e+03     2.5483    183.332    35.3920    22.0986    182.073      2.780    29.7700 -9.990e-29
    195.250      2.662    29.7720   5.869051     0.0220   200.0000     0.0756 1.3080e+03     2.5530    182.814    35.3916    22.0978    182.761      2.647    29.7713 -9.990e-29
    195.500      2.534    29.7733   5.869193     0.0220   120.0000     0.0758 8.5487e+02     2.5580    182.548    35.3916    22.0974    183.220      2.520    29.7727 -9.990e-29
    195.750      2.436    29.7766   5.869375     0.0220    30.0000     0.0796 1.2467e+03     2.5627    182.399    35.3905    22.0954    183.472      2.422    29.7760 -9.990e-29
    196.000      2.380    29.7811   5.869993     0.0147    90.0000     0.0795 1.2145e+03     2.5680    182.401    35.3914    22.0945    183.702      2.367    29.7805 -9.990e-29
    196.250      2.367    29.7845   5.870690     0.0220   140.0000     0.0796 9.6560e+02     2.5722    182.293    35.3936    22.0951    183.793      2.354    29.7839 -9.990e-29
    196.500      2.407    29.7889   5.870903     0.0220    10.0000     0.0714 1.4890e+03     2.5775    182.579    35.3918    22.0922    183.960      2.394    29.7883 -9.990e-29
    196.750      2.500    29.7935   5.871395     0.0000   140.0000     0.0719 1.5094e+03     2.5792    183.109    35.3918    22.0906    183.763      2.486    29.7929 -9.990e-29
    197.000      2.625    29.7938   5.871965     0.0220   -20.0000     0.0721 8.4898e+02     2.5770    183.972    35.3954    22.0932    183.244      2.610    29.7932 -9.990e-29
    197.250      2.771    29.7863   5.871672     0.0220    10.0000     0.0749 8.1779e+02     2.5750    185.008    35.3989    22.0984    182.866      2.756    29.7856 -9.990e-29
    197.500      2.903    29.7804   5.869525     0.0220   140.0000     0.0745 9.8757e+02     2.5745    185.677    35.3886    22.0927    182.759      2.887    29.7797 -9.990e-29
    197.750      2.994    29.7768   5.869233     0.0441    90.0000     0.0751 1.0089e+03     2.5715    185.950    35.3892    22.0944    182.553      2.977    29.7761 -9.990e-29
    198.000      3.040    29.7734   5.869233     0.0073    60.0000     0.0751 1.1523e+03     2.5698    186.368    35.3917    22.0974    182.560      3.023    29.7726 -9.990e-29
    198.250      3.036    29.7698   5.868971     0.0073    30.0000     0.0694 1.2847e+03     2.5699    186.770    35.3925    22.0993    182.723      3.019    29.7691 -9.990e-29
    198.500      2.989    29.7681   5.868441     0.0000    90.0000     0.0694 1.0149e+03     2.5716    186.174    35.3902    22.0981    182.864      2.972    29.7674 -9.990e-29
    198.750      2.896    29.7679   5.868481     0.0220  -160.0000     0.0693 7.5130e+02     2.5721    185.602    35.3906    22.0985    182.822      2.880    29.7672 -9.990e-29
    199.000      2.767    29.7692   5.868710     0.0294    10.0000     0.0704 7.8963e+02     2.5737    184.298    35.3913    22.0985    182.757      2.752    29.7685 -9.990e-29
    199.250      2.625    29.7719   5.868971     0.0000    60.0000     0.0703 8.9654e+02     2.5748    182.951    35.3911    22.0975    182.586      2.610    29.7713 -9.990e-29
    199.500      2.502    29.7772   5.869423     0.0220   120.0000     0.0702 8.9403e+02     2.5686    182.625    35.3903    22.0951    181.770      2.488    29.7766 -9.990e-29
    199.750      2.409    29.7839   5.870405     0.0220   -80.0000     0.0722 6.9847e+02     2.5642    183.324    35.3921    22.0941    181.211      2.396    29.7833 -9.990e-29
    200.000      2.369    29.7900   5.871395     0.0294   -20.0000     0.0725 7.5848e+02     2.5596    184.111    35.3944    22.0937    180.634      2.356    29.7894 -9.990e-29
    200.250      2.380    29.7966   5.871846     0.0294    90.0000     0.0721 7.8231e+02     2.5558    184.883    35.3926    22.0902    180.143      2.367    29.7960 -9.990e-29
    200.500      2.460    29.7975   5.872717     0.0367    30.0000     0.0721 1.2432e+03     2.5528    185.864    35.3979    22.0938    179.830      2.446    29.7969 -9.990e-29
    200.750      2.583    29.7916   5.871996     0.0147    90.0000     0.0696 8.9017e+02     2.5516    186.809    35.3972    22.0954    179.826      2.569    29.7910 -9.990e-29
    201.000      2.720    29.7839   5.870103     0.0220   -50.0000     0.0702 8.8250e+02     2.5458    187.808    35.3900    22.0925    179.630      2.705    29.7832 -9.990e-29
    201.250      2.847    29.7729   5.869462     0.0147   -80.0000     0.0702 1.0142e+03     2.5378    188.494    35.3937    22.0991    179.383      2.831    29.7722 -9.990e-29
    201.500      2.932    29.7620   5.868029    -0.0073    90.0000     0.0798 1.3936e+03     2.5323    189.034    35.3919    22.1014    179.427      2.916    29.7613 -9.990e-29
    201.750      2.963    29.7555   5.866723     0.0220    90.0000     0.0796 1.4543e+03     2.5355    189.066    35.3877    22.1006    180.231      2.947    29.7548 -9.990e-29
    202.000      2.940    29.7560   5.866366     0.0367    90.0000     0.0792 7.1483e+02     2.5431    188.673    35.3850    22.0983    181.412      2.924    29.7553 -9.990e-29
    202.250      2.880    29.7603   5.867689     0.0294   200.0000     0.0756 1.1428e+03     2.5510    188.216    35.3908    22.1012    182.426      2.864    29.7596 -9.990e-29
    202.500      2.783    29.7644   5.868433     0.0147   -50.0000     0.0751 9.5687e+02     2.5568    187.857    35.3929    22.1014    182.986      2.768    29.7637 -9.990e-29
    202.750      2.683    29.7683   5.868829     0.0294   200.0000     0.0757 1.8106e+03     2.5606    187.224    35.3928    22.0999    183.077      2.668    29.7676 -9.990e-29
    203.000      2.602    29.7735   5.869122     0.0220    30.0000     0.0785 1.4386e+03     2.5645    186.730    35.3910    22.0968    183.108      2.588    29.7729 -9.990e-29
