cruises/P45_06/L2/CTD/Derived_Parameter/P45_06_CTD_01_der.cnv
* Sea-Bird SBE19plus  Data File:
* FileName = C:\Users\OA_2023-03\Desktop\Bathymetry\ctd_casts\J1_15_04_25001.hex
* Software version 2.3.0 SB_Terminal.dll
* Temperature SN = 8460
* Conductivity SN = 8460
* System UpLoad Time = Apr 15 2026 12:50:42
* <ApplicationData>
* <SeatermAF>
** FIRST MAURIE_CAST
# nquan = 16                                
# nvalues = 2883                        
# units = specified
# name 0 = timeS: Time, Elapsed [seconds]
# name 1 = prdM: Pressure, Strain Gauge [db]
# name 2 = tv290C: Temperature [ITS-90, deg C]
# name 3 = c0S/m: Conductivity [S/m]
# name 4 = flECO-AFL: Fluorescence, WET Labs ECO-AFL/FL [mg/m^3]
# name 5 = flECO-AFL1: Fluorescence, WET Labs ECO-AFL/FL, 2 [mg/m^3]
# name 6 = CStarAt0: Beam Attenuation, WET Labs C-Star [1/m]
# name 7 = par/sat/log: PAR/Logarithmic, Satlantic [umol photons/m^2/sec]
# name 8 = sbeox0V: Oxygen raw, SBE 43 [V]
# name 9 = sbeox0Mm/L: Oxygen, SBE 43 [umol/l]
# name 10 = sal00: Salinity, Practical [PSU]
# name 11 = sigma-é00: Density [sigma-theta, kg/m^3]
# name 12 = sbox0Mm/Kg: Oxygen, SBE 43 [umol/kg], WS = 2
# name 13 = depSM: Depth [salt water, m], lat = 5.51
# name 14 = potemp090C: Potential Temperature [ITS-90, deg C]
# name 15 = flag: flag
# span 0 =      0.000,    720.500       
# span 1 =     -0.056,     41.138       
# span 2 =    22.3111,    31.1502       
# span 3 =  -0.033667,   5.831016       
# span 4 =   -87.4128,    29.9382       
# span 5 = -3.101e+05, 3.0876e+05       
# span 6 =     0.1279,    14.8299       
# span 7 = 1.1776e-01, 1.1830e-01       
# span 8 =     0.9902,     2.5253       
# span 9 =     50.237,    194.461       
# span 10 =     0.0000,    35.7314      
# span 11 =    -4.6408,    24.6852      
# span 12 =     50.480,    191.529      
# span 13 =     -0.056,     40.906      
# span 14 =    22.3029,    31.1502      
# span 15 = 0.0000e+00, 0.0000e+00      
# interval = seconds: 0.25
# start_time = Apr 15 2026 11:42:49 [Instrument's time stamp, header]
# bad_flag = -9.990e-29
*END*
[from data line 2351]
    587.750     35.467    22.9348   5.184022     0.8887  1200.0000     0.2247 1.1802e-01     2.1451    160.614    35.6958    24.4823    168.268     35.267    22.9276 0.0000e+00
    588.000     35.384    22.9557   5.186813     0.9034  1140.0000     0.2245 1.1782e-01     2.1549    160.758    35.7004    24.4798    169.823     35.185    22.9485 0.0000e+00
    588.250     35.293    22.9705   5.186707     0.8594  1060.0000     0.2245 1.1805e-01     2.1674    160.860    35.6876    24.4658    171.663     35.094    22.9633 0.0000e+00
    588.500     35.186    22.9893   5.187848     0.9034  1060.0000     0.2263 1.1802e-01     2.1816    161.082    35.6811    24.4555    173.458     34.988    22.9821 0.0000e+00
    588.750     35.060    23.0104   5.190371     0.9034  1170.0000     0.2258 1.1792e-01     2.1973    161.309    35.6835    24.4512    175.091     34.863    23.0032 0.0000e+00
    589.000     34.911    23.0338   5.192556     0.9695  1170.0000     0.2263 1.1797e-01     2.2151    161.268    35.6815    24.4428    176.646     34.715    23.0267 0.0000e+00
    589.250     34.744    23.0658   5.195485     0.8887  1250.0000     0.2311 1.1789e-01     2.2310    161.241    35.6782    24.4311    177.687     34.549    23.0587 0.0000e+00
    589.500     34.569    23.1138   5.200301     0.9034  1030.0000     0.2309 1.1802e-01     2.2432    161.040    35.6764    24.4158    178.042     34.375    23.1067 0.0000e+00
    589.750     34.411    23.1700   5.208096     0.9255  1110.0000     0.2312 1.1799e-01     2.2532    160.873    35.6910    24.4106    178.012     34.217    23.1629 0.0000e+00
    590.000     34.271    23.2387   5.213669     0.9475  1170.0000     0.2312 1.1807e-01     2.2609    160.627    35.6783    24.3810    177.685     34.078    23.2316 0.0000e+00
    590.250     34.151    23.3220   5.222948     0.9402  1170.0000     0.2466 1.1792e-01     2.2680    160.472    35.6823    24.3597    177.307     33.959    23.3149 0.0000e+00
    590.500     34.049    23.3958   5.233364     0.9916  1310.0000     0.2468 1.1797e-01     2.2722    160.382    35.7026    24.3536    176.765     33.858    23.3888 0.0000e+00
    590.750     33.953    23.4516   5.237063     0.9622  1250.0000     0.2466 1.1794e-01     2.2767    160.585    35.6859    24.3246    176.418     33.762    23.4446 0.0000e+00
    591.000     33.869    23.5124   5.240258     0.9475  1030.0000     0.2469 1.1799e-01     2.2788    161.222    35.6614    24.2881    175.877     33.679    23.5054 0.0000e+00
    591.250     33.765    23.5854   5.248335     0.9108  1220.0000     0.2473 1.1784e-01     2.2792    162.202    35.6643    24.2690    175.184     33.575    23.5784 0.0000e+00
    591.500     33.653    23.6635   5.257173     0.9402  1200.0000     0.2471 1.1807e-01     2.2789    163.063    35.6690    24.2495    174.594     33.464    23.6565 0.0000e+00
    591.750     33.511    23.7667   5.265283     0.9548  1140.0000     0.2355 1.1802e-01     2.2776    164.100    35.6479    24.2031    174.015     33.323    23.7597 0.0000e+00
    592.000     33.349    23.8722   5.280992     0.8741  1170.0000     0.2352 1.1805e-01     2.2753    164.976    35.6828    24.1984    173.467     33.162    23.8652 0.0000e+00
    592.250     33.176    23.9795   5.290897     0.7639  1090.0000     0.2353 1.1794e-01     2.2740    165.774    35.6720    24.1584    173.290     32.989    23.9725 0.0000e+00
    592.500     32.985    24.0766   5.301871     0.7933  1030.0000     0.2355 1.1799e-01     2.2747    166.491    35.6775    24.1337    173.523     32.800    24.0696 0.0000e+00
    592.750     32.774    24.1601   5.308987     0.7272  1090.0000     0.2184 1.1792e-01     2.2764    167.441    35.6646    24.0990    174.071     32.590    24.1532 0.0000e+00
    593.000     32.558    24.2423   5.315189     0.6537  1060.0000     0.2186 1.1797e-01     2.2786    168.344    35.6459    24.0603    174.749     32.375    24.2354 0.0000e+00
    593.250     32.347    24.3479   5.323056     0.7198   750.0000     0.2182 1.1797e-01     2.2843    169.598    35.6211    24.0099    175.774     32.165    24.3410 0.0000e+00
    593.500     32.154    24.4527   5.337691     0.7272   950.0000     0.2305 1.1797e-01     2.2922    171.106    35.6479    23.9988    176.950     31.973    24.4458 0.0000e+00
    593.750     31.971    24.5437   5.343375     0.7272  1090.0000     0.2315 1.1807e-01     2.3014    172.837    35.6184    23.9490    178.349     31.791    24.5368 0.0000e+00
    594.000     31.800    24.6263   5.351558     0.6831   970.0000     0.2306 1.1792e-01     2.3114    174.886    35.6142    23.9210    179.671     31.621    24.6195 0.0000e+00
    594.250     31.663    24.7123   5.358710     0.7125   890.0000     0.2396 1.1807e-01     2.3255    176.766    35.5997    23.8840    181.212     31.485    24.7055 0.0000e+00
    594.500     31.558    24.7931   5.366735     0.6684   890.0000     0.2395 1.1797e-01     2.3398    178.098    35.5958    23.8565    182.543     31.381    24.7863 0.0000e+00
    594.750     31.485    24.8596   5.373233     0.6978   730.0000     0.2392 1.1792e-01     2.3553    178.938    35.5917    23.8333    183.825     31.308    24.8528 0.0000e+00
    595.000     31.438    24.9205   5.377165     0.7125   640.0000     0.2521 1.1807e-01     2.3681    179.311    35.5730    23.8006    184.694     31.261    24.9137 0.0000e+00
    595.250     31.407    24.9755   5.382860     0.7125  1000.0000     0.2518 1.1797e-01     2.3820    179.400    35.5720    23.7832    185.591     31.231    24.9687 0.0000e+00
    595.500     31.385    25.0117   5.386490     0.6831   810.0000     0.2518 1.1802e-01     2.3924    178.991    35.5705    23.7710    186.181     31.209    25.0049 0.0000e+00
    595.750     31.360    25.0380   5.386581     0.6390   970.0000     0.2514 1.1799e-01     2.4018    178.549    35.5505    23.7478    186.759     31.184    25.0312 0.0000e+00
    596.000     31.312    25.0682   5.388717     0.6831  1000.0000     0.2466 1.1784e-01     2.4109    177.842    35.5426    23.7327    187.391     31.136    25.0614 0.0000e+00
    596.250     31.238    25.1000   5.392441     0.5803  1060.0000     0.2464 1.1805e-01     2.4229    177.054    35.5453    23.7250    188.342     31.063    25.0932 0.0000e+00
    596.500     31.131    25.1333   5.395738     0.5949   920.0000     0.2466 1.1792e-01     2.4319    176.285    35.5436    23.7135    189.026     30.956    25.1265 0.0000e+00
    596.750     30.974    25.1661   5.399335     0.5729   890.0000     0.2170 1.1799e-01     2.4417    175.468    35.5446    23.7042    189.755     30.800    25.1593 0.0000e+00
    597.000     30.778    25.1996   5.402871     0.5509   810.0000     0.2175 1.1792e-01     2.4519    174.586    35.5445    23.6939    190.412     30.605    25.1929 0.0000e+00
    597.250     30.550    25.2332   5.406889     0.3746   780.0000     0.2175 1.1792e-01     2.4622    173.883    35.5480    23.6862    190.955     30.378    25.2265 0.0000e+00
    597.500     30.300    25.2667   5.411215     0.3673   420.0000     0.1920 1.1802e-01     2.4693    173.549    35.5538    23.6803    191.192     30.130    25.2601 0.0000e+00
    597.750     30.047    25.3037   5.415588     0.3526   480.0000     0.1920 1.1792e-01     2.4770    173.467    35.5572    23.6715    191.459     29.878    25.2971 0.0000e+00
    598.000     29.810    25.3484   5.420413     0.2865   450.0000     0.1917 1.1805e-01     2.4824    173.612    35.5579    23.6583    191.499     29.643    25.3419 0.0000e+00
    598.250     29.596    25.3879   5.426458     0.3526   390.0000     0.1840 1.1807e-01     2.4867    174.290    35.5717    23.6565    191.432     29.430    25.3814 0.0000e+00
    598.500     29.409    25.4228   5.429075     0.3085   280.0000     0.1839 1.1797e-01     2.4909    175.392    35.5637    23.6398    191.458     29.244    25.4163 0.0000e+00
    598.750     29.265    25.4700   5.432259     0.2938   310.0000     0.1840 1.1794e-01     2.4959    176.769    35.5503    23.6151    191.529     29.101    25.4636 0.0000e+00
    599.000     29.156    25.5293   5.439796     0.2865   310.0000     0.1843 1.1792e-01     2.5003    178.288    35.5595    23.6037    191.525     28.992    25.5229 0.0000e+00
    599.250     29.081    25.6011   5.447253     0.2865   420.0000     0.1838 1.1794e-01     2.5020    180.234    35.5583    23.5806    191.207     28.918    25.5947 0.0000e+00
    599.500     29.030    25.6602   5.455795     0.2571   420.0000     0.1840 1.1797e-01     2.5039    182.160    35.5749    23.5749    190.882     28.867    25.6538 0.0000e+00
    599.750     28.978    25.6867   5.458641     0.2203   280.0000     0.1845 1.1792e-01     2.5055    184.215    35.5752    23.5669    190.673     28.815    25.6803 0.0000e+00
    600.000     28.912    25.7044   5.456008     0.2424   310.0000     0.1846 1.1792e-01     2.5068    185.921    35.5420    23.5364    190.604     28.750    25.6980 0.0000e+00
    600.250     28.821    25.7565   5.458018     0.2424   370.0000     0.1851 1.1789e-01     2.5065    187.630    35.5162    23.5007    190.356     28.659    25.7501 0.0000e+00
    600.500     28.701    25.8445   5.470393     0.2203   420.0000     0.1849 1.1805e-01     2.5052    188.704    35.5384    23.4901    189.890     28.540    25.8381 0.0000e+00
    600.750     28.543    25.9505   5.484109     0.2203   310.0000     0.1904 1.1805e-01     2.5051    189.369    35.5564    23.4706    189.570     28.383    25.9441 0.0000e+00
    601.000     28.361    26.0697   5.494831     0.2203   250.0000     0.1905 1.1805e-01     2.5062    189.747    35.5421    23.4226    189.476     28.202    26.0634 0.0000e+00
    601.250     28.169    26.1938   5.508411     0.2203   280.0000     0.1906 1.1802e-01     2.5071    190.263    35.5448    23.3858    189.413     28.011    26.1875 0.0000e+00
    601.500     27.959    26.2938   5.519508     0.2130   340.0000     0.1881 1.1792e-01     2.5088    190.448    35.5481    23.3568    189.477     27.802    26.2875 0.0000e+00
    601.750     27.763    26.3689   5.525837     0.2130   170.0000     0.1820 1.1787e-01     2.5115    190.751    35.5361    23.3241    189.615     27.607    26.3626 0.0000e+00
    602.000     27.585    26.4225   5.529300     0.2130   370.0000     0.1823 1.1797e-01     2.5160    191.286    35.5199    23.2949    189.892     27.430    26.4163 0.0000e+00
    602.250     27.434    26.4646   5.531559     0.2203   280.0000     0.1815 1.1802e-01     2.5206    191.976    35.5038    23.2695    190.136     27.280    26.4584 0.0000e+00
    602.500     27.301    26.5025   5.534654     0.2424   250.0000     0.1830 1.1797e-01     2.5234    192.425    35.4970    23.2524    190.099     27.148    26.4963 0.0000e+00
    602.750     27.198    26.5413   5.538011     0.2277   280.0000     0.1829 1.1799e-01     2.5244    192.933    35.4914    23.2359    189.818     27.045    26.5351 0.0000e+00
    603.000     27.116    26.5770   5.541810     0.2130   230.0000     0.1829 1.1810e-01     2.5250    193.119    35.4914    23.2246    189.429     26.964    26.5708 0.0000e+00
    603.250     27.067    26.6058   5.544351     0.1983   250.0000     0.1835 1.1797e-01     2.5253    193.106    35.4877    23.2126    189.067     26.915    26.5997 0.0000e+00
    603.500     27.032    26.6316   5.546042     0.1983   250.0000     0.1830 1.1805e-01     2.5243    193.100    35.4800    23.1987    188.660     26.880    26.6255 0.0000e+00
    603.750     27.021    26.6546   5.548538     0.1763   280.0000     0.1830 1.1805e-01     2.5236    193.164    35.4804    23.1916    188.385     26.869    26.6485 -9.990e-29
    604.000     27.021    26.6703   5.550508     0.1983   280.0000     0.1810 1.1797e-01     2.5208    193.206    35.4825    23.1883    188.014     26.869    26.6642 -9.990e-29
    604.250     27.016    26.6761   5.550863     0.2203   310.0000     0.1814 1.1807e-01     2.5186    192.996    35.4806    23.1850    187.798     26.865    26.6700 0.0000e+00
    604.500     26.988    26.6762   5.549943     0.2130   280.0000     0.1811 1.1797e-01     2.5160    192.896    35.4739    23.1799    187.636     26.837    26.6701 0.0000e+00
    604.750     26.921    26.6815   5.549348     0.1910   120.0000     0.1814 1.1810e-01     2.5156    192.792    35.4656    23.1720    187.696     26.770    26.6754 0.0000e+00
    605.000     26.805    26.6945   5.551180     0.1983   250.0000     0.1829 1.1805e-01     2.5157    192.699    35.4688    23.1703    187.757     26.655    26.6884 0.0000e+00
    605.250     26.639    26.7139   5.553251     0.2130   280.0000     0.1830 1.1797e-01     2.5153    192.409    35.4689    23.1642    187.680     26.490    26.7078 0.0000e+00
    605.500     26.438    26.7324   5.555934     0.2130   230.0000     0.1829 1.1784e-01     2.5153    191.951    35.4741    23.1622    187.603     26.290    26.7264 0.0000e+00
    605.750     26.207    26.7505   5.557202     0.1542   250.0000     0.1829 1.1797e-01     2.5153    191.619    35.4694    23.1529    187.505     26.060    26.7445 0.0000e+00
    606.000     25.987    26.7859   5.558756     0.1983   250.0000     0.1831 1.1812e-01     2.5137    191.490    35.4535    23.1296    187.227     25.841    26.7800 0.0000e+00
    606.250     25.790    26.8551   5.565362     0.2057   370.0000     0.1833 1.1792e-01     2.5117    191.405    35.4481    23.1035    186.751     25.645    26.8492 0.0000e+00
    606.500     25.627    26.9380   5.576176     0.1836   250.0000     0.1785 1.1794e-01     2.5108    191.369    35.4623    23.0877    186.236     25.483    26.9321 0.0000e+00
    606.750     25.507    27.0010   5.582729     0.1983   230.0000     0.1785 1.1807e-01     2.5107    191.458    35.4611    23.0667    185.732     25.364    26.9951 0.0000e+00
    607.000     25.430    27.0662   5.586307     0.1983   250.0000     0.1783 1.1784e-01     2.5104    191.824    35.4370    23.0276    185.277     25.288    27.0604 0.0000e+00
    607.250     25.379    27.1483   5.592881     0.1983   230.0000     0.1783 1.1802e-01     2.5073    192.319    35.4214    22.9896    184.494     25.237    27.1425 0.0000e+00
    607.500     25.359    27.2420   5.601692     0.1910   250.0000     0.1760 1.1787e-01     2.5025    192.590    35.4130    22.9531    183.565     25.217    27.2361 0.0000e+00
    607.750     25.354    27.3264   5.611868     0.1763   250.0000     0.1763 1.1802e-01     2.4930    192.503    35.4213    22.9322    182.328     25.212    27.3205 -9.990e-29
    608.000     25.352    27.3911   5.616939     0.2424   230.0000     0.1763 1.1789e-01     2.4893    192.302    35.4083    22.9015    181.834     25.210    27.3852 -9.990e-29
    608.250     25.336    27.4443   5.620084     0.1763   280.0000     0.1752 1.1792e-01     2.4845    192.023    35.3903    22.8708    181.414     25.194    27.4384 0.0000e+00
    608.500     25.287    27.4793   5.623409     0.1396   230.0000     0.1753 1.1787e-01     2.4820    191.552    35.3874    22.8573    181.337     25.145    27.4734 0.0000e+00
    608.750     25.201    27.5083   5.623339     0.1910   230.0000     0.1750 1.1794e-01     2.4807    191.106    35.3650    22.8311    181.364     25.060    27.5024 0.0000e+00
    609.000     25.076    27.5462   5.626914     0.1763   200.0000     0.1764 1.1805e-01     2.4782    190.401    35.3617    22.8163    181.083     24.936    27.5404 0.0000e+00
    609.250     24.899    27.5909   5.632077     0.1616   230.0000     0.1763 1.1787e-01     2.4763    189.784    35.3645    22.8040    180.789     24.760    27.5851 0.0000e+00
    609.500     24.696    27.6486   5.636417     0.1836   230.0000     0.1764 1.1797e-01     2.4756    189.175    35.3517    22.7756    180.501     24.558    27.6428 0.0000e+00
    609.750     24.477    27.7097   5.644542     0.1469   280.0000     0.1699 1.1810e-01     2.4717    188.833    35.3631    22.7643    179.855     24.340    27.7040 0.0000e+00
