cruises/P45_06/L2/CTD/Derived_Parameter/P45_06_CTD_11_der.cnv
* Sea-Bird SBE19plus  Data File:
* FileName = C:\Users\OA_2023-03\Desktop\Bathymetry\ctd_casts\S2_18_04_26001.hex
* Software version 2.3.0 SB_Terminal.dll
* Temperature SN = 8460
* Conductivity SN = 8460
* System UpLoad Time = Apr 18 2026 16:37:44
* <ApplicationData>
* <SeatermAF>
** cast at s3
# nquan = 16                                
# nvalues = 4802                        
# units = specified
# name 0 = timeS: Time, Elapsed [seconds]
# name 1 = prdM: Pressure, Strain Gauge [db]
# name 2 = tv290C: Temperature [ITS-90, deg C]
# name 3 = c0S/m: Conductivity [S/m]
# name 4 = flECO-AFL: Fluorescence, WET Labs ECO-AFL/FL [mg/m^3]
# name 5 = flECO-AFL1: Fluorescence, WET Labs ECO-AFL/FL, 2 [mg/m^3]
# name 6 = CStarAt0: Beam Attenuation, WET Labs C-Star [1/m]
# name 7 = par/sat/log: PAR/Logarithmic, Satlantic [umol photons/m^2/sec]
# name 8 = sbeox0V: Oxygen raw, SBE 43 [V]
# name 9 = sbeox0Mm/L: Oxygen, SBE 43 [umol/l]
# name 10 = sal00: Salinity, Practical [PSU]
# name 11 = sigma-é00: Density [sigma-theta, kg/m^3]
# name 12 = sbox0Mm/Kg: Oxygen, SBE 43 [umol/kg], WS = 2
# name 13 = depSM: Depth [salt water, m], lat = 5.51
# name 14 = potemp090C: Potential Temperature [ITS-90, deg C]
# name 15 = flag: flag
# span 0 =      0.000,   1200.250       
# span 1 =     -0.094,    199.110       
# span 2 =    14.0680,    29.9585       
# span 3 =  -0.626929,   5.890303       
# span 4 =   -82.6239,    29.9382       
# span 5 = -2.047e+05, 1.4700e+05       
# span 6 =     0.0148,    55.2620       
# span 7 = 1.1782e-01, 3.7805e+03       
# span 8 =     1.0321,     2.7578       
# span 9 =     63.551,    238.883       
# span 10 =     0.0000,    35.9088      
# span 11 =    -4.3009,    26.4889      
# span 12 =     62.083,    248.453      
# span 13 =     -0.093,    197.911      
# span 14 =    14.0390,    29.9581      
# span 15 = 0.0000e+00, 0.0000e+00      
# interval = seconds: 0.25
# start_time = Apr 18 2026 13:32:54 [Instrument's time stamp, header]
# bad_flag = -9.990e-29
*END*
[from data line 3345]
    836.250    111.872    16.9196   4.571510     0.0367   170.0000     0.0186 5.3252e-01     1.3898    102.652    35.7421    26.1076     98.005    111.222    16.9011 -9.990e-29
    836.500    111.854    16.9210   4.571481     0.0588    30.0000     0.0186 5.4901e-01     1.3887    102.723    35.7406    26.1062     97.756    111.204    16.9025 -9.990e-29
    836.750    111.779    16.9229   4.571389     0.0367   200.0000     0.0185 6.0502e-01     1.3879    102.428    35.7381    26.1038     97.620    111.129    16.9045 0.0000e+00
    837.000    111.672    16.9251   4.571787     0.0367   230.0000     0.0188 6.4391e-01     1.3860    102.301    35.7397    26.1045     97.390    111.023    16.9067 0.0000e+00
    837.250    111.512    16.9276   4.572086     0.0588   140.0000     0.0179 6.3163e-01     1.3847    102.033    35.7402    26.1042     97.288    110.864    16.9092 0.0000e+00
    837.500    111.337    16.9313   4.572413     0.0441   280.0000     0.0184 5.9851e-01     1.3832    101.924    35.7398    26.1031     97.059    110.690    16.9129 0.0000e+00
    837.750    111.166    16.9360   4.572976     0.0661   250.0000     0.0180 5.8684e-01     1.3822    101.695    35.7406    26.1026     96.956    110.520    16.9176 0.0000e+00
    838.000    110.992    16.9422   4.573694     0.0514   200.0000     0.0181 6.1080e-01     1.3810    101.468    35.7415    26.1017     96.930    110.347    16.9239 0.0000e+00
    838.250    110.819    16.9475   4.574598     0.0294   230.0000     0.0191 6.5515e-01     1.3806    101.492    35.7448    26.1030     96.952    110.175    16.9292 0.0000e+00
    838.500    110.661    16.9538   4.574911     0.0441   120.0000     0.0193 6.4335e-01     1.3777    101.460    35.7420    26.0993     96.783    110.018    16.9355 0.0000e+00
    838.750    110.515    16.9612   4.575815     0.0441   200.0000     0.0195 6.1146e-01     1.3776    101.533    35.7434    26.0986     96.876    109.873    16.9429 0.0000e+00
    839.000    110.375    16.9696   4.576726     0.0441   230.0000     0.0177 6.2578e-01     1.3780    101.519    35.7439    26.0971     97.028    109.734    16.9513 0.0000e+00
    839.250    110.251    16.9788   4.577979     0.0441   250.0000     0.0183 6.1945e-01     1.3770    101.553    35.7468    26.0971     96.856    109.611    16.9606 0.0000e+00
    839.500    110.150    16.9907   4.579097     0.0367   170.0000     0.0188 6.6789e-01     1.3783    101.413    35.7460    26.0936     97.086    109.510    16.9725 0.0000e+00
    839.750    110.062    17.0007   4.581070     0.0441    60.0000     0.0181 6.6789e-01     1.3775    101.446    35.7544    26.0977     97.052    109.423    16.9825 0.0000e+00
    840.000    109.986    17.0141   4.581347     0.0367   280.0000     0.0187 6.2754e-01     1.3774    101.432    35.7450    26.0872     97.056    109.347    16.9959 0.0000e+00
    840.250    109.913    17.0282   4.583819     0.0441   120.0000     0.0188 6.4670e-01     1.3742    101.146    35.7541    26.0909     96.722    109.275    17.0100 0.0000e+00
    840.500    109.837    17.0389   4.584966     0.0588   200.0000     0.0191 6.8013e-01     1.3761    101.143    35.7547    26.0888     97.020    109.199    17.0207 0.0000e+00
    840.750    109.746    17.0492   4.585742     0.0441   230.0000     0.0189 6.7515e-01     1.3781    101.041    35.7523    26.0845     97.403    109.109    17.0310 0.0000e+00
    841.000    109.653    17.0609   4.586982     0.0514   250.0000     0.0187 6.9742e-01     1.3773    100.888    35.7528    26.0821     97.262    109.016    17.0427 0.0000e+00
    841.250    109.542    17.0707   4.588386     0.0514   250.0000     0.0190 6.3809e-01     1.3773    100.604    35.7564    26.0825     97.336    108.906    17.0525 0.0000e+00
    841.500    109.420    17.0788   4.589048     0.0441   230.0000     0.0199 7.1344e-01     1.3793    100.390    35.7551    26.0795     97.402    108.785    17.0606 0.0000e+00
    841.750    109.293    17.0869   4.589768     0.0514   230.0000     0.0201 6.8294e-01     1.3798    100.179    35.7542    26.0769     97.415    108.659    17.0687 0.0000e+00
    842.000    109.169    17.0955   4.590837     0.0661   120.0000     0.0199 6.9111e-01     1.3768     99.837    35.7560    26.0762     97.128    108.535    17.0774 0.0000e+00
    842.250    109.037    17.1044   4.591842     0.0514   170.0000     0.0204 7.1499e-01     1.3794     99.595    35.7569    26.0748     97.354    108.404    17.0863 0.0000e+00
    842.500    108.922    17.1128   4.592805     0.0441   250.0000     0.0207 6.9066e-01     1.3787     99.271    35.7579    26.0735     97.190    108.290    17.0947 0.0000e+00
    842.750    108.817    17.1212   4.593753     0.0735   250.0000     0.0207 7.0760e-01     1.3800     99.104    35.7588    26.0722     97.228    108.185    17.1031 0.0000e+00
    843.000    108.711    17.1289   4.594487     0.0881   280.0000     0.0206 7.1561e-01     1.3806     98.939    35.7584    26.0700     97.235    108.080    17.1108 0.0000e+00
    843.250    108.591    17.1363   4.595450     0.0661   230.0000     0.0212 7.1113e-01     1.3796     98.919    35.7603    26.0697     96.797    107.961    17.1182 0.0000e+00
    843.500    108.447    17.1465   4.596106     0.0367   230.0000     0.0215 7.2857e-01     1.3798     98.527    35.7570    26.0647     96.685    107.818    17.1284 0.0000e+00
    843.750    108.275    17.1598   4.597825     0.0661    60.0000     0.0213 7.6906e-01     1.3774     98.512    35.7603    26.0640     96.278    107.647    17.1418 0.0000e+00
    844.000    108.073    17.1730   4.599544     0.0441   170.0000     0.0212 7.4499e-01     1.3773     98.667    35.7637    26.0634     96.242    107.446    17.1550 0.0000e+00
    844.250    107.855    17.1852   4.601049     0.0588   120.0000     0.0207 7.4887e-01     1.3747     98.594    35.7661    26.0623     96.005    107.229    17.1672 0.0000e+00
    844.500    107.635    17.1953   4.602190     0.0881   230.0000     0.0211 7.7810e-01     1.3751     98.889    35.7671    26.0607     96.102    107.011    17.1773 0.0000e+00
    844.750    107.420    17.2016   4.602946     0.0661   280.0000     0.0209 7.6707e-01     1.3751     98.897    35.7682    26.0600     96.243    106.797    17.1837 0.0000e+00
    845.000    107.203    17.2060   4.603125     0.0441   230.0000     0.0207 7.5963e-01     1.3750     99.000    35.7660    26.0572     96.293    106.581    17.1881 0.0000e+00
    845.250    106.983    17.2098   4.603367     0.0588    30.0000     0.0211 7.6624e-01     1.3747     98.579    35.7648    26.0554     96.345    106.363    17.1919 0.0000e+00
    845.500    106.754    17.2140   4.603731     0.0881    90.0000     0.0213 7.5325e-01     1.3743     98.895    35.7643    26.0540     96.290    106.135    17.1962 0.0000e+00
    845.750    106.514    17.2223   4.604273     0.0735   230.0000     0.0205 7.6227e-01     1.3745     99.199    35.7618    26.0501     96.315    105.896    17.2045 0.0000e+00
    846.000    106.276    17.2345   4.605993     0.0661   200.0000     0.0205 8.1532e-01     1.3743     99.116    35.7661    26.0504     96.455    105.660    17.2167 0.0000e+00
    846.250    106.058    17.2481   4.607742     0.1249   230.0000     0.0203 8.1180e-01     1.3742     99.155    35.7693    26.0496     96.518    105.443    17.2304 0.0000e+00
    846.500    105.874    17.2601   4.609491     0.0588   230.0000     0.0208 8.1127e-01     1.3746     99.458    35.7740    26.0503     96.723    105.260    17.2424 0.0000e+00
    846.750    105.741    17.2728   4.610398     0.0441   250.0000     0.0213 8.1744e-01     1.3745     99.670    35.7707    26.0447     96.912    105.128    17.2551 0.0000e+00
    847.000    105.667    17.2931   4.611819     0.0441   120.0000     0.0209 8.1903e-01     1.3781     99.262    35.7651    26.0355     97.548    105.054    17.2754 0.0000e+00
    847.250    105.634    17.3127   4.615655     0.0441   200.0000     0.0207 7.7759e-01     1.3771     99.632    35.7811    26.0431     97.626    105.022    17.2950 0.0000e+00
    847.500    105.634    17.3256   4.617170     0.0588   250.0000     0.0204 7.3953e-01     1.3798     99.373    35.7829    26.0413     98.101    105.022    17.3079 -9.990e-29
    847.750    105.647    17.3294   4.617655     0.0514   230.0000     0.0207 7.6326e-01     1.3824     99.470    35.7837    26.0411     98.482    105.035    17.3117 -9.990e-29
    848.000    105.660    17.3279   4.616533     0.0294   200.0000     0.0209 7.7591e-01     1.3851     99.591    35.7753    26.0349     98.757    105.048    17.3102 -9.990e-29
    848.250    105.652    17.3285   4.615897     0.0441   200.0000     0.0209 8.1673e-01     1.3874     99.423    35.7692    26.0302     99.100    105.040    17.3108 -9.990e-29
    848.500    105.629    17.3323   4.616683     0.0514   250.0000     0.0208 8.2561e-01     1.3899     99.379    35.7727    26.0319     99.273    105.017    17.3146 0.0000e+00
    848.750    105.585    17.3364   4.617419     0.0661   230.0000     0.0205 8.3785e-01     1.3911     98.997    35.7755    26.0330     99.277    104.973    17.3187 0.0000e+00
    849.000    105.516    17.3386   4.617712     0.0661   200.0000     0.0203 7.9994e-01     1.3924     98.935    35.7761    26.0330     99.339    104.904    17.3209 0.0000e+00
    849.250    105.427    17.3402   4.617684     0.0514   200.0000     0.0198 8.5747e-01     1.3950     98.314    35.7745    26.0314     99.545    104.816    17.3225 0.0000e+00
    849.500    105.300    17.3412   4.617805     0.0441   250.0000     0.0202 8.4257e-01     1.3965     98.235    35.7747    26.0313     99.628    104.690    17.3235 0.0000e+00
    849.750    105.136    17.3421   4.617898     0.0881   200.0000     0.0208 8.6623e-01     1.3975     98.124    35.7748    26.0311     99.706    104.527    17.3245 0.0000e+00
    850.000    104.941    17.3427   4.617898     0.0441   170.0000     0.0213 8.4843e-01     1.3996     98.119    35.7743    26.0306     99.865    104.333    17.3251 0.0000e+00
    850.250    104.718    17.3439   4.617926     0.0735   170.0000     0.0214 8.4330e-01     1.4004     98.164    35.7736    26.0297     99.839    104.111    17.3263 0.0000e+00
    850.500    104.477    17.3497   4.618112     0.0881   230.0000     0.0224 8.5802e-01     1.4014     98.191    35.7702    26.0257     99.885    103.872    17.3322 0.0000e+00
    850.750    104.210    17.3598   4.619591     0.0808   230.0000     0.0223 8.7018e-01     1.4029     98.367    35.7742    26.0263     99.959    103.606    17.3423 0.0000e+00
    851.000    103.943    17.3708   4.621164     0.0588   250.0000     0.0224 8.4312e-01     1.4037     98.391    35.7782    26.0268     99.890    103.341    17.3533 0.0000e+00
    851.250    103.672    17.3920   4.622221     0.0588   170.0000     0.0219 8.7414e-01     1.4044     98.444    35.7688    26.0144     99.841    103.072    17.3746 0.0000e+00
    851.500    103.421    17.4210   4.626905     0.0661   250.0000     0.0222 8.6811e-01     1.4054     98.456    35.7839    26.0189     99.774    102.822    17.4036 0.0000e+00
    851.750    103.203    17.4497   4.630295     0.0881   170.0000     0.0219 9.1993e-01     1.4058     98.405    35.7880    26.0151     99.642    102.605    17.4323 0.0000e+00
    852.000    103.030    17.4720   4.633729     0.0881   200.0000     0.0221 9.1042e-01     1.4055     98.948    35.7981    26.0174     99.471    102.433    17.4546 0.0000e+00
    852.250    102.924    17.4926   4.634581     0.0661    60.0000     0.0216 9.1754e-01     1.4058     98.904    35.7874    26.0042     99.412    102.328    17.4752 0.0000e+00
    852.500    102.884    17.5166   4.636828     0.0735   230.0000     0.0222 8.6119e-01     1.4059     99.357    35.7856    25.9970     99.353    102.288    17.4992 0.0000e+00
    852.750    102.895    17.5355   4.639928     0.1102    90.0000     0.0217 8.4349e-01     1.4059     99.838    35.7958    26.0002     99.348    102.299    17.5181 -9.990e-29
    853.000    102.939    17.5493   4.641181     0.0735   230.0000     0.0226 7.9014e-01     1.4058    100.375    35.7944    25.9958     99.373    102.343    17.5319 -9.990e-29
    853.250    102.963    17.5551   4.641939     0.1102   170.0000     0.0220 8.4403e-01     1.4061    100.860    35.7959    25.9955     99.408    102.367    17.5377 -9.990e-29
    853.500    102.945    17.5554   4.641402     0.0588   280.0000     0.0230 9.0551e-01     1.4066    101.320    35.7910    25.9916     99.500    102.349    17.5380 -9.990e-29
    853.750    102.843    17.5588   4.640965     0.0661   200.0000     0.0258 9.7210e-01     1.4073    101.551    35.7842    25.9856     99.628    102.248    17.5414 0.0000e+00
    854.000    102.659    17.5622   4.642003     0.0441   230.0000     0.0257 9.9207e-01     1.4078    101.653    35.7903    25.9894     99.692    102.065    17.5448 0.0000e+00
    854.250    102.372    17.5635   4.642182     0.1028   280.0000     0.0253 9.8629e-01     1.4076    102.021    35.7908    25.9895     99.687    101.779    17.5462 0.0000e+00
    854.500    102.006    17.5630   4.642032     0.0955   250.0000     0.0256 9.7991e-01     1.4082    102.078    35.7901    25.9891     99.764    101.416    17.5457 0.0000e+00
    854.750    101.608    17.5623   4.641666     0.1102   200.0000     0.0218 1.0039e+00     1.4091    102.076    35.7877    25.9874     99.822    101.020    17.5451 0.0000e+00
    855.000    101.210    17.5631   4.641637     0.0881   280.0000     0.0222 9.8800e-01     1.4092    102.228    35.7869    25.9866     99.831    100.624    17.5460 0.0000e+00
    855.250    100.866    17.5647   4.641967     0.0808   170.0000     0.0222 1.0319e+00     1.4102    102.235    35.7884    25.9874     99.899    100.282    17.5476 0.0000e+00
    855.500    100.618    17.5652   4.642339     0.0735   250.0000     0.0224 1.0625e+00     1.4107    102.263    35.7913    25.9894     99.927    100.036    17.5482 0.0000e+00
    855.750    100.486    17.5651   4.642088     0.1102   230.0000     0.0222 1.0794e+00     1.4100    102.393    35.7893    25.9879     99.815     99.905    17.5481 0.0000e+00
    856.000    100.471    17.5646   4.642031     0.0881   280.0000     0.0221 1.0081e+00     1.4110    102.416    35.7892    25.9880     99.933     99.890    17.5476 0.0000e+00
    856.250    100.571    17.5635   4.641909     0.0808   250.0000     0.0222 8.4403e-01     1.4104    102.385    35.7891    25.9882     99.846     99.989    17.5465 -9.990e-29
    856.500    100.706    17.5620   4.641723     0.0661   230.0000     0.0226 7.0014e-01     1.4116    102.447    35.7888    25.9883     99.989    100.123    17.5449 -9.990e-29
    856.750    100.800    17.5600   4.641422     0.0588   200.0000     0.0223 7.7123e-01     1.4116    102.422    35.7879    25.9881    100.002    100.217    17.5429 -9.990e-29
    857.000    100.853    17.5588   4.641236     0.0441   230.0000     0.0219 1.0000e+00     1.4122    102.270    35.7873    25.9879    100.041    100.270    17.5417 -9.990e-29
    857.250    100.828    17.5598   4.641179     0.0808    30.0000     0.0215 1.0292e+00     1.4122    102.207    35.7860    25.9867    100.052    100.245    17.5427 -9.990e-29
    857.500    100.686    17.5679   4.641695     0.0661   170.0000     0.0217 1.0536e+00     1.4123    102.113    35.7833    25.9827    100.043    100.104    17.5508 -9.990e-29
    857.750    100.440    17.5835   4.644166     0.0808   230.0000     0.0218 1.0843e+00     1.4123    101.981    35.7910    25.9848    100.014     99.859    17.5665 0.0000e+00
    858.000    100.113    17.6025   4.646644     0.0808   230.0000     0.0231 1.0803e+00     1.4127    101.856    35.7958    25.9838    100.044     99.534    17.5855 0.0000e+00
    858.250     99.733    17.6192   4.649073     0.0881   250.0000     0.0230 1.0595e+00     1.4131    101.780    35.8022    25.9846    100.081     99.156    17.6023 0.0000e+00
    858.500     99.316    17.6341   4.650169     0.0588   120.0000     0.0230 1.0959e+00     1.4140    101.778    35.7987    25.9782    100.208     98.742    17.6172 0.0000e+00
