cruises/P45_06/L2/CTD/Derived_Parameter/P45_06_CTD_11_der.cnv
* Sea-Bird SBE19plus  Data File:
* FileName = C:\Users\OA_2023-03\Desktop\Bathymetry\ctd_casts\S2_18_04_26001.hex
* Software version 2.3.0 SB_Terminal.dll
* Temperature SN = 8460
* Conductivity SN = 8460
* System UpLoad Time = Apr 18 2026 16:37:44
* <ApplicationData>
* <SeatermAF>
** cast at s3
# nquan = 16                                
# nvalues = 4802                        
# units = specified
# name 0 = timeS: Time, Elapsed [seconds]
# name 1 = prdM: Pressure, Strain Gauge [db]
# name 2 = tv290C: Temperature [ITS-90, deg C]
# name 3 = c0S/m: Conductivity [S/m]
# name 4 = flECO-AFL: Fluorescence, WET Labs ECO-AFL/FL [mg/m^3]
# name 5 = flECO-AFL1: Fluorescence, WET Labs ECO-AFL/FL, 2 [mg/m^3]
# name 6 = CStarAt0: Beam Attenuation, WET Labs C-Star [1/m]
# name 7 = par/sat/log: PAR/Logarithmic, Satlantic [umol photons/m^2/sec]
# name 8 = sbeox0V: Oxygen raw, SBE 43 [V]
# name 9 = sbeox0Mm/L: Oxygen, SBE 43 [umol/l]
# name 10 = sal00: Salinity, Practical [PSU]
# name 11 = sigma-é00: Density [sigma-theta, kg/m^3]
# name 12 = sbox0Mm/Kg: Oxygen, SBE 43 [umol/kg], WS = 2
# name 13 = depSM: Depth [salt water, m], lat = 5.51
# name 14 = potemp090C: Potential Temperature [ITS-90, deg C]
# name 15 = flag: flag
# span 0 =      0.000,   1200.250       
# span 1 =     -0.094,    199.110       
# span 2 =    14.0680,    29.9585       
# span 3 =  -0.626929,   5.890303       
# span 4 =   -82.6239,    29.9382       
# span 5 = -2.047e+05, 1.4700e+05       
# span 6 =     0.0148,    55.2620       
# span 7 = 1.1782e-01, 3.7805e+03       
# span 8 =     1.0321,     2.7578       
# span 9 =     63.551,    238.883       
# span 10 =     0.0000,    35.9088      
# span 11 =    -4.3009,    26.4889      
# span 12 =     62.083,    248.453      
# span 13 =     -0.093,    197.911      
# span 14 =    14.0390,    29.9581      
# span 15 = 0.0000e+00, 0.0000e+00      
# interval = seconds: 0.25
# start_time = Apr 18 2026 13:32:54 [Instrument's time stamp, header]
# bad_flag = -9.990e-29
*END*
[from data line 272]
     68.000     11.115    29.4979   5.837215     0.0220    10.0000     0.0759 2.4717e+02     2.0720    148.032    35.3735    22.1779    140.421     11.053    29.4952 -9.990e-29
     68.250     11.226    29.5040   5.838069     0.0294   -50.0000     0.0770 2.6391e+02     2.0823    149.017    35.3748    22.1768    142.410     11.163    29.5012 -9.990e-29
     68.500     11.344    29.5110   5.837934     0.0441   -20.0000     0.0772 2.3512e+02     2.0925    152.463    35.3687    22.1699    144.163     11.281    29.5082 -9.990e-29
     68.750     11.453    29.5202   5.837484     0.0367   120.0000     0.0771 2.4214e+02     2.1076    156.743    35.3588    22.1594    146.247     11.389    29.5174 -9.990e-29
     69.000     11.541    29.5316   5.834442     0.0294    90.0000     0.0771 2.4461e+02     2.1192    161.038    35.3296    22.1336    147.918     11.477    29.5288 -9.990e-29
     69.250     11.608    29.5415   5.832712     0.0294    60.0000     0.0742 2.5743e+02     2.1306    164.408    35.3105    22.1159    149.250     11.543    29.5387 -9.990e-29
     69.500     11.641    29.5497   5.829640     0.0220   140.0000     0.0744 2.6494e+02     2.1490    165.623    35.2835    22.0929    150.730     11.576    29.5468 -9.990e-29
     69.750     11.648    29.5543   5.827911     0.0367    60.0000     0.0743 2.3103e+02     2.1741    164.595    35.2683    22.0800    152.276     11.583    29.5514 -9.990e-29
     70.000     11.632    29.5552   5.831701     0.0147   200.0000     0.0753 2.1892e+02     2.1968    161.632    35.2935    22.0986    153.381     11.567    29.5523 -9.990e-29
     70.250     11.595    29.5492   5.835603     0.0441   120.0000     0.0750 2.1577e+02     2.2068    157.607    35.3246    22.1239    153.490     11.530    29.5464 -9.990e-29
     70.500     11.552    29.5369   5.835863     0.0147   120.0000     0.0755 2.1826e+02     2.2033    153.210    35.3354    22.1362    152.546     11.488    29.5341 -9.990e-29
     70.750     11.497    29.5280   5.835524     0.0220   200.0000     0.0801 2.2536e+02     2.1943    149.389    35.3396    22.1424    151.108     11.433    29.5252 -9.990e-29
     71.000     11.422    29.5237   5.835042     0.0441    30.0000     0.0798 2.5438e+02     2.1911    146.283    35.3395    22.1437    150.359     11.358    29.5209 -9.990e-29
     71.250     11.341    29.5191   5.834710     0.0220   200.0000     0.0794 2.1859e+02     2.2039    143.450    35.3407    22.1461    151.293     11.278    29.5163 -9.990e-29
     71.500     11.261    29.5131   5.835824     0.0294  -110.0000     0.0727 2.2308e+02     2.2168    141.251    35.3527    22.1572    152.339     11.198    29.5103 -9.990e-29
     71.750     11.190    29.5022   5.835524     0.0147   120.0000     0.0720 2.3732e+02     2.2155    139.456    35.3587    22.1654    152.142     11.128    29.4995 -9.990e-29
     72.000     11.146    29.4868   5.835003     0.0294   -50.0000     0.0719 2.8009e+02     2.2096    137.926    35.3665    22.1764    151.835     11.084    29.4841 -9.990e-29
     72.250     11.152    29.4717   5.834379     0.0294   170.0000     0.0729 3.2273e+02     2.2025    136.654    35.3733    22.1867    151.741     11.090    29.4690 -9.990e-29
     72.500     11.204    29.4598   5.833763     0.0220   -80.0000     0.0729 3.6460e+02     2.1968    136.102    35.3779    22.1941    152.075     11.142    29.4571 -9.990e-29
     72.750     11.328    29.4512   5.833503     0.0294    90.0000     0.0725 3.4556e+02     2.1993    136.581    35.3824    22.2004    153.313     11.265    29.4484 -9.990e-29
     73.000     11.470    29.4444   5.833724     0.0367   140.0000     0.0732 2.5798e+02     2.2240    138.013    35.3889    22.2076    156.407     11.406    29.4416 -9.990e-29
     73.250     11.632    29.4475   5.832943     0.0294    30.0000     0.0753 3.1981e+02     2.2512    140.258    35.3812    22.2008    159.402     11.567    29.4447 -9.990e-29
     73.500     11.782    29.4821   5.828663     0.0220   120.0000     0.0753 3.5796e+02     2.2654    142.651    35.3264    22.1480    160.633     11.716    29.4792 -9.990e-29
     73.750     11.902    29.5142   5.826492     0.0441   140.0000     0.0751 3.1781e+02     2.2733    145.586    35.2880    22.1083    160.584     11.836    29.5113 -9.990e-29
     74.000     11.971    29.5339   5.824541     0.0367  -190.0000     0.0720 2.7606e+02     2.2826    147.975    35.2602    22.0808    160.087     11.904    29.5310 -9.990e-29
     74.250     11.981    29.5483   5.822544     0.0073   140.0000     0.0721 2.8976e+02     2.2915    150.074    35.2360    22.0578    159.593     11.914    29.5454 -9.990e-29
     74.500     11.933    29.5579   5.822599     0.0220   140.0000     0.0724 3.2751e+02     2.2935    152.584    35.2293    22.0495    159.219     11.867    29.5550 -9.990e-29
     74.750     11.830    29.5636   5.823909     0.0367   170.0000     0.0721 3.6115e+02     2.2885    155.603    35.2341    22.0512    159.197     11.764    29.5607 -9.990e-29
     75.000     11.686    29.5607   5.825140     0.0294   170.0000     0.0754 3.9354e+02     2.2786    158.303    35.2447    22.0601    159.514     11.621    29.5578 -9.990e-29
     75.250     11.526    29.5403   5.824989     0.0367    90.0000     0.0753 3.5465e+02     2.2688    159.519    35.2587    22.0774    160.184     11.462    29.5375 -9.990e-29
     75.500     11.372    29.5134   5.827200     0.0441    10.0000     0.0753 3.5796e+02     2.2829    159.020    35.2935    22.1127    162.800     11.309    29.5106 -9.990e-29
     75.750     11.237    29.4907   5.828850     0.0441   120.0000     0.0723 3.2978e+02     2.3218    157.509    35.3215    22.1414    167.199     11.174    29.4879 -9.990e-29
     76.000     11.137    29.4749   5.829972     0.0294    10.0000     0.0723 3.1486e+02     2.3639    156.345    35.3408    22.1612    171.376     11.075    29.4722 -9.990e-29
     76.250     11.075    29.4638   5.830691     0.0220   250.0000     0.0721 3.8788e+02     2.3896    156.773    35.3540    22.1748    173.326     11.013    29.4611 -9.990e-29
     76.500     11.059    29.4556   5.831291     0.0220    60.0000     0.0736 3.9235e+02     2.3954    157.316    35.3641    22.1852    172.423     10.997    29.4529 -9.990e-29
     76.750     11.101    29.4478   5.831347     0.0294   170.0000     0.0735 3.8620e+02     2.3971    156.546    35.3702    22.1924    170.667     11.039    29.4451 -9.990e-29
     77.000     11.215    29.4425   5.831402     0.0441   120.0000     0.0741 5.4346e+02     2.4045    155.541    35.3745    22.1974    169.757     11.153    29.4398 -9.990e-29
     77.250     11.395    29.4366   5.831474     0.0294   200.0000     0.0743 5.7366e+02     2.4088    154.682    35.3792    22.2030    169.191     11.332    29.4338 -9.990e-29
     77.500     11.628    29.4318   5.831553     0.0220    60.0000     0.0733 4.1362e+02     2.4011    154.053    35.3833    22.2076    167.946     11.563    29.4290 -9.990e-29
     77.750     11.871    29.4301   5.831964     0.0294   120.0000     0.0733 3.9851e+02     2.3925    154.195    35.3873    22.2112    166.556     11.805    29.4272 -9.990e-29
     78.000     12.080    29.4459   5.831624     0.0367   120.0000     0.0733 4.2184e+02     2.3880    156.675    35.3732    22.1954    165.369     12.013    29.4429 -9.990e-29
     78.250     12.231    29.4738   5.828513     0.0367    90.0000     0.0721 4.0731e+02     2.3826    159.715    35.3314    22.1546    164.387     12.163    29.4708 -9.990e-29
     78.500     12.286    29.4952   5.826831     0.0294   230.0000     0.0722 3.8370e+02     2.3749    161.831    35.3041    22.1269    163.923     12.218    29.4922 -9.990e-29
     78.750     12.224    29.5088   5.825031     0.0441   -50.0000     0.0724 3.6076e+02     2.3612    163.521    35.2819    22.1056    163.392     12.156    29.5058 -9.990e-29
     79.000     12.050    29.5180   5.823199     0.0220    60.0000     0.0766 4.4625e+02     2.3439    165.212    35.2626    22.0880    162.841     11.983    29.5150 -9.990e-29
     79.250     11.773    29.5194   5.824541     0.0367   230.0000     0.0767 4.4741e+02     2.3356    166.540    35.2709    22.0937    163.278     11.707    29.5165 -9.990e-29
     79.500     11.453    29.4994   5.826293     0.0367   170.0000     0.0767 4.3406e+02     2.3488    166.690    35.2976    22.1205    165.596     11.389    29.4966 -9.990e-29
     79.750     11.141    29.4720   5.828329     0.0367  -130.0000     0.0743 4.3585e+02     2.3661    165.485    35.3317    22.1554    168.170     11.079    29.4693 -9.990e-29
     80.000     10.886    29.4521   5.830161     0.0294   120.0000     0.0741 4.2075e+02     2.3828    163.282    35.3590    22.1825    170.251     10.825    29.4494 -9.990e-29
     80.250     10.737    29.4395   5.830912     0.0220   120.0000     0.0743 3.8089e+02     2.3954    161.126    35.3735    22.1976    171.178     10.677    29.4369 -9.990e-29
     80.500     10.704    29.4314   5.831212     0.0367   -50.0000     0.0745 3.7925e+02     2.3996    161.914    35.3815    22.2064    170.571     10.644    29.4288 -9.990e-29
     80.750     10.784    29.4269   5.831473     0.0147   -20.0000     0.0746 4.6366e+02     2.4071    165.972    35.3866    22.2117    170.100     10.724    29.4243 -9.990e-29
     81.000     10.961    29.4249   5.831703     0.0147   -50.0000     0.0743 6.2483e+02     2.4111    171.095    35.3896    22.2146    169.365     10.900    29.4222 -9.990e-29
     81.250     11.188    29.4227   5.831742     0.0220    90.0000     0.0745 4.6830e+02     2.4067    175.020    35.3914    22.2168    167.870     11.126    29.4200 -9.990e-29
     81.500     11.479    29.4206   5.831592     0.0367   170.0000     0.0729 3.2455e+02     2.3945    176.910    35.3918    22.2178    165.649     11.415    29.4178 -9.990e-29
     81.750     11.735    29.4220   5.832153     0.0367   120.0000     0.0723 3.5411e+02     2.3851    177.976    35.3946    22.2194    163.510     11.670    29.4191 -9.990e-29
     82.000     11.939    29.4308   5.832604     0.0000    10.0000     0.0725 4.7217e+02     2.3752    179.046    35.3911    22.2139    161.454     11.872    29.4279 -9.990e-29
     82.250     12.080    29.4435   5.831238     0.0441  -110.0000     0.0736 4.8291e+02     2.3562    179.062    35.3723    22.1955    159.299     12.013    29.4405 -9.990e-29
     82.500     12.095    29.4518   5.830313     0.0220    90.0000     0.0737 5.4006e+02     2.3324    176.864    35.3599    22.1834    157.642     12.028    29.4488 -9.990e-29
     82.750     12.004    29.4563   5.830203     0.0294   140.0000     0.0736 4.4317e+02     2.3037    174.068    35.3559    22.1788    156.372     11.937    29.4534 -9.990e-29
     83.000     11.808    29.4593   5.830123     0.0147    10.0000     0.0737 4.0855e+02     2.2773    172.008    35.3532    22.1758    155.780     11.742    29.4564 -9.990e-29
     83.250     11.544    29.4604   5.830589     0.0147    90.0000     0.1427 4.3078e+02     2.2750    170.502    35.3556    22.1772    157.307     11.480    29.4576 -9.990e-29
     83.500     11.260    29.4525   5.830992    -0.0220   140.0000     0.1429 4.7043e+02     2.2922    169.209    35.3643    22.1864    160.095     11.197    29.4497 -9.990e-29
     83.750     11.000    29.4419   5.831141     0.0367   170.0000     0.1431 4.9060e+02     2.3197    167.303    35.3732    22.1966    163.028     10.939    29.4392 -9.990e-29
     84.000     10.797    29.4341   5.831323     0.0367   170.0000     0.0723 4.8031e+02     2.3360    164.953    35.3802    22.2045    163.924     10.737    29.4315 -9.990e-29
     84.250     10.700    29.4285   5.831363     0.0367    90.0000     0.0730 4.4847e+02     2.3341    163.731    35.3847    22.2097    162.329     10.640    29.4259 -9.990e-29
     84.500     10.715    29.4248   5.831592     0.0367   120.0000     0.0729 4.6086e+02     2.3225    165.219    35.3889    22.2142    159.787     10.655    29.4222 -9.990e-29
     84.750     10.839    29.4231   5.831742     0.0220   120.0000     0.0741 3.9328e+02     2.3049    167.554    35.3912    22.2165    157.252     10.779    29.4204 -9.990e-29
     85.000     11.075    29.4213   5.831640     0.0220   120.0000     0.0742 3.8271e+02     2.2832    170.137    35.3918    22.2175    155.190     11.013    29.4186 -9.990e-29
     85.250     11.362    29.4192   5.831624     0.0441    10.0000     0.0736 3.5866e+02     2.2689    172.534    35.3931    22.2193    154.261     11.299    29.4164 -9.990e-29
     85.500     11.637    29.4178   5.831474     0.0220   -80.0000     0.0750 3.2666e+02     2.2660    174.079    35.3930    22.2197    154.366     11.572    29.4150 -9.990e-29
     85.750     11.873    29.4203   5.832154     0.0000    10.0000     0.0752 3.6547e+02     2.2693    175.781    35.3958    22.2209    155.033     11.807    29.4174 -9.990e-29
     86.000     12.071    29.4277   5.832106     0.0294    60.0000     0.0746 3.9705e+02     2.2705    176.724    35.3899    22.2141    155.717     12.004    29.4247 -9.990e-29
     86.250     12.155    29.4360   5.831475     0.0220  -130.0000     0.0747 4.2855e+02     2.2609    176.088    35.3795    22.2034    155.405     12.087    29.4330 -9.990e-29
     86.500     12.118    29.4403   5.831664     0.0661    90.0000     0.0727 4.3490e+02     2.2450    173.924    35.3776    22.2006    154.290     12.050    29.4373 -9.990e-29
     86.750     11.964    29.4431   5.831964     0.0220   230.0000     0.0729 5.1529e+02     2.2382    171.866    35.3776    22.1996    153.773     11.897    29.4402 -9.990e-29
     87.000     11.740    29.4446   5.831924     0.0147    10.0000     0.0734 3.8562e+02     2.2495    169.809    35.3763    22.1981    154.770     11.675    29.4417 -9.990e-29
     87.250     11.480    29.4447   5.832224     0.0588   120.0000     0.0723 4.4288e+02     2.2615    166.919    35.3784    22.1996    155.765     11.416    29.4419 -9.990e-29
     87.500     11.242    29.4404   5.832003     0.0441   200.0000     0.0723 4.4030e+02     2.2622    163.575    35.3801    22.2023    155.440     11.179    29.4376 -9.990e-29
     87.750     11.048    29.4342   5.831663     0.2203   -80.0000     0.0729 4.3181e+02     2.2534    159.623    35.3824    22.2061    153.936     10.986    29.4315 -9.990e-29
     88.000     10.935    29.4290   5.831568     0.0220   230.0000     0.0721 5.0700e+02     2.2405    156.034    35.3856    22.2103    151.825     10.874    29.4263 -9.990e-29
     88.250     10.911    29.4258   5.831592     0.0661    60.0000     0.0716 4.9873e+02     2.2286    155.378    35.3882    22.2133    150.034     10.850    29.4231 -9.990e-29
     88.500     10.975    29.4239   5.831813     0.0147    10.0000     0.0719 4.8031e+02     2.2144    157.467    35.3910    22.2161    148.634     10.914    29.4212 -9.990e-29
     88.750     11.122    29.4225   5.832224     0.0367   -50.0000     0.0717 4.2597e+02     2.2063    161.338    35.3949    22.2194    148.262     11.060    29.4198 -9.990e-29
     89.000     11.320    29.4220   5.832643     0.0367   120.0000     0.0727 4.0058e+02     2.1935    164.670    35.3980    22.2220    147.673     11.257    29.4192 -9.990e-29
     89.250     11.515    29.4250   5.832904     0.0514    60.0000     0.0725 3.7492e+02     2.1797    166.286    35.3975    22.2207    147.130     11.451    29.4222 -9.990e-29
     89.500     11.698    29.4328   5.832375     0.0294   170.0000     0.0724 4.2587e+02     2.1768    166.495    35.3881    22.2110    147.806     11.633    29.4299 -9.990e-29
     89.750     11.844    29.4428   5.831364     0.0294   120.0000     0.0727 3.6985e+02     2.1785    165.340    35.3738    22.1968    148.886     11.778    29.4399 -9.990e-29
     90.000     11.931    29.4530   5.829413     0.0441    10.0000     0.0730 3.5419e+02     2.1787    162.757    35.3529    22.1777    149.741     11.865    29.4501 -9.990e-29
