cruises/P45_06/L2/CTD/Derived_Parameter/P45_06_CTD_10_der.cnv
* Sea-Bird SBE19plus  Data File:
* FileName = C:\Users\OA_2023-03\Desktop\Bathymetry\ctd_casts\S2_18_04_26002.hex
* Software version 2.3.0 SB_Terminal.dll
* Temperature SN = 8460
* Conductivity SN = 8460
* System UpLoad Time = Apr 18 2026 16:40:21
* <ApplicationData>
* <SeatermAF>
** cast for s2
# nquan = 16                                
# nvalues = 2580                        
# units = specified
# name 0 = timeS: Time, Elapsed [seconds]
# name 1 = prdM: Pressure, Strain Gauge [db]
# name 2 = tv290C: Temperature [ITS-90, deg C]
# name 3 = c0S/m: Conductivity [S/m]
# name 4 = flECO-AFL: Fluorescence, WET Labs ECO-AFL/FL [mg/m^3]
# name 5 = flECO-AFL1: Fluorescence, WET Labs ECO-AFL/FL, 2 [mg/m^3]
# name 6 = CStarAt0: Beam Attenuation, WET Labs C-Star [1/m]
# name 7 = par/sat/log: PAR/Logarithmic, Satlantic [umol photons/m^2/sec]
# name 8 = sbeox0V: Oxygen raw, SBE 43 [V]
# name 9 = sbeox0Mm/L: Oxygen, SBE 43 [umol/l]
# name 10 = sal00: Salinity, Practical [PSU]
# name 11 = sigma-é00: Density [sigma-theta, kg/m^3]
# name 12 = sbox0Mm/Kg: Oxygen, SBE 43 [umol/kg], WS = 2
# name 13 = depSM: Depth [salt water, m], lat = 5.51
# name 14 = potemp090C: Potential Temperature [ITS-90, deg C]
# name 15 = flag: flag
# span 0 =      0.000,    644.750       
# span 1 =     -0.126,     72.020       
# span 2 =    19.4874,    29.7711       
# span 3 =  -0.256820,   5.857944       
# span 4 =   -27.7935,    29.9382       
# span 5 = -1.448e+05, 40750.0000       
# span 6 =    -0.0853,    27.5054       
# span 7 = 2.2999e-01, 1.5045e+03       
# span 8 =     1.6095,     2.6886       
# span 9 =    119.708,    237.279       
# span 10 =     0.0000,    35.8950      
# span 11 =    -4.1440,    25.5180      
# span 12 =    116.835,    238.303      
# span 13 =     -0.125,     71.608      
# span 14 =    19.4743,    29.7708      
# span 15 = 0.0000e+00, 0.0000e+00      
# interval = seconds: 0.25
# start_time = Apr 18 2026 15:53:20 [Instrument's time stamp, header]
# bad_flag = -9.990e-29
*END*
[from data line 1718]
    429.500     54.942    20.1141   4.903837     0.7933   810.0000     0.1123 4.1195e+00     1.7467    129.976    35.8028    25.3467    129.789     54.630    20.1039 -9.990e-29
    429.750     55.053    20.0966   4.903185     0.7565   780.0000     0.1123 3.7944e+00     1.7463    130.008    35.8123    25.3586    129.834     54.741    20.0864 -9.990e-29
    430.000     55.277    20.0777   4.898950     0.7198   840.0000     0.1125 3.2296e+00     1.7460    130.579    35.7936    25.3493    129.837     54.963    20.0674 -9.990e-29
    430.250     55.557    20.0647   4.897419     0.7272   950.0000     0.1181 2.6058e+00     1.7461    131.531    35.7919    25.3516    129.812     55.242    20.0544 -9.990e-29
    430.500     55.848    20.0568   4.897090     0.6757  1030.0000     0.1187 1.9166e+00     1.7455    132.415    35.7959    25.3567    129.692     55.531    20.0464 0.0000e+00
    430.750     56.124    20.0521   4.896929     0.7565   810.0000     0.1179 1.2809e+00     1.7447    133.253    35.7984    25.3599    129.466     55.805    20.0417 0.0000e+00
    431.000     56.372    20.0497   4.896958     0.7125   640.0000     0.1153 7.5881e-01     1.7428    133.908    35.8006    25.3622    129.136     56.052    20.0392 0.0000e+00
    431.250     56.593    20.0490   4.896951     0.6831   840.0000     0.1153 4.5808e-01     1.7417    134.315    35.8011    25.3628    128.860     56.272    20.0385 0.0000e+00
    431.500     56.794    20.0502   4.897318     0.6537  1000.0000     0.1155 3.6225e-01     1.7402    134.482    35.8030    25.3639    128.655     56.471    20.0397 0.0000e+00
    431.750     57.023    20.0517   4.898036     0.6170   750.0000     0.1155 6.2497e-01     1.7375    134.297    35.8075    25.3670    128.312     56.699    20.0411 0.0000e+00
    432.000     57.332    20.0526   4.897970     0.5949   730.0000     0.1187 1.4443e+00     1.7362    134.065    35.8061    25.3657    128.229     57.006    20.0420 0.0000e+00
    432.250     57.579    20.0544   4.898036     0.7051   780.0000     0.1187 2.9325e+00     1.7333    133.797    35.8050    25.3644    127.926     57.252    20.0437 0.0000e+00
    432.500     57.648    20.0561   4.898417     0.6611   750.0000     0.1188 3.4768e+00     1.7332    133.172    35.8067    25.3652    127.942     57.321    20.0454 -9.990e-29
    432.750     57.561    20.0553   4.897970     0.6611   610.0000     0.1156 3.1721e+00     1.7305    132.742    35.8037    25.3632    127.739     57.234    20.0446 -9.990e-29
    433.000     57.423    20.0594   4.897318     0.7712   860.0000     0.1153 2.9934e+00     1.7305    132.586    35.7949    25.3554    127.770     57.097    20.0487 -9.990e-29
    433.250     57.330    20.0712   4.898666     0.7565   730.0000     0.1153 2.9243e+00     1.7281    132.471    35.7960    25.3530    127.563     57.004    20.0606 -9.990e-29
    433.500     57.321    20.0789   4.901326     0.7272  1000.0000     0.1170 2.9844e+00     1.7265    132.335    35.8113    25.3627    127.340     56.995    20.0682 -9.990e-29
    433.750     57.405    20.0816   4.900483     0.7051   810.0000     0.1171 2.9376e+00     1.7259    132.343    35.8020    25.3549    127.324     57.079    20.0709 -9.990e-29
    434.000     57.583    20.0760   4.900702     0.6831   700.0000     0.1170 2.6994e+00     1.7245    132.360    35.8085    25.3613    127.167     57.256    20.0653 0.0000e+00
    434.250     57.825    20.0623   4.898395     0.6757   700.0000     0.1183 2.3534e+00     1.7240    132.580    35.8012    25.3594    127.168     57.496    20.0516 0.0000e+00
    434.500     58.090    20.0436   4.895985     0.6757   860.0000     0.1183 1.9539e+00     1.7219    132.738    35.7972    25.3613    126.963     57.760    20.0328 0.0000e+00
    434.750     58.352    20.0297   4.893612     0.6831   560.0000     0.1181 1.6786e+00     1.7210    132.889    35.7894    25.3591    126.842     58.020    20.0189 0.0000e+00
    435.000     58.601    20.0214   4.893224     0.6831  1030.0000     0.1177 1.4851e+00     1.7196    133.005    35.7932    25.3642    126.666     58.268    20.0105 0.0000e+00
    435.250     58.843    20.0168   4.893093     0.7051   750.0000     0.1224 1.5854e+00     1.7177    133.180    35.7960    25.3675    126.473     58.509    20.0059 0.0000e+00
    435.500     59.090    20.0136   4.893056     0.6611   750.0000     0.1231 1.8639e+00     1.7163    133.259    35.7983    25.3701    126.326     58.754    20.0026 0.0000e+00
    435.750     59.329    20.0106   4.892983     0.6243   810.0000     0.1225 2.2523e+00     1.7144    133.234    35.8002    25.3724    126.158     58.992    19.9996 0.0000e+00
    436.000     59.523    20.0062   4.892603     0.6170   670.0000     0.1201 2.5183e+00     1.7127    133.007    35.8007    25.3740    126.015     59.185    19.9952 0.0000e+00
    436.250     59.681    20.0008   4.891922     0.6390   590.0000     0.1205 2.5980e+00     1.7123    132.830    35.7997    25.3746    126.008     59.342    19.9897 0.0000e+00
    436.500     59.803    19.9957   4.891204     0.6464   640.0000     0.1199 2.5446e+00     1.7098    132.598    35.7981    25.3747    125.769     59.463    19.9846 0.0000e+00
    436.750     59.923    19.9903   4.890751     0.6831   610.0000     0.1206 2.4767e+00     1.7097    132.163    35.7989    25.3768    125.782     59.582    19.9792 0.0000e+00
    437.000     60.047    19.9846   4.890099     0.5949   950.0000     0.1203 2.4137e+00     1.7078    131.897    35.7983    25.3779    125.627     59.706    19.9735 0.0000e+00
    437.250     60.178    19.9784   4.889389     0.6317   610.0000     0.1204 2.3600e+00     1.7061    131.429    35.7977    25.3791    125.479     59.836    19.9673 0.0000e+00
    437.500     60.327    19.9713   4.888606     0.5803   780.0000     0.1204 2.2901e+00     1.7049    131.392    35.7973    25.3806    125.426     59.984    19.9601 0.0000e+00
    437.750     60.485    19.9644   4.887860     0.6390   640.0000     0.1221 2.2170e+00     1.7034    131.057    35.7970    25.3822    125.328     60.141    19.9532 0.0000e+00
    438.000     60.660    19.9580   4.887179     0.6464   640.0000     0.1216 2.1098e+00     1.7031    131.127    35.7968    25.3838    125.421     60.315    19.9468 0.0000e+00
    438.250     60.845    19.9513   4.886557     0.6096   920.0000     0.1214 2.0257e+00     1.7020    130.882    35.7973    25.3859    125.431     60.499    19.9400 0.0000e+00
    438.500     61.049    19.9437   4.885811     0.5729   700.0000     0.1205 1.8911e+00     1.7009    130.767    35.7976    25.3881    125.383     60.702    19.9324 0.0000e+00
    438.750     61.253    19.9349   4.884772     0.7198   610.0000     0.1205 1.8546e+00     1.7008    130.805    35.7964    25.3896    125.451     60.904    19.9236 0.0000e+00
    439.000     61.456    19.9264   4.883865     0.6390   750.0000     0.1205 1.8426e+00     1.7004    130.705    35.7961    25.3917    125.431     61.106    19.9150 0.0000e+00
    439.250     61.647    19.9190   4.883090     0.5803   560.0000     0.1207 1.8275e+00     1.7005    130.759    35.7960    25.3935    125.426     61.296    19.9076 0.0000e+00
    439.500     61.813    19.9125   4.882373     0.6537   480.0000     0.1207 1.8772e+00     1.6992    130.525    35.7956    25.3949    125.294     61.461    19.9011 0.0000e+00
    439.750     61.967    19.9072   4.881854     0.5803   840.0000     0.1213 1.8744e+00     1.6991    130.503    35.7958    25.3965    125.256     61.614    19.8958 0.0000e+00
    440.000     62.109    19.9025   4.881400     0.5509   890.0000     0.1211 1.8566e+00     1.6981    130.341    35.7960    25.3979    125.196     61.755    19.8910 0.0000e+00
    440.250     62.260    19.8985   4.880947     0.5949   610.0000     0.1205 1.8259e+00     1.6962    130.159    35.7956    25.3986    125.049     61.906    19.8870 0.0000e+00
    440.500     62.418    19.8948   4.880428     0.5876   590.0000     0.1203 1.7765e+00     1.6965    129.987    35.7944    25.3987    125.143     62.063    19.8833 0.0000e+00
    440.750     62.582    19.8926   4.880208     0.5729   560.0000     0.1201 1.7223e+00     1.6957    129.720    35.7944    25.3993    125.055     62.226    19.8810 0.0000e+00
    441.000     62.742    19.8909   4.880106     0.5435   890.0000     0.1277 1.6950e+00     1.6965    129.500    35.7950    25.4002    125.203     62.385    19.8793 0.0000e+00
    441.250     62.889    19.8898   4.880011     0.5729   610.0000     0.1278 1.7179e+00     1.6962    129.450    35.7951    25.4006    125.185     62.531    19.8782 0.0000e+00
    441.500     63.024    19.8889   4.880011     0.5876   730.0000     0.1274 1.7160e+00     1.6952    129.183    35.7958    25.4014    125.008     62.665    19.8773 0.0000e+00
    441.750     63.135    19.8884   4.879784     0.5656   670.0000     0.1185 1.7205e+00     1.6939    129.205    35.7943    25.4004    124.797     62.776    19.8767 0.0000e+00
    442.000     63.217    19.8881   4.879850     0.6170   610.0000     0.1180 1.7627e+00     1.6945    129.028    35.7951    25.4010    124.772     62.857    19.8764 0.0000e+00
    442.250     63.267    19.8886   4.879880     0.6757   500.0000     0.1183 1.7819e+00     1.6933    128.856    35.7949    25.4008    124.617     62.907    19.8769 0.0000e+00
    442.500     63.293    19.8885   4.879975     0.6023   610.0000     0.1183 1.8418e+00     1.6923    128.744    35.7957    25.4014    124.526     62.933    19.8768 0.0000e+00
    442.750     63.309    19.8871   4.879719     0.6170   670.0000     0.1193 1.8426e+00     1.6909    128.589    35.7948    25.4011    124.427     62.948    19.8754 0.0000e+00
    443.000     63.337    19.8857   4.879331     0.6831   810.0000     0.1202 1.8817e+00     1.6901    128.589    35.7928    25.3999    124.387     62.976    19.8740 0.0000e+00
    443.250     63.378    19.8848   4.879243     0.6904   670.0000     0.1200 1.8185e+00     1.6894    128.483    35.7928    25.4002    124.426     63.017    19.8731 0.0000e+00
    443.500     63.449    19.8841   4.879148     0.5949   530.0000     0.1125 1.7608e+00     1.6891    128.426    35.7926    25.4002    124.461     63.088    19.8724 0.0000e+00
    443.750     63.577    19.8823   4.879104     0.6537   920.0000     0.1123 1.7108e+00     1.6894    128.466    35.7937    25.4016    124.474     63.215    19.8706 0.0000e+00
    444.000     63.749    19.8777   4.878775     0.5876   450.0000     0.1119 1.6012e+00     1.6894    128.544    35.7949    25.4037    124.372     63.386    19.8659 0.0000e+00
    444.250     63.962    19.8727   4.877803     0.5949   730.0000     0.1085 1.4054e+00     1.6894    128.679    35.7911    25.4021    124.171     63.598    19.8609 0.0000e+00
    444.500     64.213    19.8695   4.877576     0.5582   590.0000     0.1090 1.1916e+00     1.6884    128.600    35.7918    25.4035    123.793     63.847    19.8577 0.0000e+00
    444.750     64.466    19.8676   4.877745     0.5949   610.0000     0.1092 1.0754e+00     1.6861    128.650    35.7948    25.4063    123.255     64.099    19.8557 0.0000e+00
    445.000     64.715    19.8661   4.877964     0.5729   730.0000     0.1015 1.0743e+00     1.6839    128.549    35.7978    25.4090    122.769     64.346    19.8542 0.0000e+00
    445.250     64.950    19.8645   4.878067     0.5876   370.0000     0.1017 1.1633e+00     1.6804    128.320    35.7999    25.4110    122.187     64.580    19.8525 0.0000e+00
    445.500     65.159    19.8636   4.878067     0.5509   480.0000     0.1015 1.2737e+00     1.6772    128.348    35.8006    25.4118    121.747     64.788    19.8516 0.0000e+00
    445.750     65.328    19.8622   4.878199     0.6096   860.0000     0.1011 1.4355e+00     1.6741    128.217    35.8028    25.4139    121.372     64.956    19.8502 0.0000e+00
    446.000     65.448    19.8552   4.878257     0.5729   500.0000     0.0920 1.5045e+00     1.6711    128.348    35.8092    25.4206    121.076     65.075    19.8431 0.0000e+00
    446.250     65.504    19.8448   4.876254     0.5729   560.0000     0.0925 1.5199e+00     1.6676    128.377    35.8015    25.4175    120.786     65.131    19.8327 0.0000e+00
    446.500     65.521    19.8396   4.874696     0.6390   530.0000     0.0927 1.5062e+00     1.6651    128.332    35.7931    25.4124    120.649     65.148    19.8275 -9.990e-29
    446.750     65.497    19.8453   4.875186     0.6170   610.0000     0.0977 1.5262e+00     1.6617    128.204    35.7923    25.4103    120.415     65.124    19.8332 -9.990e-29
    447.000     65.450    19.8544   4.877563     0.6390   780.0000     0.0976 1.5474e+00     1.6595    128.312    35.8042    25.4170    120.277     65.077    19.8423 -9.990e-29
    447.250     65.401    19.8601   4.878872     0.6611   640.0000     0.0974 1.5961e+00     1.6567    128.164    35.8101    25.4200    120.103     65.028    19.8480 -9.990e-29
    447.500     65.384    19.8626   4.878777     0.6170   480.0000     0.0953 1.5515e+00     1.6558    127.974    35.8072    25.4171    120.038     65.011    19.8505 -9.990e-29
    447.750     65.437    19.8618   4.878425     0.6096   700.0000     0.0952 1.5117e+00     1.6544    127.731    35.8050    25.4156    119.914     65.064    19.8497 -9.990e-29
    448.000     65.590    19.8402   4.878096     0.5288   500.0000     0.0957 1.4244e+00     1.6522    127.555    35.8206    25.4333    119.720     65.216    19.8281 0.0000e+00
    448.250     65.843    19.8071   4.871136     0.5509   500.0000     0.0951 1.1926e+00     1.6509    127.493    35.7914    25.4197    119.661     65.468    19.7950 0.0000e+00
    448.500     66.159    19.7842   4.867096     0.5288   500.0000     0.0936 8.7983e-01     1.6474    127.554    35.7775    25.4151    119.313     65.782    19.7720 0.0000e+00
    448.750     66.468    19.7670   4.866256     0.5288   640.0000     0.0933 6.0961e-01     1.6451    127.703    35.7851    25.4255    119.126     66.089    19.7548 0.0000e+00
    449.000     66.739    19.7521   4.864905     0.5435   590.0000     0.0935 3.3948e-01     1.6439    127.789    35.7866    25.4305    119.053     66.358    19.7398 0.0000e+00
    449.250     66.957    19.7408   4.863678     0.5215   390.0000     0.0917 2.2999e-01     1.6416    127.954    35.7860    25.4331    118.909     66.575    19.7285 0.0000e+00
    449.500     67.148    19.7296   4.863123     0.5288   560.0000     0.0925 2.3395e-01     1.6401    127.932    35.7909    25.4398    118.874     66.765    19.7173 0.0000e+00
    449.750     67.387    19.7139   4.861831     0.5068   530.0000     0.0923 3.9015e-01     1.6387    127.688    35.7936    25.4459    118.814     67.003    19.7015 0.0000e+00
    450.000     67.661    19.6954   4.858998     0.5142   340.0000     0.0919 8.2312e-01     1.6361    127.367    35.7859    25.4449    118.628     67.275    19.6830 0.0000e+00
    450.250     67.834    19.6811   4.856713     0.5435   700.0000     0.0921 1.2984e+00     1.6357    126.809    35.7791    25.4435    118.711     67.447    19.6687 0.0000e+00
    450.500     67.856    19.6761   4.855998     0.6684   420.0000     0.0918 1.3712e+00     1.6339    126.189    35.7775    25.4435    118.550     67.469    19.6637 -9.990e-29
    450.750     67.779    19.6780   4.856816     0.6170   480.0000     0.0916 1.2129e+00     1.6328    125.564    35.7827    25.4470    118.442     67.392    19.6656 -9.990e-29
    451.000     67.730    19.6930   4.857612     0.5949   560.0000     0.0922 1.1545e+00     1.6317    124.978    35.7764    25.4383    118.306     67.344    19.6806 -9.990e-29
    451.250     67.765    19.7042   4.861934     0.5729   560.0000     0.0922 1.1279e+00     1.6310    124.339    35.8026    25.4554    118.167     67.378    19.6918 -9.990e-29
    451.500     67.896    19.6972   4.861482     0.5509   610.0000     0.0923 1.1006e+00     1.6289    123.938    35.8048    25.4589    117.935     67.509    19.6848 0.0000e+00
