cruises/P45_06/L2/CTD/Derived_Parameter/P45_06_CTD_01_der.cnv
* Sea-Bird SBE19plus  Data File:
* FileName = C:\Users\OA_2023-03\Desktop\Bathymetry\ctd_casts\J1_15_04_25001.hex
* Software version 2.3.0 SB_Terminal.dll
* Temperature SN = 8460
* Conductivity SN = 8460
* System UpLoad Time = Apr 15 2026 12:50:42
* <ApplicationData>
* <SeatermAF>
** FIRST MAURIE_CAST
# nquan = 16                                
# nvalues = 2883                        
# units = specified
# name 0 = timeS: Time, Elapsed [seconds]
# name 1 = prdM: Pressure, Strain Gauge [db]
# name 2 = tv290C: Temperature [ITS-90, deg C]
# name 3 = c0S/m: Conductivity [S/m]
# name 4 = flECO-AFL: Fluorescence, WET Labs ECO-AFL/FL [mg/m^3]
# name 5 = flECO-AFL1: Fluorescence, WET Labs ECO-AFL/FL, 2 [mg/m^3]
# name 6 = CStarAt0: Beam Attenuation, WET Labs C-Star [1/m]
# name 7 = par/sat/log: PAR/Logarithmic, Satlantic [umol photons/m^2/sec]
# name 8 = sbeox0V: Oxygen raw, SBE 43 [V]
# name 9 = sbeox0Mm/L: Oxygen, SBE 43 [umol/l]
# name 10 = sal00: Salinity, Practical [PSU]
# name 11 = sigma-é00: Density [sigma-theta, kg/m^3]
# name 12 = sbox0Mm/Kg: Oxygen, SBE 43 [umol/kg], WS = 2
# name 13 = depSM: Depth [salt water, m], lat = 5.51
# name 14 = potemp090C: Potential Temperature [ITS-90, deg C]
# name 15 = flag: flag
# span 0 =      0.000,    720.500       
# span 1 =     -0.056,     41.138       
# span 2 =    22.3111,    31.1502       
# span 3 =  -0.033667,   5.831016       
# span 4 =   -87.4128,    29.9382       
# span 5 = -3.101e+05, 3.0876e+05       
# span 6 =     0.1279,    14.8299       
# span 7 = 1.1776e-01, 1.1830e-01       
# span 8 =     0.9902,     2.5253       
# span 9 =     50.237,    194.461       
# span 10 =     0.0000,    35.7314      
# span 11 =    -4.6408,    24.6852      
# span 12 =     50.480,    191.529      
# span 13 =     -0.056,     40.906      
# span 14 =    22.3029,    31.1502      
# span 15 = 0.0000e+00, 0.0000e+00      
# interval = seconds: 0.25
# start_time = Apr 15 2026 11:42:49 [Instrument's time stamp, header]
# bad_flag = -9.990e-29
*END*
[from data line 995]
    248.750     -0.043    30.7845   0.000146    -0.0441   250.0000     0.2321 1.1797e-01     2.2061    182.931     0.0137    -4.5803    183.974     -0.043    30.7845 -9.990e-29
    249.000     -0.041    30.7844   0.000146    -0.0441   120.0000     0.2328 1.1812e-01     2.2064    182.828     0.0137    -4.5803    184.005     -0.041    30.7844 -9.990e-29
    249.250     -0.041    30.7841   0.000140     0.0073  -190.0000     0.2326 1.1805e-01     2.2064    183.016     0.0137    -4.5802    184.007     -0.041    30.7841 -9.990e-29
    249.500     -0.041    30.7839   0.000146     0.0220  -240.0000     0.2321 1.1799e-01     2.2062    183.007     0.0137    -4.5801    183.983     -0.041    30.7839 -9.990e-29
    249.750     -0.045    30.7837   0.000146    -0.0147    10.0000     0.2326 1.1810e-01     2.2071    183.246     0.0137    -4.5800    184.069     -0.045    30.7837 -9.990e-29
    250.000     -0.045    30.7835   0.000146     0.0000   -80.0000     0.2338 1.1797e-01     2.2067    183.165     0.0137    -4.5800    184.009     -0.045    30.7835 -9.990e-29
    250.250     -0.041    30.7833   0.000152    -0.1689   970.0000     0.2342 1.1805e-01     2.2068    183.169     0.0137    -4.5799    184.023     -0.041    30.7833 -9.990e-29
    250.500     -0.043    30.7829   0.000140    -0.0955  -650.0000     0.2340 1.1807e-01     2.2074    183.126     0.0137    -4.5798    184.080     -0.043    30.7829 -9.990e-29
    250.750     -0.043    30.7831   0.000146     0.0588  -160.0000     0.2322 1.1805e-01     2.2068    183.100     0.0137    -4.5799    184.003     -0.043    30.7831 -9.990e-29
    251.000     -0.043    30.7827   0.000146    -0.0588   -50.0000     0.2321 1.1820e-01     2.2066    183.154     0.0137    -4.5797    184.013     -0.043    30.7827 -9.990e-29
    251.250     -0.041    30.7824   0.000152    -0.0808  -240.0000     0.2324 1.1810e-01     2.2072    182.947     0.0137    -4.5796    184.083     -0.041    30.7824 -9.990e-29
    251.500     -0.041    30.7827   0.000146     0.0000  -700.0000     0.2335 1.1797e-01     2.2069    182.938     0.0137    -4.5797    184.047     -0.041    30.7827 -9.990e-29
    251.750     -0.039    30.7821   0.000146     0.0147   -80.0000     0.2340 1.1789e-01     2.2072    183.005     0.0137    -4.5795    184.104     -0.039    30.7821 -9.990e-29
    252.000     -0.041    30.7820   0.000146    -0.0808  -380.0000     0.2334 1.1810e-01     2.2081    182.952     0.0137    -4.5795    184.197     -0.041    30.7820 -9.990e-29
    252.250     -0.039    30.7819   0.000155     0.0367  -110.0000     0.2326 1.1799e-01     2.2077    182.946     0.0137    -4.5795    184.132     -0.039    30.7819 -9.990e-29
    252.500     -0.039    30.7817   0.000155     0.0000  -350.0000     0.2326 1.1810e-01     2.2076    183.011     0.0137    -4.5794    184.116     -0.039    30.7817 -9.990e-29
    252.750     -0.041    30.7812   0.000155    -0.0073    10.0000     0.2329 1.1799e-01     2.2081    183.011     0.0137    -4.5793    184.154     -0.041    30.7812 -9.990e-29
    253.000     -0.039    30.7809   0.000152     0.0073    60.0000     0.2327 1.1797e-01     2.2078    183.049     0.0137    -4.5792    184.110     -0.039    30.7809 -9.990e-29
    253.250     -0.041    30.7811   0.000152     0.0220  -440.0000     0.2325 1.1805e-01     2.2076    183.029     0.0137    -4.5792    184.098     -0.041    30.7811 -9.990e-29
    253.500     -0.043    30.7807   0.000152    -0.0220    10.0000     0.2320 1.1810e-01     2.2078    183.086     0.0137    -4.5791    184.106     -0.043    30.7807 -9.990e-29
    253.750     -0.041    30.7804   0.000152     0.0220  -160.0000     0.2346 1.1815e-01     2.2078    183.103     0.0137    -4.5790    184.104     -0.041    30.7804 -9.990e-29
    254.000     -0.045    30.7803   0.000152     0.0955   610.0000     0.2342 1.1805e-01     2.2079    183.162     0.0137    -4.5790    184.134     -0.045    30.7803 -9.990e-29
    254.250     -0.043    30.7797   0.000152     0.0808   170.0000     0.2352 1.1802e-01     2.2079    183.166     0.0137    -4.5788    184.153     -0.043    30.7797 -9.990e-29
    254.500     -0.043    30.7799   0.000155     0.0367 -1040.0000     0.2329 1.1792e-01     2.2073    183.141     0.0137    -4.5789    184.094     -0.043    30.7799 -9.990e-29
    254.750     -0.041    30.7796   0.000155    -0.1249   450.0000     0.2326 1.1810e-01     2.2078    183.252     0.0137    -4.5788    184.164     -0.041    30.7796 -9.990e-29
    255.000     -0.039    30.7796   0.000155     0.0073  -300.0000     0.2327 1.1817e-01     2.2082    183.208     0.0137    -4.5788    184.221     -0.039    30.7796 -9.990e-29
    255.250     -0.041    30.7792   0.000152    -0.0073   -50.0000     0.2342 1.1799e-01     2.2085    183.217     0.0137    -4.5787    184.266     -0.041    30.7792 -9.990e-29
    255.500     -0.041    30.7789   0.000152     0.0000   -80.0000     0.2343 1.1802e-01     2.2085    183.281     0.0137    -4.5786    184.279     -0.041    30.7789 -9.990e-29
    255.750     -0.041    30.7788   0.000155    -0.0367  -190.0000     0.2339 1.1805e-01     2.2088    183.203     0.0137    -4.5785    184.281     -0.041    30.7788 -9.990e-29
    256.000     -0.041    30.7784   0.000173     0.0294   -80.0000     0.2340 1.1794e-01     2.2090    183.171     0.0137    -4.5784    184.294     -0.041    30.7784 -9.990e-29
    256.250     -0.041    30.7781   0.000152    -0.1028  -110.0000     0.2325 1.1789e-01     2.2091    183.241     0.0137    -4.5783    184.303     -0.041    30.7781 -9.990e-29
    256.500     -0.039    30.7780   0.000173    -0.1028   140.0000     0.2321 1.1805e-01     2.2094    183.200     0.0137    -4.5783    184.321     -0.039    30.7780 -9.990e-29
    256.750     -0.039    30.7776   0.000173    -0.0367    90.0000     0.2320 1.1812e-01     2.2087    183.225     0.0137    -4.5782    184.239     -0.039    30.7776 -9.990e-29
    257.000     -0.043    30.7776   0.000155     0.0220   230.0000     0.2321 1.1797e-01     2.2093    183.345     0.0137    -4.5782    184.293     -0.043    30.7776 -9.990e-29
    257.250     -0.043    30.7775   0.000167    -0.1102  -110.0000     0.2322 1.1802e-01     2.2095    183.308     0.0137    -4.5781    184.312     -0.043    30.7775 -9.990e-29
    257.500     -0.043    30.7772   0.000173    -0.0881   890.0000     0.2321 1.1807e-01     2.2089    183.298     0.0137    -4.5780    184.258     -0.043    30.7772 -9.990e-29
    257.750     -0.043    30.7771   0.000173    -0.0367  -490.0000     0.2348 1.1810e-01     2.2094    183.369     0.0137    -4.5780    184.328     -0.043    30.7771 -9.990e-29
    258.000     -0.045    30.7767   0.000167    -0.0073  -110.0000     0.2342 1.1805e-01     2.2090    183.339     0.0137    -4.5779    184.270     -0.045    30.7767 -9.990e-29
    258.250     -0.043    30.7764   0.000173    -0.2057   -20.0000     0.2347 1.1810e-01     2.2092    183.294     0.0137    -4.5778    184.308     -0.043    30.7764 -9.990e-29
    258.500     -0.041    30.7763   0.000161     0.0000  -730.0000     0.2326 1.1807e-01     2.2097    183.305     0.0137    -4.5778    184.372     -0.041    30.7763 -9.990e-29
    258.750     -0.041    30.7760   0.000167     0.0147  -620.0000     0.2325 1.1797e-01     2.2097    183.298     0.0137    -4.5777    184.387     -0.041    30.7760 -9.990e-29
    259.000     -0.045    30.7756   0.000167     0.0294   120.0000     0.2325 1.1805e-01     2.2093    183.296     0.0137    -4.5775    184.332     -0.045    30.7756 -9.990e-29
    259.250     -0.043    30.7756   0.000167    -0.0294  -300.0000     0.2346 1.1810e-01     2.2100    183.306     0.0137    -4.5775    184.392     -0.043    30.7756 -9.990e-29
    259.500     -0.043    30.7753   0.000161    -0.0808  -240.0000     0.2345 1.1802e-01     2.2097    183.226     0.0137    -4.5774    184.341     -0.043    30.7753 -9.990e-29
    259.750     -0.043    30.7751   0.000167    -0.0147   -80.0000     0.2347 1.1805e-01     2.2107    183.282     0.0137    -4.5774    184.457     -0.043    30.7751 -9.990e-29
    260.000     -0.039    30.7749   0.000167    -0.0220   250.0000     0.2330 1.1797e-01     2.2094    183.342     0.0137    -4.5773    184.314     -0.039    30.7749 -9.990e-29
    260.250     -0.043    30.7745   0.000173     0.0147  -110.0000     0.2324 1.1815e-01     2.2097    183.394     0.0137    -4.5772    184.350     -0.043    30.7745 -9.990e-29
    260.500     -0.045    30.7741   0.000161    -0.0147  -330.0000     0.2326 1.1815e-01     2.2095    183.401     0.0137    -4.5771    184.328     -0.045    30.7741 -9.990e-29
    260.750     -0.041    30.7740   0.000173    -0.0220   140.0000     0.2321 1.1810e-01     2.2101    183.449     0.0137    -4.5770    184.395     -0.041    30.7740 -9.990e-29
    261.000     -0.041    30.7736   0.000167    -0.0588  -590.0000     0.2321 1.1805e-01     2.2098    183.490     0.0137    -4.5769    184.415     -0.041    30.7736 -9.990e-29
    261.250     -0.045    30.7733   0.000167     0.0073    10.0000     0.2320 1.1807e-01     2.2105    183.510     0.0137    -4.5768    184.506     -0.045    30.7733 -9.990e-29
    261.500     -0.045    30.7733   0.000161    -0.1249   370.0000     0.2324 1.1802e-01     2.2098    183.546     0.0137    -4.5768    184.437     -0.045    30.7733 -9.990e-29
    261.750     -0.045    30.7728   0.000167     0.0073  -410.0000     0.2322 1.1802e-01     2.2102    183.450     0.0137    -4.5767    184.464     -0.045    30.7728 -9.990e-29
    262.000     -0.043    30.7729   0.000173    -0.0955   -20.0000     0.2321 1.1802e-01     2.2113    183.497     0.0137    -4.5767    184.575     -0.043    30.7729 -9.990e-29
    262.250     -0.037    30.7725   0.000161     0.1028    60.0000     0.2321 1.1802e-01     2.2114    183.521     0.0137    -4.5766    184.580     -0.037    30.7725 -9.990e-29
    262.500     -0.043    30.7721   0.000167     0.0147  -590.0000     0.2331 1.1797e-01     2.2113    183.438     0.0137    -4.5765    184.569     -0.043    30.7721 -9.990e-29
    262.750     -0.043    30.7721   0.000167    -0.0661    30.0000     0.2329 1.1792e-01     2.2108    183.482     0.0137    -4.5765    184.485     -0.043    30.7721 -9.990e-29
    263.000     -0.043    30.7719   0.000161     0.0294    90.0000     0.2331 1.1807e-01     2.2108    183.439     0.0137    -4.5764    184.462     -0.043    30.7719 -9.990e-29
    263.250     -0.043    30.7716   0.000173     0.0441   230.0000     0.2331 1.1810e-01     2.2114    183.454     0.0137    -4.5763    184.530     -0.043    30.7716 -9.990e-29
    263.500     -0.041    30.7710   0.000167    -0.0514   140.0000     0.2331 1.1797e-01     2.2112    183.515     0.0137    -4.5761    184.535     -0.041    30.7710 -9.990e-29
    263.750     -0.043    30.7709   0.000167    -0.0073  -130.0000     0.2329 1.1797e-01     2.2110    183.530     0.0137    -4.5761    184.516     -0.043    30.7709 -9.990e-29
    264.000     -0.041    30.7705   0.000167    -0.0220  -160.0000     0.2328 1.1797e-01     2.2111    183.476     0.0137    -4.5760    184.516     -0.041    30.7705 -9.990e-29
    264.250     -0.041    30.7702   0.000167    -0.0220   200.0000     0.2322 1.1797e-01     2.2110    183.564     0.0137    -4.5759    184.489     -0.041    30.7702 -9.990e-29
    264.500     -0.043    30.7700   0.000167    -0.0367  -220.0000     0.2316 1.1797e-01     2.2118    183.542     0.0137    -4.5758    184.594     -0.043    30.7700 -9.990e-29
    264.750     -0.039    30.7696   0.000167    -0.0588   450.0000     0.2375 1.1805e-01     2.2111    183.674     0.0137    -4.5757    184.543     -0.039    30.7696 -9.990e-29
    265.000     -0.041    30.7694   0.000167     0.0220  -160.0000     0.2375 1.1794e-01     2.2110    183.512     0.0137    -4.5756    184.536     -0.041    30.7694 -9.990e-29
    265.250     -0.043    30.7693   0.000161    -0.0588   170.0000     0.2378 1.1794e-01     2.2109    183.531     0.0137    -4.5756    184.545     -0.043    30.7693 -9.990e-29
    265.500     -0.039    30.7689   0.000167    -0.0735    60.0000     0.2370 1.1805e-01     2.2116    183.497     0.0137    -4.5755    184.626     -0.039    30.7689 -9.990e-29
    265.750     -0.039    30.7686   0.000161     0.0000  -220.0000     0.2375 1.1810e-01     2.2122    183.571     0.0137    -4.5754    184.715     -0.039    30.7686 -9.990e-29
    266.000     -0.043    30.7682   0.000161    -0.0073   120.0000     0.2369 1.1797e-01     2.2118    183.537     0.0137    -4.5753    184.664     -0.043    30.7682 -9.990e-29
    266.250     -0.041    30.7682   0.000173    -0.0367   280.0000     0.2324 1.1805e-01     2.2126    183.615     0.0137    -4.5753    184.740     -0.041    30.7682 -9.990e-29
    266.500     -0.039    30.7680   0.000167    -0.0661  -380.0000     0.2323 1.1805e-01     2.2124    183.540     0.0137    -4.5752    184.702     -0.039    30.7680 -9.990e-29
    266.750     -0.043    30.7676   0.000167    -0.0220    60.0000     0.2324 1.1799e-01     2.2126    183.581     0.0137    -4.5751    184.717     -0.043    30.7676 -9.990e-29
    267.000     -0.041    30.7672   0.000161    -0.0220  -220.0000     0.2316 1.1810e-01     2.2123    183.760     0.0137    -4.5750    184.676     -0.041    30.7672 -9.990e-29
    267.250     -0.039    30.7672   0.000167    -0.0881   170.0000     0.2322 1.1805e-01     2.2126    183.782     0.0137    -4.5749    184.689     -0.039    30.7672 -9.990e-29
    267.500     -0.039    30.7665   0.000167    -0.0073  -220.0000     0.2316 1.1812e-01     2.2129    183.782     0.0137    -4.5747    184.732     -0.039    30.7665 -9.990e-29
    267.750     -0.039    30.7668   0.000167     0.0147  -330.0000     0.2342 1.1787e-01     2.2129    183.705     0.0137    -4.5748    184.734     -0.039    30.7668 -9.990e-29
    268.000     -0.043    30.7662   0.000167     0.0147  -220.0000     0.2342 1.1797e-01     2.2124    183.699     0.0137    -4.5746    184.686     -0.043    30.7662 -9.990e-29
    268.250     -0.045    30.7661   0.000167     0.0367  -440.0000     0.2342 1.1815e-01     2.2125    183.757     0.0137    -4.5746    184.713     -0.045    30.7661 -9.990e-29
    268.500     -0.037    30.7657   0.000167     0.0073   230.0000     0.2322 1.1807e-01     2.2129    183.732     0.0137    -4.5745    184.761     -0.037    30.7657 -9.990e-29
    268.750     -0.043    30.7656   0.000167    -0.0514  -350.0000     0.2320 1.1805e-01     2.2130    183.676     0.0137    -4.5745    184.767     -0.043    30.7656 -9.990e-29
    269.000     -0.041    30.7654   0.000167     0.0294  -330.0000     0.2324 1.1810e-01     2.2130    183.671     0.0137    -4.5744    184.784     -0.041    30.7654 -9.990e-29
    269.250     -0.041    30.7646   0.000167     0.0000    90.0000     0.2326 1.1792e-01     2.2139    183.666     0.0137    -4.5741    184.861     -0.041    30.7646 -9.990e-29
    269.500     -0.041    30.7646   0.000161    -0.0147    30.0000     0.2358 1.1805e-01     2.2134    183.773     0.0137    -4.5741    184.791     -0.041    30.7646 -9.990e-29
    269.750     -0.039    30.7644   0.000167     0.0367    60.0000     0.2359 1.1807e-01     2.2129    183.705     0.0137    -4.5741    184.727     -0.039    30.7644 -9.990e-29
    270.000     -0.039    30.7638   0.000167    -0.0881   170.0000     0.2364 1.1805e-01     2.2138    183.675     0.0137    -4.5739    184.832     -0.039    30.7638 -9.990e-29
    270.250     -0.039    30.7636   0.000167    -0.0367   -20.0000     0.2321 1.1810e-01     2.2129    183.651     0.0137    -4.5738    184.725     -0.039    30.7636 -9.990e-29
    270.500     -0.047    30.7632   0.000161    -0.0808   140.0000     0.2318 1.1807e-01     2.2133    183.754     0.0137    -4.5737    184.805     -0.047    30.7632 -9.990e-29
    270.750     -0.043    30.7628   0.000167     0.0220  -440.0000     0.2323 1.1797e-01     2.2132    183.836     0.0137    -4.5736    184.819     -0.043    30.7628 -9.990e-29
