cruises/P45_06/L2/CTD/Derived_Parameter/P45_06_CTD_01_der.cnv
* Sea-Bird SBE19plus  Data File:
* FileName = C:\Users\OA_2023-03\Desktop\Bathymetry\ctd_casts\J1_15_04_25001.hex
* Software version 2.3.0 SB_Terminal.dll
* Temperature SN = 8460
* Conductivity SN = 8460
* System UpLoad Time = Apr 15 2026 12:50:42
* <ApplicationData>
* <SeatermAF>
** FIRST MAURIE_CAST
# nquan = 16                                
# nvalues = 2883                        
# units = specified
# name 0 = timeS: Time, Elapsed [seconds]
# name 1 = prdM: Pressure, Strain Gauge [db]
# name 2 = tv290C: Temperature [ITS-90, deg C]
# name 3 = c0S/m: Conductivity [S/m]
# name 4 = flECO-AFL: Fluorescence, WET Labs ECO-AFL/FL [mg/m^3]
# name 5 = flECO-AFL1: Fluorescence, WET Labs ECO-AFL/FL, 2 [mg/m^3]
# name 6 = CStarAt0: Beam Attenuation, WET Labs C-Star [1/m]
# name 7 = par/sat/log: PAR/Logarithmic, Satlantic [umol photons/m^2/sec]
# name 8 = sbeox0V: Oxygen raw, SBE 43 [V]
# name 9 = sbeox0Mm/L: Oxygen, SBE 43 [umol/l]
# name 10 = sal00: Salinity, Practical [PSU]
# name 11 = sigma-é00: Density [sigma-theta, kg/m^3]
# name 12 = sbox0Mm/Kg: Oxygen, SBE 43 [umol/kg], WS = 2
# name 13 = depSM: Depth [salt water, m], lat = 5.51
# name 14 = potemp090C: Potential Temperature [ITS-90, deg C]
# name 15 = flag: flag
# span 0 =      0.000,    720.500       
# span 1 =     -0.056,     41.138       
# span 2 =    22.3111,    31.1502       
# span 3 =  -0.033667,   5.831016       
# span 4 =   -87.4128,    29.9382       
# span 5 = -3.101e+05, 3.0876e+05       
# span 6 =     0.1279,    14.8299       
# span 7 = 1.1776e-01, 1.1830e-01       
# span 8 =     0.9902,     2.5253       
# span 9 =     50.237,    194.461       
# span 10 =     0.0000,    35.7314      
# span 11 =    -4.6408,    24.6852      
# span 12 =     50.480,    191.529      
# span 13 =     -0.056,     40.906      
# span 14 =    22.3029,    31.1502      
# span 15 = 0.0000e+00, 0.0000e+00      
# interval = seconds: 0.25
# start_time = Apr 15 2026 11:42:49 [Instrument's time stamp, header]
# bad_flag = -9.990e-29
*END*
[from data line 2532]
    633.000     12.561    29.0268   5.766104     0.0294  -160.0000     0.1450 1.1805e-01     2.4180    175.368    35.2322    22.2305    171.773     12.491    29.0238 0.0000e+00
    633.250     12.421    29.0286   5.766254     0.0441   140.0000     0.1450 1.1792e-01     2.4189    175.309    35.2319    22.2297    171.857     12.352    29.0256 0.0000e+00
    633.500     12.294    29.0303   5.766442     0.0441    90.0000     0.1451 1.1797e-01     2.4202    175.236    35.2320    22.2291    171.972     12.226    29.0273 0.0000e+00
    633.750     12.177    29.0317   5.766591     0.0220   200.0000     0.1429 1.1805e-01     2.4201    175.266    35.2320    22.2287    171.920     12.109    29.0288 0.0000e+00
    634.000     12.061    29.0331   5.766733     0.0441  -130.0000     0.1423 1.1797e-01     2.4192    175.252    35.2320    22.2282    171.772     11.994    29.0302 0.0000e+00
    634.250     11.934    29.0337   5.766733     0.0220    30.0000     0.1427 1.1794e-01     2.4183    175.252    35.2316    22.2277    171.643     11.868    29.0308 0.0000e+00
    634.500     11.779    29.0331   5.766591     0.0367   -20.0000     0.1422 1.1805e-01     2.4192    175.243    35.2311    22.2275    171.712     11.713    29.0302 0.0000e+00
    634.750     11.601    29.0323   5.766473     0.0367   140.0000     0.1428 1.1782e-01     2.4184    175.161    35.2309    22.2276    171.684     11.536    29.0295 0.0000e+00
    635.000     11.405    29.0332   5.766402     0.0441   -20.0000     0.1423 1.1810e-01     2.4181    175.088    35.2298    22.2265    171.735     11.341    29.0304 0.0000e+00
    635.250     11.190    29.0346   5.766842     0.0147  -160.0000     0.1387 1.1799e-01     2.4180    175.094    35.2319    22.2275    171.719     11.128    29.0319 0.0000e+00
    635.500     10.970    29.0365   5.766960     0.0441   140.0000     0.1389 1.1792e-01     2.4184    175.185    35.2314    22.2265    171.767     10.909    29.0338 0.0000e+00
    635.750     10.763    29.0390   5.767101     0.0147    90.0000     0.1388 1.1792e-01     2.4194    175.334    35.2306    22.2250    171.868     10.703    29.0364 0.0000e+00
    636.000     10.566    29.0425   5.767730     0.0220    60.0000     0.1389 1.1810e-01     2.4212    175.478    35.2324    22.2252    171.981     10.507    29.0399 0.0000e+00
    636.250     10.388    29.0449   5.768068     0.0367    30.0000     0.1425 1.1797e-01     2.4187    175.511    35.2330    22.2248    171.697     10.330    29.0424 0.0000e+00
    636.500     10.228    29.0457   5.768068     0.0367   -50.0000     0.1425 1.1807e-01     2.4206    175.678    35.2324    22.2241    171.791     10.171    29.0432 0.0000e+00
    636.750     10.086    29.0467   5.767957     0.0367    30.0000     0.1422 1.1810e-01     2.4200    175.638    35.2310    22.2227    171.667     10.030    29.0443 0.0000e+00
    637.000      9.961    29.0488   5.768177     0.0367   230.0000     0.1401 1.1805e-01     2.4186    175.774    35.2310    22.2220    171.495      9.906    29.0464 0.0000e+00
    637.250      9.834    29.0491   5.768358     0.0367   170.0000     0.1405 1.1805e-01     2.4184    175.622    35.2320    22.2227    171.530      9.779    29.0467 0.0000e+00
    637.500      9.708    29.0489   5.768138     0.0220   120.0000     0.1409 1.1805e-01     2.4173    175.464    35.2307    22.2217    171.494      9.654    29.0465 0.0000e+00
    637.750      9.577    29.0493   5.767988     0.0220   -20.0000     0.1394 1.1810e-01     2.4170    175.333    35.2294    22.2206    171.554      9.524    29.0470 0.0000e+00
    638.000      9.437    29.0491   5.768138     0.0220    30.0000     0.1392 1.1792e-01     2.4168    175.381    35.2306    22.2216    171.566      9.384    29.0468 0.0000e+00
    638.250      9.283    29.0490   5.767878     0.0294   -50.0000     0.1392 1.1797e-01     2.4184    175.470    35.2290    22.2204    171.716      9.231    29.0468 0.0000e+00
    638.500      9.125    29.0494   5.768027     0.0294    30.0000     0.1398 1.1797e-01     2.4212    175.612    35.2297    22.2208    171.955      9.074    29.0472 0.0000e+00
    638.750      8.963    29.0508   5.768137     0.0294   230.0000     0.1409 1.1802e-01     2.4206    175.645    35.2295    22.2201    171.840      8.913    29.0486 0.0000e+00
    639.000      8.806    29.0525   5.768397     0.0441   170.0000     0.1409 1.1787e-01     2.4187    175.555    35.2301    22.2200    171.582      8.757    29.0504 0.0000e+00
    639.250      8.650    29.0542   5.768507     0.0220   120.0000     0.1408 1.1807e-01     2.4188    175.474    35.2297    22.2191    171.483      8.602    29.0521 0.0000e+00
    639.500      8.503    29.0567   5.768585     0.0220    10.0000     0.1390 1.1797e-01     2.4184    175.557    35.2284    22.2173    171.366      8.456    29.0546 0.0000e+00
    639.750      8.366    29.0592   5.768915     0.0220    90.0000     0.1394 1.1794e-01     2.4176    175.441    35.2289    22.2168    171.297      8.319    29.0572 0.0000e+00
    640.000      8.225    29.0614   5.769064     0.0073   120.0000     0.1394 1.1802e-01     2.4169    175.333    35.2283    22.2156    171.261      8.179    29.0594 0.0000e+00
    640.250      8.057    29.0623   5.769284     0.0220   170.0000     0.1438 1.1792e-01     2.4160    175.270    35.2292    22.2160    171.208      8.012    29.0603 0.0000e+00
    640.500      7.876    29.0618   5.769064     0.0220   -20.0000     0.1439 1.1782e-01     2.4152    175.293    35.2281    22.2153    171.202      7.832    29.0599 0.0000e+00
    640.750      7.676    29.0622   5.768844     0.0367   -20.0000     0.1439 1.1810e-01     2.4150    175.427    35.2264    22.2139    171.245      7.633    29.0603 0.0000e+00
    641.000      7.454    29.0634   5.769064     0.0220   120.0000     0.1442 1.1799e-01     2.4153    175.670    35.2271    22.2140    171.290      7.413    29.0616 0.0000e+00
    641.250      7.223    29.0646   5.769244     0.0294   -80.0000     0.1386 1.1805e-01     2.4163    175.441    35.2275    22.2138    171.401      7.183    29.0629 0.0000e+00
    641.500      7.003    29.0665   5.769284     0.0294   140.0000     0.1386 1.1784e-01     2.4171    175.623    35.2264    22.2124    171.483      6.964    29.0648 0.0000e+00
    641.750      6.794    29.0678   5.769464     0.0367   120.0000     0.1385 1.1799e-01     2.4171    175.588    35.2268    22.2122    171.480      6.756    29.0662 0.0000e+00
    642.000      6.607    29.0688   5.769613     0.0220    90.0000     0.1372 1.1799e-01     2.4159    175.411    35.2271    22.2121    171.336      6.570    29.0672 0.0000e+00
    642.250      6.450    29.0703   5.769653     0.0441   140.0000     0.1373 1.1797e-01     2.4165    175.334    35.2263    22.2110    171.348      6.414    29.0687 0.0000e+00
    642.500      6.323    29.0726   5.769763     0.0147    10.0000     0.1370 1.1810e-01     2.4170    175.154    35.2254    22.2095    171.347      6.288    29.0711 0.0000e+00
    642.750      6.227    29.0745   5.770281     0.0220    30.0000     0.1371 1.1805e-01     2.4176    175.050    35.2276    22.2105    171.365      6.192    29.0730 0.0000e+00
    643.000      6.143    29.0760   5.770281     0.0220   -80.0000     0.1375 1.1810e-01     2.4168    174.985    35.2265    22.2092    171.292      6.109    29.0745 0.0000e+00
    643.250      6.065    29.0785   5.770352     0.0220    30.0000     0.1369 1.1815e-01     2.4166    175.192    35.2252    22.2074    171.294      6.031    29.0770 0.0000e+00
    643.500      5.979    29.0812   5.770721     0.0220  -350.0000     0.1400 1.1817e-01     2.4155    175.505    35.2258    22.2069    171.249      5.946    29.0798 0.0000e+00
    643.750      5.874    29.0822   5.770839     0.0147   -20.0000     0.1397 1.1805e-01     2.4149    175.529    35.2259    22.2066    171.319      5.841    29.0808 0.0000e+00
    644.000      5.739    29.0815   5.770760     0.0367    10.0000     0.1394 1.1792e-01     2.4158    175.389    35.2259    22.2069    171.567      5.707    29.0801 0.0000e+00
    644.250      5.552    29.0805   5.770210     0.0147    10.0000     0.1399 1.1794e-01     2.4181    175.400    35.2229    22.2049    171.931      5.521    29.0792 0.0000e+00
    644.500      5.307    29.0817   5.770351     0.0220   -20.0000     0.1396 1.1799e-01     2.4197    175.351    35.2230    22.2046    172.215      5.278    29.0804 0.0000e+00
    644.750      5.012    29.0845   5.770909     0.0220   -50.0000     0.1398 1.1802e-01     2.4230    175.211    35.2249    22.2051    172.604      4.984    29.0833 0.0000e+00
    645.000      4.678    29.0886   5.771318     0.0220   140.0000     0.1396 1.1797e-01     2.4256    175.056    35.2248    22.2036    172.824      4.652    29.0875 0.0000e+00
    645.250      4.332    29.0944   5.771868     0.0147   -80.0000     0.1394 1.1797e-01     2.4279    174.850    35.2244    22.2013    172.963      4.308    29.0933 0.0000e+00
    645.500      3.996    29.0990   5.772536     0.0147  -130.0000     0.1392 1.1799e-01     2.4307    174.687    35.2257    22.2007    173.070      3.974    29.0980 0.0000e+00
    645.750      3.685    29.1021   5.772795     0.0294  -130.0000     0.1390 1.1792e-01     2.4336    174.657    35.2253    22.1994    173.132      3.665    29.1012 0.0000e+00
    646.000      3.461    29.1039   5.772905     0.0367   -20.0000     0.1514 1.1792e-01     2.4339    174.705    35.2248    22.1984    172.929      3.442    29.1031 0.0000e+00
    646.250      3.325    29.1091   5.772874     0.0220   230.0000     0.1514 1.1779e-01     2.4352    174.823    35.2208    22.1936    172.827      3.307    29.1083 0.0000e+00
    646.500      3.252    29.1252   5.774242     0.0220   140.0000     0.1513 1.1797e-01     2.4333    174.954    35.2184    22.1864    172.415      3.234    29.1244 0.0000e+00
    646.750      3.230    29.1514   5.778355     0.0367   200.0000     0.1516 1.1817e-01     2.4322    174.973    35.2274    22.1843    172.079      3.212    29.1506 0.0000e+00
    647.000      3.238    29.1807   5.781910     0.0000   -20.0000     0.1380 1.1810e-01     2.4294    174.825    35.2302    22.1766    171.670      3.220    29.1799 -9.990e-29
    647.250      3.249    29.2024   5.785364     0.0073   -50.0000     0.1376 1.1787e-01     2.4285    174.826    35.2380    22.1752    171.497      3.231    29.2016 -9.990e-29
    647.500      3.225    29.2224   5.785694    -0.0073    60.0000     0.1377 1.1792e-01     2.4269    174.823    35.2255    22.1591    171.364      3.207    29.2216 0.0000e+00
    647.750      3.143    29.2378   5.788590     0.0220   -20.0000     0.2816 1.1802e-01     2.4253    174.813    35.2341    22.1604    171.224      3.126    29.2370 0.0000e+00
    648.000      2.989    29.2438   5.788290     0.0220   -80.0000     0.2817 1.1792e-01     2.4243    174.659    35.2277    22.1535    171.208      2.972    29.2431 0.0000e+00
    648.250      2.750    29.2507   5.788148     0.0220   -50.0000     0.2816 1.1817e-01     2.4239    174.570    35.2217    22.1467    171.184      2.735    29.2500 0.0000e+00
    648.500      2.443    29.2552   5.789337     0.0294    60.0000     0.1372 1.1805e-01     2.4235    174.398    35.2266    22.1488    171.178      2.429    29.2546 0.0000e+00
    648.750      2.083    29.2655   5.789147     0.0220    10.0000     0.1373 1.1792e-01     2.4231    174.303    35.2179    22.1388    171.143      2.071    29.2650 0.0000e+00
    649.000      1.732    29.2829   5.792194     0.0294  -110.0000     0.1375 1.1799e-01     2.4233    174.345    35.2261    22.1390    171.140      1.722    29.2825 0.0000e+00
    649.250      1.489    29.3015   5.794800     0.0000    60.0000     0.1375 1.1797e-01     2.4218    174.536    35.2303    22.1360    171.010      1.481    29.3011 0.0000e+00
    649.500      1.369    29.3267   5.796698     0.0367   -80.0000     0.1454 1.1805e-01     2.4222    174.700    35.2249    22.1234    171.054      1.361    29.3264 0.0000e+00
    649.750      1.329    29.3744   5.800495     0.0220  -440.0000     0.1456 1.1797e-01     2.4214    175.063    35.2158    22.1005    170.920      1.322    29.3741 0.0000e+00
    650.000      1.352    29.4184   5.810599     0.0220    60.0000     0.1458 1.1810e-01     2.4228    175.344    35.2527    22.1133    170.899      1.345    29.4181 -9.990e-29
    650.250      1.445    29.4505   5.812459     0.0220   -20.0000     0.1324 1.1797e-01     2.4246    175.584    35.2418    22.0943    170.964      1.437    29.4501 -9.990e-29
    650.500      1.547    29.4588   5.814153     0.0294   140.0000     0.1325 1.1805e-01     2.4256    175.870    35.2473    22.0956    170.963      1.538    29.4584 -9.990e-29
    650.750      1.663    29.4556   5.810518     0.0000   -20.0000     0.1321 1.1792e-01     2.4261    176.191    35.2248    22.0798    170.933      1.654    29.4552 -9.990e-29
    651.000      1.758    29.4556   5.809327     0.0147    90.0000     0.1330 1.1792e-01     2.4249    176.213    35.2166    22.0737    170.693      1.748    29.4552 -9.990e-29
    651.250      1.834    29.4557   5.810628     0.0220  -130.0000     0.1329 1.1787e-01     2.4233    176.296    35.2254    22.0803    170.413      1.824    29.4553 -9.990e-29
    651.500      1.883    29.4552   5.810147     0.0073    10.0000     0.1331 1.1794e-01     2.4228    176.002    35.2224    22.0782    170.291      1.873    29.4547 -9.990e-29
    651.750      1.900    29.4520   5.810297     0.0294  -220.0000     0.1313 1.1805e-01     2.4202    175.713    35.2258    22.0819    170.074      1.889    29.4515 -9.990e-29
    652.000      1.885    29.4451   5.809248     0.0220  -110.0000     0.1319 1.1805e-01     2.4191    175.249    35.2237    22.0826    170.069      1.875    29.4446 -9.990e-29
    652.250      1.867    29.4398   5.808129    -0.0073   -20.0000     0.1315 1.1792e-01     2.4175    174.976    35.2199    22.0816    170.032      1.857    29.4393 -9.990e-29
    652.500      1.843    29.4363   5.808019     0.0220   -80.0000     0.1315 1.1787e-01     2.4162    174.652    35.2218    22.0841    170.019      1.833    29.4358 -9.990e-29
    652.750      1.827    29.4297   5.807908     0.0294    30.0000     0.1326 1.1797e-01     2.4174    174.367    35.2259    22.0894    170.252      1.817    29.4293 -9.990e-29
    653.000      1.814    29.4218   5.806379    -0.0073  -220.0000     0.1323 1.1799e-01     2.4178    174.225    35.2212    22.0886    170.417      1.804    29.4214 -9.990e-29
    653.250      1.809    29.4173   5.805481     0.0661  -190.0000     0.1327 1.1792e-01     2.4180    174.182    35.2184    22.0880    170.584      1.799    29.4169 -9.990e-29
    653.500      1.789    29.4159   5.805741     0.0220  -300.0000     0.1429 1.1810e-01     2.4187    174.220    35.2212    22.0905    170.731      1.779    29.4155 -9.990e-29
    653.750      1.752    29.4146   5.806080     0.0073  -110.0000     0.1429 1.1797e-01     2.4189    174.253    35.2245    22.0934    170.772      1.742    29.4142 -9.990e-29
    654.000      1.703    29.4135   5.805709     0.0220   -80.0000     0.1429 1.1797e-01     2.4207    174.367    35.2227    22.0925    170.962      1.694    29.4131 -9.990e-29
    654.250      1.643    29.4196   5.805528     0.0220   280.0000     0.1368 1.1797e-01     2.4238    174.261    35.2170    22.0862    171.256      1.634    29.4192 -9.990e-29
    654.500      1.578    29.4290   5.808240     0.0073  -270.0000     0.1365 1.1810e-01     2.4245    174.335    35.2287    22.0918    171.242      1.569    29.4286 -9.990e-29
    654.750      1.532    29.4362   5.809438    -0.0588  -220.0000     0.1366 1.1805e-01     2.4249    174.273    35.2316    22.0915    171.189      1.524    29.4358 -9.990e-29
    655.000      1.531    29.4366   5.809067     0.0220    30.0000     0.1366 1.1807e-01     2.4256    174.425    35.2288    22.0893    171.155      1.523    29.4362 -9.990e-29
