cruises/P45_06/L2/CTD/Derived_Parameter/P45_06_CTD_11_der.cnv
* Sea-Bird SBE19plus  Data File:
* FileName = C:\Users\OA_2023-03\Desktop\Bathymetry\ctd_casts\S2_18_04_26001.hex
* Software version 2.3.0 SB_Terminal.dll
* Temperature SN = 8460
* Conductivity SN = 8460
* System UpLoad Time = Apr 18 2026 16:37:44
* <ApplicationData>
* <SeatermAF>
** cast at s3
# nquan = 16                                
# nvalues = 4802                        
# units = specified
# name 0 = timeS: Time, Elapsed [seconds]
# name 1 = prdM: Pressure, Strain Gauge [db]
# name 2 = tv290C: Temperature [ITS-90, deg C]
# name 3 = c0S/m: Conductivity [S/m]
# name 4 = flECO-AFL: Fluorescence, WET Labs ECO-AFL/FL [mg/m^3]
# name 5 = flECO-AFL1: Fluorescence, WET Labs ECO-AFL/FL, 2 [mg/m^3]
# name 6 = CStarAt0: Beam Attenuation, WET Labs C-Star [1/m]
# name 7 = par/sat/log: PAR/Logarithmic, Satlantic [umol photons/m^2/sec]
# name 8 = sbeox0V: Oxygen raw, SBE 43 [V]
# name 9 = sbeox0Mm/L: Oxygen, SBE 43 [umol/l]
# name 10 = sal00: Salinity, Practical [PSU]
# name 11 = sigma-é00: Density [sigma-theta, kg/m^3]
# name 12 = sbox0Mm/Kg: Oxygen, SBE 43 [umol/kg], WS = 2
# name 13 = depSM: Depth [salt water, m], lat = 5.51
# name 14 = potemp090C: Potential Temperature [ITS-90, deg C]
# name 15 = flag: flag
# span 0 =      0.000,   1200.250       
# span 1 =     -0.094,    199.110       
# span 2 =    14.0680,    29.9585       
# span 3 =  -0.626929,   5.890303       
# span 4 =   -82.6239,    29.9382       
# span 5 = -2.047e+05, 1.4700e+05       
# span 6 =     0.0148,    55.2620       
# span 7 = 1.1782e-01, 3.7805e+03       
# span 8 =     1.0321,     2.7578       
# span 9 =     63.551,    238.883       
# span 10 =     0.0000,    35.9088      
# span 11 =    -4.3009,    26.4889      
# span 12 =     62.083,    248.453      
# span 13 =     -0.093,    197.911      
# span 14 =    14.0390,    29.9581      
# span 15 = 0.0000e+00, 0.0000e+00      
# interval = seconds: 0.25
# start_time = Apr 18 2026 13:32:54 [Instrument's time stamp, header]
# bad_flag = -9.990e-29
*END*
[from data line 2893]
    723.250    176.233    15.2403   4.383072    -0.0073    60.0000     0.0155 1.1810e-01     1.1922     79.539    35.5430    26.3435     80.649    175.182    15.2132 0.0000e+00
    723.500    175.957    15.2458   4.383337    -0.0220   140.0000     0.0155 1.1815e-01     1.1931     79.609    35.5405    26.3403     80.664    174.907    15.2188 0.0000e+00
    723.750    175.685    15.2549   4.384631    -0.0147   200.0000     0.0155 1.1820e-01     1.1943     79.947    35.5442    26.3411     80.710    174.637    15.2279 0.0000e+00
    724.000    175.456    15.2665   4.386183     0.0000    30.0000     0.0154 1.1825e-01     1.1945     80.053    35.5478    26.3413     80.660    174.409    15.2395 0.0000e+00
    724.250    175.289    15.2780   4.387841    -0.0073    60.0000     0.0157 1.1815e-01     1.1966     79.961    35.5525    26.3424     80.842    174.244    15.2510 0.0000e+00
    724.500    175.187    15.2886   4.388883     0.0000   170.0000     0.0157 1.1820e-01     1.1967     80.357    35.5524    26.3399     80.842    174.142    15.2616 0.0000e+00
    724.750    175.141    15.3058   4.389835     0.0294   120.0000     0.0159 1.1820e-01     1.1973     80.671    35.5455    26.3308     80.882    174.097    15.2788 -9.990e-29
    725.000    175.134    15.3248   4.393159     0.0000  -190.0000     0.0154 1.1807e-01     1.1994     80.791    35.5584    26.3365     81.117    174.090    15.2978 -9.990e-29
    725.250    175.110    15.3409   4.395329    -0.0147   120.0000     0.0153 1.1815e-01     1.1996     80.628    35.5635    26.3368     81.036    174.066    15.3139 0.0000e+00
    725.500    175.036    15.3501   4.396574     0.0073   170.0000     0.0153 1.1830e-01     1.2008     80.706    35.5665    26.3371     81.179    173.992    15.3231 0.0000e+00
    725.750    174.888    15.3607   4.396154    -0.0147    90.0000     0.0149 1.1802e-01     1.2016     80.748    35.5532    26.3244     81.205    173.845    15.3337 0.0000e+00
    726.000    174.654    15.3735   4.398121     0.0000    90.0000     0.0151 1.1822e-01     1.2028     80.949    35.5595    26.3264     81.244    173.613    15.3465 0.0000e+00
    726.250    174.350    15.3861   4.399914     0.0220   200.0000     0.0155 1.1815e-01     1.2028     81.009    35.5644    26.3274     81.230    173.311    15.3591 0.0000e+00
    726.500    174.004    15.3975   4.401216     0.0220    60.0000     0.0159 1.1815e-01     1.2040     81.054    35.5660    26.3261     81.308    172.967    15.3706 0.0000e+00
    726.750    173.671    15.4054   4.402169     0.0073   120.0000     0.0151 1.1807e-01     1.2043     81.151    35.5677    26.3255     81.299    172.636    15.3785 0.0000e+00
    727.000    173.362    15.4110   4.402526     0.0220    90.0000     0.0151 1.1817e-01     1.2051     81.278    35.5659    26.3230     81.380    172.329    15.3842 0.0000e+00
    727.250    173.136    15.4159   4.402932     0.0147    90.0000     0.0148 1.1810e-01     1.2061     81.599    35.5653    26.3213     81.517    172.104    15.3891 0.0000e+00
    727.500    172.991    15.4208   4.403534     0.0000   120.0000     0.0154 1.1820e-01     1.2065     81.839    35.5663    26.3211     81.584    171.960    15.3940 0.0000e+00
    727.750    172.938    15.4272   4.403892     0.0000    60.0000     0.0149 1.1820e-01     1.2070     81.914    35.5638    26.3177     81.645    171.908    15.4004 -9.990e-29
    728.000    172.927    15.4348   4.405118     0.0000    30.0000     0.0151 1.1820e-01     1.2080     82.212    35.5680    26.3192     81.719    171.897    15.4080 -9.990e-29
    728.250    172.921    15.4407   4.406022    -0.0367   120.0000     0.0151 1.1815e-01     1.2087     82.477    35.5709    26.3201     81.731    171.891    15.4139 -9.990e-29
    728.500    172.863    15.4439   4.406365    -0.0367   140.0000     0.0158 1.1815e-01     1.2102     82.590    35.5711    26.3195     81.783    171.833    15.4171 0.0000e+00
    728.750    172.741    15.4464   4.406246     0.0147   200.0000     0.0167 1.1802e-01     1.2102     82.747    35.5678    26.3164     81.710    171.712    15.4196 0.0000e+00
    729.000    172.547    15.4502   4.406694     0.0000  -110.0000     0.0164 1.1805e-01     1.2106     82.701    35.5685    26.3161     81.617    171.519    15.4234 0.0000e+00
    729.250    172.294    15.4547   4.407416    -0.0147   120.0000     0.0158 1.1812e-01     1.2106     82.890    35.5711    26.3171     81.603    171.268    15.4280 0.0000e+00
    729.500    172.006    15.4592   4.407885     0.0000   170.0000     0.0155 1.1815e-01     1.2096     82.818    35.5714    26.3163     81.468    170.982    15.4325 0.0000e+00
    729.750    171.710    15.4632   4.408425    -0.0147    90.0000     0.0155 1.1812e-01     1.2109     82.804    35.5727    26.3164     81.650    170.687    15.4365 0.0000e+00
    730.000    171.409    15.4660   4.408719     0.0000    90.0000     0.0168 1.1820e-01     1.2102     82.992    35.5730    26.3160     81.625    170.388    15.4394 0.0000e+00
    730.250    171.131    15.4685   4.408929     0.0000   170.0000     0.0166 1.1815e-01     1.2122     82.968    35.5727    26.3152     81.907    170.112    15.4419 0.0000e+00
    730.500    170.891    15.4709   4.409167    -0.0147   170.0000     0.0170 1.1825e-01     1.2123     83.106    35.5728    26.3147     81.967    169.874    15.4444 0.0000e+00
    730.750    170.712    15.4735   4.409476     0.0294   200.0000     0.0156 1.1810e-01     1.2122     83.194    35.5733    26.3145     81.895    169.696    15.4470 0.0000e+00
    731.000    170.592    15.4769   4.409798    -0.0073   170.0000     0.0156 1.1810e-01     1.2132     83.362    35.5732    26.3137     81.971    169.577    15.4504 0.0000e+00
    731.250    170.538    15.4808   4.410359     0.0220   140.0000     0.0153 1.1805e-01     1.2132     83.281    35.5748    26.3140     81.887    169.523    15.4543 -9.990e-29
    731.500    170.525    15.4836   4.410842     0.0220    90.0000     0.0156 1.1815e-01     1.2139     83.427    35.5766    26.3148     81.946    169.510    15.4571 -9.990e-29
    731.750    170.536    15.4859   4.411018     0.0000   120.0000     0.0159 1.1812e-01     1.2139     83.400    35.5761    26.3139     81.932    169.521    15.4594 -9.990e-29
    732.000    170.551    15.4870   4.411109     0.0000    60.0000     0.0160 1.1815e-01     1.2137     83.424    35.5759    26.3135     81.874    169.536    15.4605 -9.990e-29
    732.250    170.541    15.4880   4.411165     0.0000    90.0000     0.0157 1.1815e-01     1.2145     83.554    35.5756    26.3130     81.963    169.526    15.4615 -9.990e-29
    732.500    170.498    15.4883   4.411165     0.0220    60.0000     0.0153 1.1812e-01     1.2142     83.557    35.5753    26.3127     81.905    169.483    15.4618 0.0000e+00
    732.750    170.390    15.4887   4.411137    -0.0073   -80.0000     0.0155 1.1815e-01     1.2147     83.592    35.5747    26.3122     82.013    169.376    15.4622 0.0000e+00
    733.000    170.236    15.4895   4.411284    -0.0220    30.0000     0.0155 1.1820e-01     1.2150     83.694    35.5754    26.3125     82.094    169.223    15.4630 0.0000e+00
    733.250    170.025    15.4906   4.411480     0.0294   230.0000     0.0153 1.1807e-01     1.2150     83.814    35.5763    26.3129     82.100    169.013    15.4642 0.0000e+00
    733.500    169.795    15.4915   4.411585     0.0147   -20.0000     0.0157 1.1810e-01     1.2151     84.017    35.5765    26.3129     82.141    168.785    15.4651 0.0000e+00
    733.750    169.559    15.4929   4.411676     0.0220   170.0000     0.0158 1.1815e-01     1.2161     84.022    35.5761    26.3123     82.224    168.550    15.4665 0.0000e+00
    734.000    169.331    15.4944   4.411914     0.0073   140.0000     0.0155 1.1810e-01     1.2166     84.030    35.5770    26.3126     82.298    168.324    15.4681 0.0000e+00
    734.250    169.131    15.4957   4.412090     0.0220   170.0000     0.0154 1.1828e-01     1.2168     83.965    35.5775    26.3127     82.338    168.125    15.4694 0.0000e+00
    734.500    168.964    15.4973   4.412300     0.0220    10.0000     0.0158 1.1810e-01     1.2170     83.720    35.5780    26.3128     82.373    167.959    15.4710 0.0000e+00
    734.750    168.824    15.4987   4.412503     0.0000    10.0000     0.0160 1.1815e-01     1.2168     83.802    35.5787    26.3129     82.316    167.820    15.4725 0.0000e+00
    735.000    168.709    15.5000   4.412629     0.0220   230.0000     0.0154 1.1810e-01     1.2178     83.585    35.5787    26.3126     82.491    167.705    15.4738 0.0000e+00
    735.250    168.613    15.5006   4.412720     0.0000  -220.0000     0.0155 1.1810e-01     1.2182     83.818    35.5790    26.3127     82.600    167.610    15.4744 0.0000e+00
    735.500    168.529    15.5012   4.412748     0.0147   -50.0000     0.0159 1.1810e-01     1.2189     83.833    35.5787    26.3124     82.729    167.527    15.4750 0.0000e+00
    735.750    168.443    15.5019   4.412776    -0.0220    90.0000     0.0155 1.1797e-01     1.2189     83.866    35.5784    26.3120     82.808    167.441    15.4757 0.0000e+00
    736.000    168.369    15.5026   4.412896     0.0147    10.0000     0.0155 1.1820e-01     1.2203     84.040    35.5789    26.3122     82.963    167.368    15.4764 0.0000e+00
    736.250    168.292    15.5039   4.412987     0.0220   140.0000     0.0156 1.1820e-01     1.2208     84.089    35.5785    26.3116     83.087    167.291    15.4777 0.0000e+00
    736.500    168.216    15.5052   4.413225    -0.0367   120.0000     0.0158 1.1815e-01     1.2213     84.236    35.5796    26.3121     83.180    167.216    15.4790 0.0000e+00
    736.750    168.136    15.5062   4.413365    -0.0147    60.0000     0.0151 1.1825e-01     1.2228     84.165    35.5799    26.3122     83.363    167.136    15.4801 0.0000e+00
    737.000    168.049    15.5071   4.413435     0.0147    90.0000     0.0151 1.1820e-01     1.2228     84.107    35.5798    26.3119     83.332    167.050    15.4810 0.0000e+00
    737.250    167.943    15.5078   4.413526    -0.0073   170.0000     0.0151 1.1812e-01     1.2245     84.117    35.5800    26.3119     83.569    166.944    15.4817 0.0000e+00
    737.500    167.827    15.5091   4.413583     0.0073   170.0000     0.0149 1.1817e-01     1.2251     84.070    35.5794    26.3111     83.601    166.829    15.4830 0.0000e+00
    737.750    167.685    15.5111   4.413821     0.0147   -20.0000     0.0153 1.1810e-01     1.2254     84.113    35.5798    26.3110     83.588    166.688    15.4850 0.0000e+00
    738.000    167.525    15.5142   4.414122     0.0000   140.0000     0.0155 1.1817e-01     1.2263     84.115    35.5798    26.3103     83.738    166.529    15.4881 0.0000e+00
    738.250    167.350    15.5182   4.414683     0.0000   140.0000     0.0152 1.1815e-01     1.2277     84.103    35.5813    26.3105     83.849    166.355    15.4922 0.0000e+00
    738.500    167.164    15.5224   4.415230     0.0147   230.0000     0.0155 1.1817e-01     1.2275     84.091    35.5825    26.3105     83.818    166.170    15.4964 0.0000e+00
    738.750    166.972    15.5282   4.415707    -0.0294   170.0000     0.0160 1.1822e-01     1.2284     84.245    35.5817    26.3085     83.957    165.980    15.5022 0.0000e+00
    739.000    166.760    15.5338   4.416542    -0.0220   140.0000     0.0155 1.1820e-01     1.2301     84.345    35.5842    26.3092     84.062    165.769    15.5078 0.0000e+00
    739.250    166.533    15.5393   4.417201    -0.0220   -20.0000     0.0155 1.1828e-01     1.2301     84.373    35.5853    26.3088     83.985    165.543    15.5134 0.0000e+00
    739.500    166.298    15.5449   4.417678     0.0220    60.0000     0.0153 1.1822e-01     1.2307     84.409    35.5846    26.3070     84.028    165.310    15.5190 0.0000e+00
    739.750    166.073    15.5521   4.418393     0.0147   120.0000     0.0155 1.1820e-01     1.2323     84.337    35.5847    26.3054     84.146    165.086    15.5262 0.0000e+00
    740.000    165.873    15.5602   4.419530     0.0294   170.0000     0.0155 1.1815e-01     1.2313     84.474    35.5877    26.3059     83.948    164.887    15.5343 0.0000e+00
    740.250    165.732    15.5688   4.420463     0.0000   200.0000     0.0154 1.1825e-01     1.2320     84.527    35.5884    26.3045     84.006    164.747    15.5430 0.0000e+00
    740.500    165.656    15.5771   4.421417     0.0220    60.0000     0.0153 1.1822e-01     1.2326     84.609    35.5895    26.3035     84.006    164.672    15.5513 0.0000e+00
    740.750    165.627    15.5840   4.422336     0.0220   120.0000     0.0151 1.1815e-01     1.2333     84.567    35.5916    26.3036     84.034    164.643    15.5582 -9.990e-29
    741.000    165.625    15.5892   4.422828    -0.0367   140.0000     0.0152 1.1817e-01     1.2335     84.792    35.5914    26.3022     84.046    164.641    15.5634 -9.990e-29
    741.250    165.609    15.5920   4.423185    -0.0441   120.0000     0.0155 1.1815e-01     1.2337     84.902    35.5920    26.3021     84.098    164.625    15.5662 0.0000e+00
    741.500    165.541    15.5926   4.423185     0.0367    90.0000     0.0151 1.1807e-01     1.2337     85.012    35.5915    26.3016     84.094    164.558    15.5668 0.0000e+00
    741.750    165.409    15.5941   4.422855     0.0000   140.0000     0.0159 1.1830e-01     1.2341     85.264    35.5873    26.2979     84.134    164.426    15.5683 0.0000e+00
    742.000    165.208    15.5960   4.423333    -0.0220   120.0000     0.0155 1.1820e-01     1.2337     85.247    35.5899    26.2995     84.096    164.227    15.5702 0.0000e+00
    742.250    164.950    15.5979   4.423606     0.0220   170.0000     0.0158 1.1815e-01     1.2360     85.512    35.5908    26.2998     84.364    163.970    15.5721 0.0000e+00
    742.500    164.646    15.5994   4.423753     0.0000   140.0000     0.0167 1.1810e-01     1.2356     85.616    35.5909    26.2995     84.319    163.668    15.5737 0.0000e+00
    742.750    164.324    15.6012   4.423936    -0.0073    90.0000     0.0162 1.1825e-01     1.2357     85.654    35.5910    26.2992     84.319    163.348    15.5755 0.0000e+00
    743.000    164.004    15.6029   4.424111    -0.0588    60.0000     0.0159 1.1820e-01     1.2360     85.729    35.5912    26.2989     84.318    163.030    15.5773 0.0000e+00
    743.250    163.705    15.6044   4.424230    -0.0220   120.0000     0.0155 1.1807e-01     1.2362     85.930    35.5910    26.2984     84.236    162.733    15.5788 0.0000e+00
    743.500    163.436    15.6060   4.424385     0.0294    60.0000     0.0151 1.1817e-01     1.2367     85.873    35.5911    26.2981     84.347    162.466    15.5805 0.0000e+00
    743.750    163.192    15.6087   4.424623     0.0073   120.0000     0.0153 1.1812e-01     1.2372     85.925    35.5909    26.2974     84.369    162.223    15.5832 0.0000e+00
    744.000    162.983    15.6140   4.425009     0.0073   -80.0000     0.0154 1.1822e-01     1.2371     86.185    35.5897    26.2952     84.322    162.016    15.5885 0.0000e+00
    744.250    162.796    15.6190   4.426238     0.0220    60.0000     0.0159 1.1805e-01     1.2370     86.130    35.5963    26.2992     84.229    161.830    15.5936 0.0000e+00
    744.500    162.627    15.6218   4.426511     0.0220    10.0000     0.0153 1.1815e-01     1.2380     86.183    35.5963    26.2985     84.313    161.662    15.5964 0.0000e+00
    744.750    162.486    15.6265   4.426448     0.0147   120.0000     0.0151 1.1822e-01     1.2373     86.411    35.5916    26.2938     84.195    161.522    15.6011 0.0000e+00
    745.000    162.366    15.6326   4.427438    -0.0073   250.0000     0.0161 1.1812e-01     1.2377     86.196    35.5950    26.2951     84.272    161.403    15.6072 0.0000e+00
    745.250    162.270    15.6376   4.428309     0.0000  -110.0000     0.0166 1.1825e-01     1.2370     86.215    35.5984    26.2966     84.174    161.307    15.6122 0.0000e+00
    745.500    162.194    15.6418   4.428575     0.0294  -110.0000     0.0164 1.1815e-01     1.2378     86.251    35.5970    26.2946     84.263    161.232    15.6164 0.0000e+00
