cruises/P45_06/L2/CTD/Derived_Parameter/P45_06_CTD_06_der.cnv
* Sea-Bird SBE19plus  Data File:
* FileName = C:\Users\OA_2023-03\Desktop\Bathymetry\ctd_casts\P3_16_04-25002.hex
* Software version 2.3.0 SB_Terminal.dll
* Temperature SN = 8460
* Conductivity SN = 8460
* System UpLoad Time = Apr 16 2026 15:33:25
* <ApplicationData>
* <SeatermAF>
# nquan = 16                                
# nvalues = 4320                        
# units = specified
# name 0 = timeS: Time, Elapsed [seconds]
# name 1 = prdM: Pressure, Strain Gauge [db]
# name 2 = tv290C: Temperature [ITS-90, deg C]
# name 3 = c0S/m: Conductivity [S/m]
# name 4 = flECO-AFL: Fluorescence, WET Labs ECO-AFL/FL [mg/m^3]
# name 5 = flECO-AFL1: Fluorescence, WET Labs ECO-AFL/FL, 2 [mg/m^3]
# name 6 = CStarAt0: Beam Attenuation, WET Labs C-Star [1/m]
# name 7 = par/sat/log: PAR/Logarithmic, Satlantic [umol photons/m^2/sec]
# name 8 = sbeox0V: Oxygen raw, SBE 43 [V]
# name 9 = sbeox0Mm/L: Oxygen, SBE 43 [umol/l]
# name 10 = sal00: Salinity, Practical [PSU]
# name 11 = sigma-é00: Density [sigma-theta, kg/m^3]
# name 12 = sbox0Mm/Kg: Oxygen, SBE 43 [umol/kg], WS = 2
# name 13 = depSM: Depth [salt water, m], lat = 5.51
# name 14 = potemp090C: Potential Temperature [ITS-90, deg C]
# name 15 = flag: flag
# span 0 =      0.000,   1079.750       
# span 1 =     -0.074,    168.084       
# span 2 =    15.8925,    31.9941       
# span 3 =   0.000012,   5.877904       
# span 4 =   -48.7708,    29.9382       
# span 5 = -3.024e+05, 40750.0000       
# span 6 =    -0.1114,    20.0947       
# span 7 = 1.1766e-01, 3.5613e+03       
# span 8 =     1.2441,     2.7525       
# span 9 =     86.457,    230.187       
# span 10 =     0.0142,    35.8929      
# span 11 =    -4.9596,    26.2666      
# span 12 =     84.385,    237.546      
# span 13 =     -0.074,    167.084      
# span 14 =    15.8659,    31.9941      
# span 15 = 0.0000e+00, 0.0000e+00      
# interval = seconds: 0.25
# start_time = Apr 16 2026 14:33:22 [Instrument's time stamp, header]
# bad_flag = -9.990e-29
*END*
[from data line 814]
    203.500      1.750    29.8081   5.833341     0.0073   -50.0000     0.0733 8.4257e+02     2.5428    184.841    35.1227    21.8838    180.162      1.740    29.8077 -9.990e-29
    203.750      1.805    29.8064   5.833341     0.0147    30.0000     0.0732 7.2857e+02     2.5417    184.791    35.1240    21.8853    180.080      1.795    29.8060 -9.990e-29
    204.000      1.863    29.8009   5.831991     0.0294    30.0000     0.0733 9.5935e+02     2.5404    184.791    35.1188    21.8833    180.073      1.853    29.8004 -9.990e-29
    204.250      1.916    29.7956   5.830790     0.0220   200.0000     0.0739 8.0585e+02     2.5383    184.764    35.1145    21.8818    180.032      1.905    29.7951 -9.990e-29
    204.500      1.976    29.7917   5.830711     0.0367    10.0000     0.0713 7.8945e+02     2.5391    184.712    35.1167    21.8849    180.207      1.965    29.7912 -9.990e-29
    204.750      2.030    29.7878   5.830380     0.0294   170.0000     0.0719 5.8027e+02     2.5400    184.646    35.1173    21.8866    180.402      2.019    29.7873 -9.990e-29
    205.000      2.065    29.7858   5.829961     0.0441    30.0000     0.0719 6.7573e+02     2.5412    184.596    35.1159    21.8863    180.619      2.054    29.7853 -9.990e-29
    205.250      2.057    29.7858   5.830040     0.0000   170.0000     0.0726 7.1886e+02     2.5422    184.525    35.1165    21.8867    180.761      2.046    29.7853 -9.990e-29
    205.500      2.010    29.7863   5.830412     0.0220    60.0000     0.0731 8.0812e+02     2.5420    184.285    35.1186    21.8881    180.704      1.999    29.7858 -9.990e-29
    205.750      1.928    29.7862   5.830325     0.0000   140.0000     0.0730 5.9773e+02     2.5436    183.917    35.1181    21.8878    180.787      1.917    29.7857 -9.990e-29
    206.000      1.826    29.7894   5.830190     0.0220    10.0000     0.0725 6.1558e+02     2.5451    183.742    35.1149    21.8843    180.827      1.816    29.7889 -9.990e-29
    206.250      1.721    29.7929   5.831312     0.0220    60.0000     0.0720 4.7545e+02     2.5452    183.618    35.1200    21.8869    180.740      1.711    29.7925 -9.990e-29
    206.500      1.635    29.7942   5.831501     0.0220   170.0000     0.0717 5.8747e+02     2.5446    183.688    35.1204    21.8867    180.599      1.626    29.7938 -9.990e-29
    206.750      1.601    29.7970   5.831304     0.0220   120.0000     0.0762 6.1744e+02     2.5439    183.886    35.1170    21.8833    180.437      1.592    29.7966 -9.990e-29
    207.000      1.643    29.8081   5.831991     0.0220    60.0000     0.0760 4.6911e+02     2.5426    184.155    35.1136    21.8769    180.243      1.634    29.8077 -9.990e-29
    207.250      1.757    29.8161   5.834731     0.0367   120.0000     0.0760 3.7460e+02     2.5422    184.431    35.1264    21.8838    180.187      1.747    29.8157 -9.990e-29
    207.500      1.919    29.8148   5.834542     0.0367  -110.0000     0.0763 4.4499e+02     2.5410    184.806    35.1260    21.8839    180.140      1.908    29.8143 -9.990e-29
    207.750      2.059    29.8098   5.832820     0.0367   280.0000     0.0746 4.3425e+02     2.5403    185.057    35.1179    21.8796    180.155      2.048    29.8093 -9.990e-29
    208.000      2.150    29.8064   5.832030     0.0220    90.0000     0.0749 4.5188e+02     2.5402    185.101    35.1150    21.8786    180.213      2.138    29.8059 -9.990e-29
    208.250      2.179    29.8037   5.832062     0.0220    90.0000     0.0753 5.2349e+02     2.5407    184.893    35.1171    21.8811    180.335      2.167    29.8032 -9.990e-29
    208.500      2.143    29.8045   5.831841     0.0147   140.0000     0.0732 5.1296e+02     2.5413    184.664    35.1151    21.8793    180.466      2.131    29.8040 -9.990e-29
    208.750      2.044    29.8068   5.832599     0.0294   170.0000     0.0727 3.4429e+02     2.5410    184.418    35.1186    21.8811    180.467      2.033    29.8063 -9.990e-29
    209.000      1.908    29.8094   5.832962     0.0220   -50.0000     0.0729 3.4721e+02     2.5410    184.141    35.1192    21.8807    180.453      1.897    29.8089 -9.990e-29
    209.250      1.763    29.8122   5.833191     0.0220   230.0000     0.0739 4.1362e+02     2.5429    183.782    35.1187    21.8794    180.582      1.753    29.8118 -9.990e-29
    209.500      1.637    29.8149   5.833530     0.0220   -50.0000     0.0742 4.4857e+02     2.5439    183.756    35.1191    21.8787    180.621      1.628    29.8145 -9.990e-29
    209.750      1.575    29.8179   5.833831     0.0220   120.0000     0.0736 3.5688e+02     2.5439    183.838    35.1190    21.8776    180.546      1.566    29.8175 -9.990e-29
    210.000      1.590    29.8250   5.834202     0.0000   -50.0000     0.0739 5.4652e+02     2.5433    184.028    35.1163    21.8732    180.418      1.581    29.8246 -9.990e-29
    210.250      1.661    29.8396   5.835932     0.0294   -20.0000     0.0710 6.6687e+02     2.5428    184.228    35.1174    21.8691    180.283      1.652    29.8392 -9.990e-29
    210.500      1.775    29.8516   5.838705     0.0147   -20.0000     0.0708 8.0289e+02     2.5424    184.275    35.1275    21.8725    180.205      1.765    29.8512 -9.990e-29
    210.750      1.901    29.8463   5.839044     0.0220    10.0000     0.0715 5.5438e+02     2.5407    184.490    35.1336    21.8789    180.106      1.890    29.8458 -9.990e-29
    211.000      2.010    29.8396   5.834881     0.0220   200.0000     0.0716 4.9155e+02     2.5414    184.726    35.1102    21.8637    180.280      1.999    29.8391 -9.990e-29
    211.250      2.066    29.8349   5.835442     0.0147    60.0000     0.0721 4.3144e+02     2.5420    184.807    35.1174    21.8707    180.413      2.055    29.8344 -9.990e-29
    211.500      2.090    29.8313   5.834952     0.0220    10.0000     0.0717 4.5581e+02     2.5424    184.739    35.1167    21.8714    180.512      2.078    29.8308 -9.990e-29
    211.750      2.070    29.8269   5.834802     0.0147    90.0000     0.0717 5.8468e+02     2.5429    184.619    35.1189    21.8745    180.604      2.059    29.8264 -9.990e-29
    212.000      2.013    29.8269   5.834012     0.0220    60.0000     0.0716 5.5534e+02     2.5437    184.425    35.1135    21.8705    180.654      2.002    29.8264 -9.990e-29
    212.250      1.926    29.8295   5.834952     0.0220    30.0000     0.0716 4.0084e+02     2.5449    184.313    35.1181    21.8730    180.704      1.915    29.8290 -9.990e-29
    212.500      1.841    29.8331   5.835513     0.0294   170.0000     0.0717 4.6457e+02     2.5449    184.121    35.1193    21.8727    180.644      1.831    29.8326 -9.990e-29
    212.750      1.764    29.8348   5.835963     0.0220    60.0000     0.0729 6.8190e+02     2.5452    183.945    35.1211    21.8735    180.621      1.754    29.8344 -9.990e-29
    213.000      1.713    29.8360   5.835781     0.0220   230.0000     0.0725 4.3887e+02     2.5448    183.881    35.1190    21.8715    180.555      1.703    29.8356 -9.990e-29
    213.250      1.699    29.8371   5.835813     0.0367    10.0000     0.0722 5.1307e+02     2.5442    183.933    35.1184    21.8707    180.509      1.690    29.8367 -9.990e-29
    213.500      1.711    29.8376   5.836002    -0.0073    30.0000     0.0719 4.2239e+02     2.5439    184.038    35.1194    21.8712    180.498      1.702    29.8372 -9.990e-29
    213.750      1.757    29.8360   5.836034     0.0294   140.0000     0.0717 4.5335e+02     2.5442    184.068    35.1207    21.8728    180.527      1.747    29.8356 -9.990e-29
    214.000      1.821    29.8344   5.835291     0.0220   140.0000     0.0722 3.7590e+02     2.5446    184.126    35.1168    21.8704    180.541      1.811    29.8340 -9.990e-29
    214.250      1.890    29.8338   5.835331     0.0220   230.0000     0.0796 7.2637e+02     2.5460    184.378    35.1175    21.8711    180.621      1.880    29.8333 -9.990e-29
    214.500      1.946    29.8334   5.835513     0.0000    90.0000     0.0794 4.2202e+02     2.5455    184.553    35.1190    21.8724    180.493      1.935    29.8329 -9.990e-29
    214.750      1.971    29.8322   5.835347     0.0220   140.0000     0.0796 3.2287e+02     2.5446    184.599    35.1188    21.8726    180.330      1.960    29.8317 -9.990e-29
    215.000      1.979    29.8316   5.835252     0.0294   170.0000     0.0729 4.2753e+02     2.5426    184.542    35.1186    21.8727    180.108      1.968    29.8311 -9.990e-29
    215.250      1.968    29.8321   5.835181     0.0367   140.0000     0.0731 4.3963e+02     2.5417    184.465    35.1177    21.8719    179.994      1.957    29.8316 -9.990e-29
    215.500      1.953    29.8330   5.835481     0.0294   140.0000     0.0730 4.8753e+02     2.5398    184.389    35.1191    21.8726    179.871      1.942    29.8325 -9.990e-29
    215.750      1.940    29.8331   5.835513     0.0220   -80.0000     0.0732 4.0634e+02     2.5389    184.158    35.1192    21.8727    179.868      1.929    29.8326 -9.990e-29
    216.000      1.944    29.8334   5.835481     0.0367    60.0000     0.0737 3.7630e+02     2.5394    184.170    35.1188    21.8722    180.010      1.933    29.8329 -9.990e-29
    216.250      1.951    29.8335   5.835481     0.0073   120.0000     0.0736 2.7362e+02     2.5384    184.179    35.1187    21.8721    180.036      1.940    29.8330 -9.990e-29
    216.500      1.944    29.8331   5.835663     0.0294    60.0000     0.0739 3.8503e+02     2.5393    184.216    35.1203    21.8734    180.187      1.933    29.8326 -9.990e-29
    216.750      1.924    29.8289   5.835402     0.0367  -110.0000     0.0727 3.7355e+02     2.5396    184.300    35.1216    21.8758    180.243      1.913    29.8284 -9.990e-29
    217.000      1.877    29.8252   5.834083     0.0367   230.0000     0.0725 3.3200e+02     2.5403    184.450    35.1153    21.8724    180.310      1.867    29.8247 -9.990e-29
    217.250      1.811    29.8258   5.834202     0.0147   120.0000     0.0722 4.7339e+02     2.5426    184.644    35.1157    21.8725    180.505      1.801    29.8254 -9.990e-29
    217.500      1.737    29.8279   5.834913     0.0220   230.0000     0.0751 3.0960e+02     2.5415    184.699    35.1190    21.8742    180.384      1.727    29.8275 -9.990e-29
    217.750      1.662    29.8295   5.835181    -0.0367   120.0000     0.0752 3.0114e+02     2.5411    184.752    35.1197    21.8742    180.333      1.653    29.8291 -9.990e-29
    218.000      1.639    29.8263   5.835347     0.0147   -80.0000     0.0750 3.1405e+02     2.5410    184.681    35.1231    21.8779    180.274      1.630    29.8259 -9.990e-29
    218.250      1.680    29.8158   5.833941     0.0220    60.0000     0.0754 3.7145e+02     2.5412    184.589    35.1212    21.8800    180.283      1.671    29.8154 -9.990e-29
    218.500      1.780    29.8086   5.831840     0.0367    60.0000     0.0761 7.9769e+02     2.5427    184.548    35.1122    21.8757    180.467      1.770    29.8082 -9.990e-29
    218.750      1.908    29.8051   5.832030    -0.0073    30.0000     0.0757 3.0336e+02     2.5428    184.563    35.1160    21.8797    180.480      1.897    29.8046 -9.990e-29
    219.000      2.029    29.8002   5.832204     0.0294    30.0000     0.0764 3.8404e+02     2.5409    184.588    35.1207    21.8850    180.306      2.018    29.7997 -9.990e-29
    219.250      2.113    29.7955   5.830861     0.0073   -50.0000     0.0741 4.1023e+02     2.5409    184.743    35.1150    21.8823    180.307      2.101    29.7950 -9.990e-29
    219.500      2.153    29.7926   5.830790     0.0220   230.0000     0.0740 4.2791e+02     2.5412    184.727    35.1166    21.8845    180.332      2.141    29.7921 -9.990e-29
    219.750      2.137    29.7912   5.830712     0.0441    90.0000     0.0741 5.2861e+02     2.5412    184.662    35.1171    21.8853    180.359      2.125    29.7907 -9.990e-29
    220.000      2.064    29.7913   5.830791    -0.0073    60.0000     0.0756 3.2140e+02     2.5410    184.452    35.1176    21.8856    180.382      2.053    29.7908 -9.990e-29
    220.250      1.957    29.7918   5.831091     0.0073   280.0000     0.0756 5.1551e+02     2.5409    184.319    35.1193    21.8867    180.365      1.946    29.7913 -9.990e-29
    220.500      1.829    29.7929   5.830901     0.0441    90.0000     0.0753 4.8574e+02     2.5412    184.055    35.1172    21.8848    180.406      1.819    29.7924 -9.990e-29
    220.750      1.717    29.7958   5.831304     0.0367    90.0000     0.0746 9.6226e+02     2.5410    183.875    35.1179    21.8843    180.394      1.707    29.7954 -9.990e-29
    221.000      1.649    29.7976   5.831880     0.0367   170.0000     0.0742 5.0568e+02     2.5415    183.870    35.1205    21.8857    180.460      1.640    29.7972 -9.990e-29
    221.250      1.631    29.7988   5.831762     0.0220   140.0000     0.0736 4.6326e+02     2.5412    183.741    35.1188    21.8840    180.472      1.622    29.7984 -9.990e-29
    221.500      1.655    29.7987   5.831801     0.0073   140.0000     0.0742 6.6400e+02     2.5423    183.864    35.1191    21.8843    180.581      1.646    29.7983 -9.990e-29
    221.750      1.706    29.7961   5.831588     0.0000   170.0000     0.0833 4.7135e+02     2.5423    183.969    35.1196    21.8855    180.582      1.697    29.7957 -9.990e-29
    222.000      1.773    29.7944   5.830830     0.0220   -20.0000     0.0831 7.1221e+02     2.5432    184.147    35.1156    21.8831    180.626      1.763    29.7940 -9.990e-29
    222.250      1.844    29.7957   5.831280     0.0294    90.0000     0.0831 7.8164e+02     2.5445    184.471    35.1177    21.8843    180.677      1.834    29.7952 -9.990e-29
    222.500      1.924    29.7945   5.831612     0.0147   -20.0000     0.0739 1.1471e+03     2.5439    184.451    35.1208    21.8870    180.571      1.913    29.7940 -9.990e-29
    222.750      1.995    29.7916   5.831051     0.0073   120.0000     0.0736 1.8366e+03     2.5434    184.437    35.1191    21.8867    180.523      1.984    29.7911 -9.990e-29
    223.000      2.046    29.7893   5.830411     0.0000    60.0000     0.0735 1.1296e+03     2.5422    184.426    35.1164    21.8855    180.396      2.035    29.7888 -9.990e-29
    223.250      2.075    29.7889   5.830491     0.0367   120.0000     0.0760 1.0992e+03     2.5412    184.440    35.1173    21.8862    180.305      2.063    29.7884 -9.990e-29
    223.500      2.062    29.7897   5.830641     0.0000    90.0000     0.0761 8.3495e+02     2.5418    184.574    35.1177    21.8863    180.391      2.051    29.7892 -9.990e-29
    223.750      2.018    29.7908   5.830901     0.0220  -190.0000     0.0760 1.0286e+03     2.5425    184.570    35.1187    21.8866    180.487      2.007    29.7903 -9.990e-29
    224.000      1.949    29.7917   5.831051     0.0073    10.0000     0.0762 2.4442e+03     2.5418    184.334    35.1191    21.8866    180.466      1.938    29.7912 -9.990e-29
    224.250      1.873    29.7920   5.831012     0.0661   170.0000     0.0758 1.7467e+03     2.5420    184.285    35.1186    21.8862    180.501      1.863    29.7915 -9.990e-29
    224.500      1.795    29.7930   5.831051     0.0220    30.0000     0.0759 5.2781e+02     2.5420    184.323    35.1182    21.8855    180.502      1.785    29.7926 -9.990e-29
    224.750      1.738    29.7945   5.831201     0.0220   -50.0000     0.0755 9.4106e+02     2.5423    184.315    35.1181    21.8849    180.543      1.728    29.7941 -9.990e-29
    225.000      1.716    29.7964   5.831541     0.0220    10.0000     0.0751 8.2258e+02     2.5429    184.279    35.1190    21.8850    180.606      1.706    29.7960 -9.990e-29
    225.250      1.729    29.7974   5.831730     0.0073   170.0000     0.0743 7.5668e+02     2.5429    184.239    35.1196    21.8851    180.578      1.719    29.7970 -9.990e-29
    225.500      1.775    29.8003   5.831659     0.0073    30.0000     0.0738 3.5434e+02     2.5436    184.253    35.1170    21.8821    180.599      1.765    29.7999 -9.990e-29
