cruises/P45_06/L2/CTD/Derived_Parameter/P45_06_CTD_05_der.cnv
* Sea-Bird SBE19plus  Data File:
* FileName = C:\Users\OA_2023-03\Desktop\Bathymetry\ctd_casts\proble cast 2002.hex
* Software version 2.3.0 SB_Terminal.dll
* Temperature SN = 8460
* Conductivity SN = 8460
* System UpLoad Time = Apr 16 2026 17:52:48
* <ApplicationData>
* <SeatermAF>
# nquan = 16                                
# nvalues = 5576                        
# units = specified
# name 0 = timeS: Time, Elapsed [seconds]
# name 1 = prdM: Pressure, Strain Gauge [db]
# name 2 = tv290C: Temperature [ITS-90, deg C]
# name 3 = c0S/m: Conductivity [S/m]
# name 4 = flECO-AFL: Fluorescence, WET Labs ECO-AFL/FL [mg/m^3]
# name 5 = flECO-AFL1: Fluorescence, WET Labs ECO-AFL/FL, 2 [mg/m^3]
# name 6 = CStarAt0: Beam Attenuation, WET Labs C-Star [1/m]
# name 7 = par/sat/log: PAR/Logarithmic, Satlantic [umol photons/m^2/sec]
# name 8 = sbeox0V: Oxygen raw, SBE 43 [V]
# name 9 = sbeox0Mm/L: Oxygen, SBE 43 [umol/l]
# name 10 = sal00: Salinity, Practical [PSU]
# name 11 = sigma-é00: Density [sigma-theta, kg/m^3]
# name 12 = sbox0Mm/Kg: Oxygen, SBE 43 [umol/kg], WS = 2
# name 13 = depSM: Depth [salt water, m], lat = 5.51
# name 14 = potemp090C: Potential Temperature [ITS-90, deg C]
# name 15 = flag: flag
# span 0 =      0.000,   1393.750       
# span 1 =     -0.125,     73.964       
# span 2 =    18.3364,    29.4507       
# span 3 =  -0.251727,   5.807033       
# span 4 =    -4.8477,     4.4584       
# span 5 =-85630.0000, 35270.0000       
# span 6 =     0.0545,    22.7930       
# span 7 = 1.1792e-01, 2.9764e+02       
# span 8 =     1.4314,     2.5962       
# span 9 =     97.389,    201.906       
# span 10 =     0.0000,    35.8723      
# span 11 =    -4.0172,    25.7863      
# span 12 =     95.663,    211.011      
# span 13 =     -0.124,     73.541      
# span 14 =    18.3235,    29.4502      
# span 15 = 0.0000e+00, 0.0000e+00      
# interval = seconds: 0.25
# start_time = Apr 16 2026 17:14:45 [Instrument's time stamp, header]
# bad_flag = -9.990e-29
*END*
[from data line 4159]
   1039.750     35.082    22.6170   5.162025     0.3085   250.0000     0.1130 3.5567e+00     2.2828    192.864    35.7846    24.6411    169.505     34.885    22.6099 -9.990e-29
   1040.000     35.173    22.6014   5.160392     0.3526   370.0000     0.1130 3.5544e+00     2.2611    192.699    35.7846    24.6455    166.677     34.975    22.5943 -9.990e-29
   1040.250     35.224    22.5870   5.158287     0.3599   250.0000     0.1125 3.5352e+00     2.2385    192.652    35.7800    24.6461    164.113     35.026    22.5799 -9.990e-29
   1040.500     35.258    22.5752   5.157187     0.3305   280.0000     0.1089 3.5498e+00     2.2167    192.561    35.7810    24.6503    162.052     35.060    22.5681 -9.990e-29
   1040.750     35.291    22.5693   5.156191     0.3673   450.0000     0.1091 3.5368e+00     2.1941    192.196    35.7781    24.6498    160.343     35.092    22.5622 -9.990e-29
   1041.000     35.346    22.5649   5.156558     0.3085   250.0000     0.1091 3.5040e+00     2.1749    192.009    35.7846    24.6560    159.360     35.147    22.5578 -9.990e-29
   1041.250     35.424    22.5617   5.155892     0.3526   250.0000     0.1125 3.4268e+00     2.1578    191.670    35.7820    24.6549    158.885     35.225    22.5546 -9.990e-29
   1041.500     35.547    22.5507   5.155892     0.3305   280.0000     0.1126 3.2429e+00     2.1444    191.350    35.7909    24.6649    159.028     35.347    22.5435 -9.990e-29
   1041.750     35.715    22.5129   5.153556     0.3599   310.0000     0.1123 3.0788e+00     2.1340    191.171    35.8037    24.6853    159.691     35.514    22.5057 -9.990e-29
   1042.000     35.904    22.4458   5.146731     0.3746   310.0000     0.1109 2.8605e+00     2.1278    191.039    35.8054    24.7058    160.797     35.702    22.4386 -9.990e-29
   1042.250     36.109    22.3735   5.136433     0.3819   390.0000     0.1111 2.6900e+00     2.1253    190.876    35.7842    24.7102    162.252     35.906    22.3663 -9.990e-29
   1042.500     36.318    22.3044   5.128939     0.3966   310.0000     0.1111 2.6200e+00     2.1270    190.956    35.7822    24.7284    163.839     36.114    22.2971 -9.990e-29
   1042.750     36.527    22.2405   5.122517     0.5729   390.0000     0.1110 2.6640e+00     2.1310    190.696    35.7843    24.7481    165.307     36.321    22.2332 -9.990e-29
   1043.000     36.702    22.1660   5.116277     0.5949   530.0000     0.1116 2.7638e+00     2.1352    190.394    35.7967    24.7786    166.398     36.495    22.1587 -9.990e-29
   1043.250     36.835    22.0361   5.107371     0.7051   890.0000     0.1119 2.8985e+00     2.1420    189.980    35.8339    24.8435    167.512     36.628    22.0288 -9.990e-29
   1043.500     36.937    21.9005   5.082899     0.9108  1090.0000     0.1117 2.9683e+00     2.1465    189.435    35.7527    24.8199    168.082     36.729    21.8932 -9.990e-29
   1043.750     37.009    21.8012   5.070114     0.9255  1000.0000     0.1185 2.9408e+00     2.1497    188.595    35.7337    24.8332    167.920     36.801    21.7939 -9.990e-29
   1044.000     37.082    21.7332   5.065486     0.9475  1000.0000     0.1184 2.9029e+00     2.1509    187.417    35.7533    24.8672    167.019     36.873    21.7259 -9.990e-29
   1044.250     37.184    21.6870   5.061669     0.8373  1140.0000     0.1181 2.7950e+00     2.1508    185.778    35.7613    24.8861    165.638     36.975    21.6797 -9.990e-29
   1044.500     37.347    21.6397   5.059619     0.9108  1090.0000     0.1154 2.6796e+00     2.1457    183.617    35.7843    24.9168    163.766     37.137    21.6324 -9.990e-29
   1044.750     37.575    21.5777   5.053338     0.8887  1000.0000     0.1154 2.4132e+00     2.1362    180.911    35.7858    24.9352    161.657     37.363    21.5704 -9.990e-29
   1045.000     37.846    21.5242   5.044871     0.9034  1060.0000     0.1151 2.0602e+00     2.1219    177.670    35.7628    24.9325    159.318     37.633    21.5168 -9.990e-29
   1045.250     38.107    21.4901   5.043189     0.8594   920.0000     0.1398 1.7911e+00     2.1058    174.214    35.7777    24.9533    157.041     37.892    21.4827 -9.990e-29
   1045.500     38.337    21.4698   5.043019     0.9181  1090.0000     0.1398 1.7321e+00     2.0913    170.864    35.7932    24.9707    155.360     38.121    21.4623 -9.990e-29
   1045.750     38.558    21.4574   5.044333     0.8006  1090.0000     0.1398 1.9526e+00     2.0778    167.504    35.8139    24.9900    154.178     38.341    21.4499 -9.990e-29
   1046.000     38.729    21.4476   5.045483     0.8447  1110.0000     0.1400 2.3301e+00     2.0647    164.755    35.8312    25.0059    153.350     38.511    21.4401 -9.990e-29
   1046.250     38.802    21.4443   5.045743     0.8814  1000.0000     0.1554 2.4751e+00     2.0522    162.613    35.8360    25.0104    152.720     38.583    21.4367 -9.990e-29
   1046.500     38.788    21.4455   5.046463     0.8887  1030.0000     0.1546 2.4559e+00     2.0415    161.331    35.8408    25.0137    152.275     38.569    21.4379 -9.990e-29
   1046.750     38.720    21.4452   5.046938     0.9181   920.0000     0.1555 2.4090e+00     2.0330    160.851    35.8449    25.0169    152.027     38.502    21.4377 -9.990e-29
   1047.000     38.646    21.4467   5.046567     0.9548   970.0000     0.1576 2.4137e+00     2.0260    161.238    35.8407    25.0133    151.843     38.428    21.4392 -9.990e-29
   1047.250     38.615    21.4464   5.046604     0.8961  1030.0000     0.1569 2.4532e+00     2.0205    162.350    35.8412    25.0138    151.640     38.397    21.4389 -9.990e-29
   1047.500     38.658    21.4454   5.045854     0.9402  1110.0000     0.1577 2.4226e+00     2.0156    164.159    35.8361    25.0102    151.319     38.440    21.4379 -9.990e-29
   1047.750     38.808    21.4358   5.045854     0.8520  1000.0000     0.1528 2.2704e+00     2.0102    166.379    35.8440    25.0189    150.750     38.589    21.4282 -9.990e-29
   1048.000     39.046    21.3907   5.044030     0.8153  1060.0000     0.1528 1.9471e+00     2.0040    168.535    35.8671    25.0489    150.036     38.826    21.3831 -9.990e-29
   1048.250     39.322    21.2924   5.033138     0.8741  1000.0000     0.1524 1.5936e+00     1.9968    170.981    35.8621    25.0722    149.271     39.100    21.2848 -9.990e-29
   1048.500     39.595    21.1976   5.012228     0.8006  1000.0000     0.1524 1.2543e+00     1.9899    173.063    35.7737    25.0310    148.574     39.372    21.1900 -9.990e-29
   1048.750     39.848    21.1389   5.006438     0.7639   920.0000     0.1477 1.1119e+00     1.9816    174.629    35.7763    25.0491    147.554     39.623    21.1312 -9.990e-29
   1049.000     40.082    21.1049   5.005471     0.8447  1060.0000     0.1478 1.2011e+00     1.9731    175.493    35.7969    25.0741    146.424     39.856    21.0972 -9.990e-29
   1049.250     40.318    21.0867   5.004393     0.7492   890.0000     0.1473 1.5649e+00     1.9637    175.704    35.8034    25.0841    145.252     40.091    21.0789 -9.990e-29
   1049.500     40.500    21.0746   5.004135     0.7418   920.0000     0.1403 1.8972e+00     1.9541    174.813    35.8114    25.0935    144.063     40.272    21.0668 -9.990e-29
   1049.750     40.609    21.0665   5.002960     0.7786   780.0000     0.1404 2.1231e+00     1.9439    172.968    35.8087    25.0937    142.951     40.380    21.0587 -9.990e-29
   1050.000     40.653    21.0624   5.002213     0.8300   950.0000     0.1403 2.0571e+00     1.9325    170.186    35.8061    25.0928    141.707     40.424    21.0546 -9.990e-29
   1050.250     40.671    21.0596   5.002428     0.8447   860.0000     0.1389 1.9526e+00     1.9231    166.879    35.8102    25.0967    140.751     40.442    21.0518 -9.990e-29
   1050.500     40.693    21.0572   5.002125     0.7712   970.0000     0.1390 1.9150e+00     1.9125    163.785    35.8098    25.0970    139.742     40.463    21.0494 -9.990e-29
   1050.750     40.744    21.0559   5.001726     0.8814   810.0000     0.1388 1.8651e+00     1.9041    160.981    35.8076    25.0958    139.087     40.514    21.0481 -9.990e-29
   1051.000     40.831    21.0548   5.001667     0.8153   860.0000     0.1390 1.8414e+00     1.8931    158.489    35.8080    25.0964    138.211     40.601    21.0470 -9.990e-29
   1051.250     40.971    21.0504   5.001490     0.7272   780.0000     0.1425 1.7757e+00     1.8842    156.429    35.8103    25.0993    137.568     40.740    21.0425 -9.990e-29
   1051.500     41.140    21.0409   5.000130     0.7272   730.0000     0.1427 1.6961e+00     1.8757    155.070    35.8072    25.0996    137.025     40.908    21.0330 -9.990e-29
   1051.750     41.331    21.0262   4.998112     0.7198   920.0000     0.1421 1.5799e+00     1.8693    154.403    35.8033    25.1006    136.715     41.098    21.0183 -9.990e-29
   1052.000     41.535    21.0094   4.995379     0.7051   860.0000     0.1404 1.4587e+00     1.8623    154.235    35.7953    25.0991    136.394     41.301    21.0014 -9.990e-29
   1052.250     41.749    20.9881   4.993378     0.8153   700.0000     0.1402 1.3538e+00     1.8564    154.375    35.7970    25.1062    136.098     41.513    20.9801 -9.990e-29
   1052.500     41.986    20.9672   4.989944     0.6978   810.0000     0.1401 1.2875e+00     1.8503    154.616    35.7867    25.1042    135.794     41.749    20.9592 -9.990e-29
   1052.750     42.224    20.9458   4.987641     0.7198   780.0000     0.1307 1.2578e+00     1.8454    154.776    35.7861    25.1095    135.589     41.986    20.9377 -9.990e-29
   1053.000     42.451    20.9255   4.984976     0.6904   700.0000     0.1309 1.2867e+00     1.8403    154.742    35.7815    25.1116    135.370     42.211    20.9174 -9.990e-29
   1053.250     42.679    20.9038   4.983420     0.6831   950.0000     0.1310 1.3200e+00     1.8355    154.420    35.7871    25.1218    135.177     42.438    20.8956 -9.990e-29
   1053.500     42.871    20.8812   4.980638     0.7051   950.0000     0.1310 1.3721e+00     1.8323    153.926    35.7836    25.1252    135.182     42.629    20.8730 -9.990e-29
   1053.750     43.019    20.8515   4.977865     0.7125   640.0000     0.1244 1.4549e+00     1.8294    153.078    35.7861    25.1352    135.195     42.776    20.8433 -9.990e-29
   1054.000     43.119    20.8198   4.973182     0.6831   590.0000     0.1246 1.4916e+00     1.8260    152.061    35.7749    25.1353    135.186     42.876    20.8116 -9.990e-29
   1054.250     43.190    20.7896   4.969865     0.6757   890.0000     0.1244 1.5189e+00     1.8239    150.840    35.7735    25.1424    135.247     42.946    20.7814 -9.990e-29
   1054.500     43.224    20.7665   4.966939     0.7051   810.0000     0.1269 1.5301e+00     1.8223    149.556    35.7692    25.1454    135.266     42.980    20.7583 -9.990e-29
   1054.750     43.233    20.7477   4.965621     0.7345   700.0000     0.1267 1.5619e+00     1.8204    148.211    35.7744    25.1545    135.266     42.989    20.7395 -9.990e-29
   1055.000     43.259    20.7336   4.963985     0.7712   810.0000     0.1268 1.5411e+00     1.8194    146.717    35.7730    25.1572    135.244     43.015    20.7254 -9.990e-29
   1055.250     43.306    20.7265   4.962932     0.7712   750.0000     0.1237 1.4951e+00     1.8178    145.493    35.7704    25.1572    135.154     43.061    20.7183 -9.990e-29
   1055.500     43.399    20.7204   4.963271     0.6831   890.0000     0.1242 1.4733e+00     1.8159    144.152    35.7783    25.1648    134.938     43.154    20.7122 -9.990e-29
   1055.750     43.544    20.7072   4.962454     0.6684   780.0000     0.1242 1.3477e+00     1.8159    143.192    35.7827    25.1718    134.902     43.298    20.6989 -9.990e-29
   1056.000     43.740    20.6865   4.959949     0.6978   730.0000     0.1214 1.2092e+00     1.8123    141.968    35.7798    25.1752    134.501     43.493    20.6782 -9.990e-29
   1056.250     43.950    20.6651   4.956886     0.6390   670.0000     0.1214 1.1131e+00     1.8126    141.084    35.7729    25.1757    134.511     43.702    20.6568 -9.990e-29
   1056.500     44.186    20.6487   4.954936     0.6757   730.0000     0.1215 1.0173e+00     1.8095    140.309    35.7708    25.1786    134.083     43.936    20.6403 -9.990e-29
   1056.750     44.422    20.6350   4.954045     0.7712   950.0000     0.1218 9.8459e-01     1.8068    139.887    35.7751    25.1855    133.661     44.171    20.6266 -9.990e-29
   1057.000     44.639    20.6224   4.953089     0.6464   700.0000     0.1201 1.0272e+00     1.8049    139.448    35.7779    25.1911    133.391     44.387    20.6140 -9.990e-29
   1057.250     44.821    20.6125   4.952110     0.7198   780.0000     0.1208 1.1242e+00     1.8022    139.138    35.7782    25.1940    132.978     44.568    20.6040 -9.990e-29
   1057.500     44.966    20.6043   4.951544     0.6243   890.0000     0.1206 1.2066e+00     1.7981    138.850    35.7805    25.1980    132.433     44.712    20.5958 -9.990e-29
   1057.750     45.059    20.5979   4.950977     0.7051   610.0000     0.1180 1.2108e+00     1.7949    138.671    35.7812    25.2003    131.906     44.804    20.5894 -9.990e-29
   1058.000     45.115    20.5933   4.950433     0.6684   700.0000     0.1187 1.2082e+00     1.7916    138.515    35.7807    25.2011    131.285     44.860    20.5848 -9.990e-29
   1058.250     45.137    20.5891   4.950241     0.6757   860.0000     0.1183 1.2245e+00     1.7885    138.290    35.7827    25.2037    130.655     44.882    20.5806 -9.990e-29
   1058.500     45.164    20.5859   4.949690     0.7345   810.0000     0.1198 1.2451e+00     1.7828    138.253    35.7809    25.2032    129.710     44.909    20.5774 -9.990e-29
   1058.750     45.213    20.5842   4.949454     0.6757   920.0000     0.1202 1.2258e+00     1.7772    138.205    35.7804    25.2033    128.686     44.958    20.5757 -9.990e-29
   1059.000     45.293    20.5828   4.949638     0.7272   750.0000     0.1197 1.1767e+00     1.7703    138.120    35.7830    25.2057    127.511     45.037    20.5742 -9.990e-29
   1059.250     45.402    20.5813   4.949388     0.6390   590.0000     0.1179 1.1167e+00     1.7628    138.175    35.7822    25.2055    126.253     45.145    20.5727 -9.990e-29
   1059.500     45.537    20.5771   4.949167     0.5949   640.0000     0.1180 1.0935e+00     1.7545    138.301    35.7839    25.2080    124.994     45.280    20.5685 -9.990e-29
   1059.750     45.697    20.5666   4.948402     0.6170   890.0000     0.1177 9.8161e-01     1.7453    138.365    35.7865    25.2128    123.690     45.439    20.5580 -9.990e-29
   1060.000     45.873    20.5482   4.946409     0.6170  1060.0000     0.1180 9.3862e-01     1.7358    138.541    35.7858    25.2172    122.470     45.614    20.5395 -9.990e-29
   1060.250     46.073    20.5249   4.943820     0.5509   780.0000     0.1217 9.2232e-01     1.7245    138.619    35.7844    25.2224    121.109     45.813    20.5162 -9.990e-29
   1060.500     46.286    20.5015   4.941290     0.5729   730.0000     0.1220 8.5543e-01     1.7138    138.595    35.7835    25.2280    119.901     46.024    20.4928 -9.990e-29
   1060.750     46.506    20.4797   4.938886     0.5949   700.0000     0.1216 8.4257e-01     1.7033    138.833    35.7823    25.2329    118.810     46.243    20.4709 -9.990e-29
   1061.000     46.717    20.4598   4.937027     0.5582   560.0000     0.1178 8.7414e-01     1.6931    138.554    35.7839    25.2395    117.825     46.453    20.4510 -9.990e-29
   1061.250     46.919    20.4420   4.935102     0.5215   640.0000     0.1177 8.9248e-01     1.6818    138.694    35.7832    25.2438    116.823     46.654    20.4332 -9.990e-29
   1061.500     47.090    20.4252   4.933721     0.5582   700.0000     0.1174 9.0316e-01     1.6716    138.388    35.7861    25.2505    115.926     46.824    20.4163 -9.990e-29
   1061.750     47.248    20.4084   4.932068     0.5509   610.0000     0.1199 9.1299e-01     1.6619    138.081    35.7868    25.2556    115.156     46.981    20.3995 -9.990e-29
