cruises/P45_06/L2/CTD/Derived_Parameter/P45_06_CTD_08_der.cnv
* Sea-Bird SBE19plus  Data File:
* FileName = C:\Users\OA_2023-03\Desktop\Bathymetry\ctd_casts\J2_17_04_2026001.hex
* Software version 2.3.0 SB_Terminal.dll
* Temperature SN = 8460
* Conductivity SN = 8460
* System UpLoad Time = Apr 17 2026 17:13:47
* <ApplicationData>
* <SeatermAF>
# nquan = 16                                
# nvalues = 2934                        
# units = specified
# name 0 = timeS: Time, Elapsed [seconds]
# name 1 = prdM: Pressure, Strain Gauge [db]
# name 2 = tv290C: Temperature [ITS-90, deg C]
# name 3 = c0S/m: Conductivity [S/m]
# name 4 = flECO-AFL: Fluorescence, WET Labs ECO-AFL/FL [mg/m^3]
# name 5 = flECO-AFL1: Fluorescence, WET Labs ECO-AFL/FL, 2 [mg/m^3]
# name 6 = CStarAt0: Beam Attenuation, WET Labs C-Star [1/m]
# name 7 = par/sat/log: PAR/Logarithmic, Satlantic [umol photons/m^2/sec]
# name 8 = sbeox0V: Oxygen raw, SBE 43 [V]
# name 9 = sbeox0Mm/L: Oxygen, SBE 43 [umol/l]
# name 10 = sal00: Salinity, Practical [PSU]
# name 11 = sigma-é00: Density [sigma-theta, kg/m^3]
# name 12 = sbox0Mm/Kg: Oxygen, SBE 43 [umol/kg], WS = 2
# name 13 = depSM: Depth [salt water, m], lat = 5.51
# name 14 = potemp090C: Potential Temperature [ITS-90, deg C]
# name 15 = flag: flag
# span 0 =      0.000,    733.250       
# span 1 =     -0.083,     59.020       
# span 2 =    19.6278,    30.8273       
# span 3 =  -0.315919,   5.875385       
# span 4 =   -79.9063,    29.9382       
# span 5 = -1.864e+05, 40750.0000       
# span 6 =    -0.1020,    24.8803       
# span 7 = 3.3441e+00, 1.9408e+03       
# span 8 =     1.6516,     2.6927       
# span 9 =    123.864,    236.390       
# span 10 =     0.0000,    35.8554      
# span 11 =    -4.5474,    25.4629      
# span 12 =    120.895,    237.754      
# span 13 =     -0.083,     58.685      
# span 14 =    19.6171,    30.8273      
# span 15 = 0.0000e+00, 0.0000e+00      
# interval = seconds: 0.25
# start_time = Apr 17 2026 14:51:22 [Instrument's time stamp, header]
# bad_flag = -9.990e-29
*END*
[from data line 1266]
    316.500      4.222    29.7007   5.861706     0.0367    90.0000     0.0994 2.6788e+02     2.6031    190.031    35.3935    22.1236    186.606      4.199    29.6997 -9.990e-29
    316.750      4.051    29.7059   5.862394     0.0367   230.0000     0.1079 2.9336e+02     2.6075    189.097    35.3944    22.1225    186.870      4.029    29.7049 -9.990e-29
    317.000      3.901    29.7114   5.863011     0.0294   200.0000     0.1084 2.4980e+02     2.6069    188.353    35.3946    22.1208    186.594      3.879    29.7104 -9.990e-29
    317.250      3.797    29.7158   5.863589     0.0294    10.0000     0.1077 2.2120e+02     2.6054    188.277    35.3953    22.1198    186.263      3.776    29.7149 -9.990e-29
    317.500      3.759    29.7186   5.863953     0.0294   200.0000     0.0981 2.5389e+02     2.6054    188.574    35.3958    22.1192    186.111      3.738    29.7177 -9.990e-29
    317.750      3.793    29.7211   5.864064     0.0294   -20.0000     0.0978 2.9317e+02     2.6048    189.139    35.3947    22.1175    185.960      3.772    29.7202 -9.990e-29
    318.000      3.886    29.7268   5.864286     0.0294   200.0000     0.0977 2.6655e+02     2.6052    189.736    35.3920    22.1136    185.919      3.864    29.7258 -9.990e-29
    318.250      4.030    29.7292   5.865537     0.0367    90.0000     0.1009 3.4140e+02     2.6072    190.182    35.3987    22.1178    186.045      4.008    29.7282 -9.990e-29
    318.500      4.184    29.7186   5.865497     0.0294   170.0000     0.1005 2.6289e+02     2.6067    190.837    35.4061    22.1270    186.021      4.161    29.7176 -9.990e-29
    318.750      4.330    29.7083   5.861943     0.0294   230.0000     0.1007 2.6113e+02     2.6046    191.213    35.3895    22.1180    185.973      4.306    29.7072 -9.990e-29
    319.000      4.444    29.7020   5.861230     0.0220   170.0000     0.1002 2.3093e+02     2.6008    191.446    35.3892    22.1200    185.754      4.419    29.7009 -9.990e-29
    319.250      4.520    29.6986   5.861152     0.0220    30.0000     0.1003 2.3461e+02     2.6011    191.232    35.3911    22.1226    185.907      4.495    29.6975 -9.990e-29
    319.500      4.529    29.6960   5.861302     0.0220    60.0000     0.1001 2.4005e+02     2.6032    190.858    35.3941    22.1257    186.260      4.504    29.6949 -9.990e-29
    319.750      4.470    29.6960   5.860851    -0.0220    90.0000     0.1000 2.3103e+02     2.6072    190.160    35.3910    22.1234    186.793      4.445    29.6949 -9.990e-29
    320.000      4.344    29.6974   5.861381     0.0441    90.0000     0.1119 2.4669e+02     2.6091    189.652    35.3936    22.1248    187.033      4.320    29.6963 -9.990e-29
    320.250      4.169    29.6991   5.861627     0.0147   230.0000     0.1114 2.6563e+02     2.6106    189.048    35.3941    22.1246    187.051      4.146    29.6981 -9.990e-29
    320.500      3.993    29.7028   5.861808     0.0220   140.0000     0.1119 2.6713e+02     2.6117    188.359    35.3927    22.1223    186.965      3.971    29.7018 -9.990e-29
    320.750      3.853    29.7096   5.862465     0.0220   120.0000     0.1032 2.5186e+02     2.6141    188.041    35.3922    22.1196    186.943      3.832    29.7087 -9.990e-29
    321.000      3.786    29.7148   5.863795     0.0220   200.0000     0.1031 2.4910e+02     2.6139    188.216    35.3975    22.1217    186.764      3.765    29.7139 -9.990e-29
    321.250      3.788    29.7185   5.863985     0.0441   170.0000     0.1031 2.4818e+02     2.6116    188.850    35.3960    22.1194    186.436      3.767    29.7176 -9.990e-29
    321.500      3.846    29.7235   5.864214     0.0220   140.0000     0.0990 2.6592e+02     2.6107    189.708    35.3939    22.1161    186.245      3.825    29.7226 -9.990e-29
    321.750      3.960    29.7288   5.865006     0.0147    90.0000     0.0991 3.3366e+02     2.6084    190.517    35.3954    22.1154    185.952      3.938    29.7278 -9.990e-29
    322.000      4.095    29.7244   5.865948     0.0147   -50.0000     0.0993 3.5983e+02     2.6084    190.740    35.4050    22.1242    186.020      4.072    29.7234 -9.990e-29
    322.250      4.228    29.7142   5.863423     0.0294   -20.0000     0.0992 2.7185e+02     2.6076    190.797    35.3952    22.1203    186.126      4.205    29.7132 -9.990e-29
    322.500      4.333    29.7045   5.861943     0.0220   140.0000     0.0995 2.3274e+02     2.6060    190.883    35.3923    22.1214    186.139      4.309    29.7034 -9.990e-29
    322.750      4.384    29.6956   5.860938     0.0367   140.0000     0.0993 2.4308e+02     2.6049    190.754    35.3919    22.1242    186.182      4.360    29.6945 -9.990e-29
    323.000      4.377    29.6911   5.860139     0.1542    90.0000     0.0997 2.2673e+02     2.6069    190.615    35.3898    22.1241    186.454      4.353    29.6900 -9.990e-29
    323.250      4.311    29.6887   5.860289     0.0220   170.0000     0.1036 2.4340e+02     2.6088    190.631    35.3926    22.1270    186.746      4.287    29.6876 -9.990e-29
    323.500      4.202    29.6879   5.860210     0.0294   230.0000     0.1037 2.6323e+02     2.6098    190.453    35.3927    22.1273    186.949      4.179    29.6869 -9.990e-29
    323.750      4.086    29.6891   5.860321     0.0367   200.0000     0.1034 2.6962e+02     2.6101    190.168    35.3926    22.1268    186.974      4.063    29.6881 -9.990e-29
    324.000      3.982    29.6923   5.860780     0.0220   140.0000     0.0993 2.5720e+02     2.6111    189.758    35.3934    22.1264    186.934      3.960    29.6913 -9.990e-29
    324.250      3.906    29.6979   5.861270     0.0147   -20.0000     0.0997 2.6056e+02     2.6139    189.728    35.3926    22.1239    187.012      3.884    29.6969 -9.990e-29
    324.500      3.871    29.7054   5.862402     0.0367    60.0000     0.1000 2.3244e+02     2.6160    189.899    35.3948    22.1230    187.016      3.850    29.7044 -9.990e-29
    324.750      3.873    29.7100   5.863344     0.0367    90.0000     0.0985 2.2830e+02     2.6146    190.334    35.3979    22.1237    186.676      3.852    29.7090 -9.990e-29
    325.000      3.920    29.7146   5.863423     0.0220    90.0000     0.0985 2.5460e+02     2.6121    190.582    35.3950    22.1200    186.250      3.898    29.7136 -9.990e-29
    325.250      4.009    29.7193   5.863945     0.0367  -110.0000     0.0980 2.6916e+02     2.6095    190.826    35.3951    22.1185    185.901      3.987    29.7183 -9.990e-29
    325.500      4.124    29.7212   5.864555     0.0220   230.0000     0.0987 2.4440e+02     2.6076    191.081    35.3978    22.1199    185.789      4.101    29.7202 -9.990e-29
    325.750      4.246    29.7199   5.864246     0.0220   120.0000     0.0961 2.3624e+02     2.6040    191.467    35.3967    22.1194    185.661      4.222    29.7189 -9.990e-29
    326.000      4.360    29.7123   5.863835     0.0000   140.0000     0.0961 2.2487e+02     2.6024    191.527    35.3994    22.1241    185.717      4.336    29.7112 -9.990e-29
    326.250      4.435    29.7011   5.861982     0.0294    10.0000     0.0962 2.2638e+02     2.6037    191.229    35.3950    22.1246    186.001      4.410    29.7000 -9.990e-29
    326.500      4.447    29.6920   5.860502     0.0073    60.0000     0.0988 2.2949e+02     2.6068    191.001    35.3916    22.1251    186.386      4.422    29.6909 -9.990e-29
    326.750      4.400    29.6871   5.859593     0.0367   -80.0000     0.0990 2.3732e+02     2.6085    190.610    35.3890    22.1249    186.558      4.376    29.6860 -9.990e-29
    327.000      4.302    29.6846   5.859870     0.0220    90.0000     0.0985 2.3639e+02     2.6079    190.489    35.3928    22.1285    186.420      4.278    29.6835 -9.990e-29
    327.250      4.167    29.6825   5.859680     0.0220    60.0000     0.1018 2.5460e+02     2.6068    190.316    35.3930    22.1294    186.235      4.144    29.6815 -9.990e-29
    327.500      4.024    29.6819   5.859608     0.0000   -50.0000     0.1020 2.5598e+02     2.6062    190.072    35.3930    22.1296    186.150      4.002    29.6809 -9.990e-29
    327.750      3.907    29.6844   5.859608     0.0441   280.0000     0.1020 2.4856e+02     2.6041    189.906    35.3912    22.1274    186.029      3.885    29.6834 -9.990e-29
    328.000      3.849    29.6871   5.860511     0.0367    30.0000     0.1026 2.5770e+02     2.6033    190.137    35.3954    22.1296    186.076      3.828    29.6862 -9.990e-29
    328.250      3.860    29.6900   5.860701     0.0367   -80.0000     0.1031 2.4120e+02     2.6049    190.445    35.3946    22.1280    186.311      3.839    29.6890 -9.990e-29
    328.500      3.927    29.6963   5.860811     0.0367   -20.0000     0.1027 2.1859e+02     2.6069    190.651    35.3907    22.1230    186.544      3.905    29.6953 -9.990e-29
    328.750      4.057    29.7023   5.862284     0.0294    90.0000     0.1030 2.2020e+02     2.6091    190.778    35.3963    22.1251    186.707      4.034    29.7013 -9.990e-29
    329.000      4.204    29.7083   5.862790     0.0294   140.0000     0.0979 2.5389e+02     2.6105    190.922    35.3953    22.1223    186.665      4.181    29.7073 -9.990e-29
    329.250      4.340    29.7126   5.863265     0.0220    90.0000     0.0975 2.7852e+02     2.6101    191.284    35.3953    22.1209    186.412      4.316    29.7115 -9.990e-29
    329.500      4.444    29.7132   5.863700     0.0367   140.0000     0.0977 2.4219e+02     2.6104    191.579    35.3978    22.1226    186.244      4.419    29.7121 -9.990e-29
    329.750      4.495    29.7136   5.863154     0.0514   120.0000     0.1003 2.3547e+02     2.6081    191.445    35.3938    22.1194    185.907      4.470    29.7125 -9.990e-29
    330.000      4.486    29.7154   5.863265     0.0220   140.0000     0.1002 2.1101e+02     2.6041    191.103    35.3932    22.1184    185.533      4.461    29.7143 -9.990e-29
    330.250      4.424    29.7173   5.863724     0.0073    90.0000     0.1003 2.3395e+02     2.6023    190.696    35.3950    22.1191    185.475      4.399    29.7162 -9.990e-29
    330.500      4.326    29.7187   5.863906    -0.0073    60.0000     0.0950 2.4738e+02     2.6008    190.362    35.3952    22.1188    185.521      4.302    29.7176 -9.990e-29
    330.750      4.213    29.7203   5.863945     0.0147   170.0000     0.0951 2.4382e+02     2.6001    189.819    35.3943    22.1176    185.708      4.190    29.7193 -9.990e-29
    331.000      4.109    29.7221   5.864175     0.0220   -80.0000     0.0943 2.5263e+02     2.6019    189.469    35.3946    22.1171    186.094      4.086    29.7211 -9.990e-29
    331.250      4.016    29.7235   5.864365     0.0367  -110.0000     0.0946 2.6130e+02     2.6046    189.473    35.3949    22.1169    186.469      3.994    29.7225 -9.990e-29
    331.500      3.956    29.7218   5.864555     0.0073   140.0000     0.1031 2.6226e+02     2.6074    189.816    35.3974    22.1194    186.743      3.934    29.7208 -9.990e-29
    331.750      3.918    29.7193   5.863874     0.0147  -270.0000     0.1033 2.4377e+02     2.6098    190.168    35.3947    22.1181    186.872      3.896    29.7183 -9.990e-29
    332.000      3.911    29.7155   5.863454     0.0073   140.0000     0.1034 2.3254e+02     2.6114    190.299    35.3946    22.1194    186.839      3.889    29.7145 -9.990e-29
    332.250      3.922    29.7108   5.862900     0.0294    90.0000     0.0931 2.2751e+02     2.6126    190.334    35.3943    22.1207    186.791      3.900    29.7098 -9.990e-29
    332.500      3.958    29.7079   5.862172     0.0220   200.0000     0.0922 2.3537e+02     2.6110    190.378    35.3914    22.1196    186.504      3.936    29.7069 -9.990e-29
    332.750      4.013    29.7065   5.862283     0.0367   200.0000     0.0926 2.3329e+02     2.6091    190.199    35.3932    22.1214    186.177      3.991    29.7055 -9.990e-29
    333.000      4.089    29.7056   5.862212     0.0294   170.0000     0.0968 2.2366e+02     2.6074    190.043    35.3933    22.1218    185.933      4.066    29.7046 -9.990e-29
    333.250      4.176    29.7050   5.862283     0.0000   -80.0000     0.0971 2.0847e+02     2.6078    190.101    35.3942    22.1227    185.945      4.153    29.7040 -9.990e-29
    333.500      4.265    29.7043   5.862252     0.0220    10.0000     0.0974 2.0516e+02     2.6066    190.262    35.3945    22.1232    185.905      4.241    29.7032 -9.990e-29
    333.750      4.344    29.7025   5.862101     0.0220    10.0000     0.0935 2.2063e+02     2.6034    190.537    35.3948    22.1240    185.721      4.320    29.7014 -9.990e-29
    334.000      4.407    29.7007   5.861832     0.0220   -20.0000     0.0937 2.2929e+02     2.6027    190.811    35.3943    22.1242    185.778      4.383    29.6996 -9.990e-29
    334.250      4.435    29.6974   5.861571     0.0073   120.0000     0.0939 2.3415e+02     2.6024    190.887    35.3949    22.1258    185.891      4.410    29.6963 -9.990e-29
    334.500      4.413    29.6955   5.860962     0.0294   -20.0000     0.0937 2.2472e+02     2.6032    190.993    35.3922    22.1244    186.155      4.388    29.6944 -9.990e-29
    334.750      4.351    29.6959   5.860962     0.0294   120.0000     0.0929 2.2850e+02     2.6044    190.774    35.3919    22.1240    186.406      4.327    29.6948 -9.990e-29
    335.000      4.244    29.6998   5.861452     0.0220    30.0000     0.0927 2.3148e+02     2.6060    190.256    35.3924    22.1231    186.572      4.220    29.6988 -9.990e-29
    335.250      4.116    29.7041   5.862283     0.0294   -80.0000     0.0927 2.5116e+02     2.6082    189.866    35.3949    22.1235    186.742      4.093    29.7031 -9.990e-29
    335.500      3.995    29.7088   5.862719     0.0661   170.0000     0.0925 2.6922e+02     2.6107    189.521    35.3945    22.1216    186.930      3.973    29.7078 -9.990e-29
    335.750      3.904    29.7135   5.863415     0.0441   170.0000     0.0923 2.3793e+02     2.6110    189.294    35.3958    22.1209    186.918      3.882    29.7125 -9.990e-29
    336.000      3.869    29.7177   5.863811     0.0294   -50.0000     0.0923 2.1816e+02     2.6107    189.433    35.3954    22.1192    186.832      3.848    29.7167 -9.990e-29
    336.250      3.891    29.7235   5.864175     0.0661   170.0000     0.0946 2.1778e+02     2.6111    189.777    35.3936    22.1159    186.768      3.869    29.7225 -9.990e-29
    336.500      3.960    29.7244   5.865196     0.0367   120.0000     0.0945 2.3471e+02     2.6130    190.210    35.3999    22.1203    186.837      3.938    29.7234 -9.990e-29
    336.750      4.069    29.7195   5.864404     0.0147  -220.0000     0.0951 2.4797e+02     2.6146    190.689    35.3981    22.1206    186.908      4.046    29.7185 -9.990e-29
    337.000      4.184    29.7136   5.863043     0.0441    60.0000     0.0947 2.3634e+02     2.6146    191.084    35.3931    22.1189    186.775      4.161    29.7126 -9.990e-29
    337.250      4.280    29.7059   5.862433     0.0441   230.0000     0.0933 2.2001e+02     2.6133    191.352    35.3946    22.1227    186.496      4.256    29.7048 -9.990e-29
    337.500      4.349    29.7005   5.861302     0.0220   140.0000     0.0935 2.2638e+02     2.6119    191.253    35.3908    22.1217    186.241      4.325    29.6994 -9.990e-29
    337.750      4.373    29.6957   5.861080     0.0220    60.0000     0.0931 2.2575e+02     2.6097    191.004    35.3928    22.1248    186.053      4.349    29.6946 -9.990e-29
    338.000      4.362    29.6933   5.860740     0.0220   -20.0000     0.0925 2.3471e+02     2.6057    190.674    35.3923    22.1252    185.793      4.338    29.6922 -9.990e-29
    338.250      4.327    29.6914   5.860740     0.0294    30.0000     0.0923 2.4387e+02     2.6033    190.554    35.3937    22.1269    185.737      4.303    29.6903 -9.990e-29
    338.500      4.273    29.6906   5.860614     0.0147    60.0000     0.0928 2.2585e+02     2.6027    190.278    35.3934    22.1270    185.886      4.249    29.6895 -9.990e-29
