cruises/P45_06/L2/CTD/Derived_Parameter/P45_06_CTD_10_der.cnv
* Sea-Bird SBE19plus  Data File:
* FileName = C:\Users\OA_2023-03\Desktop\Bathymetry\ctd_casts\S2_18_04_26002.hex
* Software version 2.3.0 SB_Terminal.dll
* Temperature SN = 8460
* Conductivity SN = 8460
* System UpLoad Time = Apr 18 2026 16:40:21
* <ApplicationData>
* <SeatermAF>
** cast for s2
# nquan = 16                                
# nvalues = 2580                        
# units = specified
# name 0 = timeS: Time, Elapsed [seconds]
# name 1 = prdM: Pressure, Strain Gauge [db]
# name 2 = tv290C: Temperature [ITS-90, deg C]
# name 3 = c0S/m: Conductivity [S/m]
# name 4 = flECO-AFL: Fluorescence, WET Labs ECO-AFL/FL [mg/m^3]
# name 5 = flECO-AFL1: Fluorescence, WET Labs ECO-AFL/FL, 2 [mg/m^3]
# name 6 = CStarAt0: Beam Attenuation, WET Labs C-Star [1/m]
# name 7 = par/sat/log: PAR/Logarithmic, Satlantic [umol photons/m^2/sec]
# name 8 = sbeox0V: Oxygen raw, SBE 43 [V]
# name 9 = sbeox0Mm/L: Oxygen, SBE 43 [umol/l]
# name 10 = sal00: Salinity, Practical [PSU]
# name 11 = sigma-é00: Density [sigma-theta, kg/m^3]
# name 12 = sbox0Mm/Kg: Oxygen, SBE 43 [umol/kg], WS = 2
# name 13 = depSM: Depth [salt water, m], lat = 5.51
# name 14 = potemp090C: Potential Temperature [ITS-90, deg C]
# name 15 = flag: flag
# span 0 =      0.000,    644.750       
# span 1 =     -0.126,     72.020       
# span 2 =    19.4874,    29.7711       
# span 3 =  -0.256820,   5.857944       
# span 4 =   -27.7935,    29.9382       
# span 5 = -1.448e+05, 40750.0000       
# span 6 =    -0.0853,    27.5054       
# span 7 = 2.2999e-01, 1.5045e+03       
# span 8 =     1.6095,     2.6886       
# span 9 =    119.708,    237.279       
# span 10 =     0.0000,    35.8950      
# span 11 =    -4.1440,    25.5180      
# span 12 =    116.835,    238.303      
# span 13 =     -0.125,     71.608      
# span 14 =    19.4743,    29.7708      
# span 15 = 0.0000e+00, 0.0000e+00      
# interval = seconds: 0.25
# start_time = Apr 18 2026 15:53:20 [Instrument's time stamp, header]
# bad_flag = -9.990e-29
*END*
[from data line 1628]
    407.000     43.424    22.8818   5.189600     0.2791   310.0000     0.0914 9.4582e+00     2.4321    206.820    35.7795    24.5617    190.426     43.179    22.8729 0.0000e+00
    407.250     43.639    22.8182   5.178959     0.3526   280.0000     0.0964 1.0672e+01     2.4272    206.631    35.7488    24.5567    190.395     43.393    22.8093 0.0000e+00
    407.500     43.799    22.7556   5.177858     0.3526   340.0000     0.0961 1.2164e+01     2.4226    206.337    35.7914    24.6070    190.224     43.552    22.7467 0.0000e+00
    407.750     43.895    22.6989   5.170285     0.3819   340.0000     0.0964 1.2843e+01     2.4194    205.798    35.7788    24.6137    190.187     43.647    22.6900 0.0000e+00
    408.000     43.935    22.6615   5.165774     0.4040   500.0000     0.0965 1.2749e+01     2.4159    205.197    35.7743    24.6210    189.895     43.687    22.6526 0.0000e+00
    408.250     43.950    22.6369   5.164501     0.4187   420.0000     0.0981 1.2584e+01     2.4129    204.511    35.7845    24.6358    189.487     43.702    22.6280 0.0000e+00
    408.500     43.966    22.6224   5.163505     0.3966   310.0000     0.0977 1.2639e+01     2.4092    203.645    35.7886    24.6431    188.771     43.718    22.6135 0.0000e+00
    408.750     44.017    22.6166   5.163033     0.4187   390.0000     0.0982 1.2519e+01     2.4050    202.987    35.7897    24.6456    187.873     43.768    22.6077 0.0000e+00
    409.000     44.137    22.5895   5.163535     0.4187   500.0000     0.0949 1.1999e+01     2.3982    202.022    35.8158    24.6732    186.720     43.888    22.5806 0.0000e+00
    409.250     44.337    22.5124   5.157491     0.3819   340.0000     0.0955 1.1002e+01     2.3900    201.523    35.8319    24.7074    185.657     44.087    22.5035 0.0000e+00
    409.500     44.572    22.4213   5.143076     0.4701   610.0000     0.0955 9.7702e+00     2.3789    201.418    35.7940    24.7046    184.418     44.320    22.4123 0.0000e+00
    409.750     44.821    22.3467   5.133612     0.5656   390.0000     0.1017 8.5531e+00     2.3692    201.362    35.7811    24.7160    183.249     44.568    22.3377 0.0000e+00
    410.000     45.076    22.3007   5.129474     0.5509   590.0000     0.1016 7.9689e+00     2.3589    201.292    35.7864    24.7331    181.955     44.821    22.2917 0.0000e+00
    410.250     45.305    22.2750   5.128743     0.5876   610.0000     0.1015 8.2496e+00     2.3501    201.013    35.8018    24.7521    180.758     45.049    22.2659 0.0000e+00
    410.500     45.523    22.2569   5.128415     0.5582   560.0000     0.1165 9.3040e+00     2.3379    200.670    35.8141    24.7666    179.193     45.266    22.2478 0.0000e+00
    410.750     45.690    22.2334   5.127355     0.5656   670.0000     0.1170 1.0405e+01     2.3243    200.203    35.8251    24.7816    177.529     45.432    22.2243 0.0000e+00
    411.000     45.785    22.2122   5.123449     0.6757   590.0000     0.1171 1.0846e+01     2.3099    199.584    35.8118    24.7775    175.955     45.526    22.2031 0.0000e+00
    411.250     45.810    22.2015   5.121732     0.6317   700.0000     0.1174 1.0774e+01     2.2953    198.712    35.8071    24.7770    174.423     45.551    22.1924 -9.990e-29
    411.500     45.803    22.1985   5.122524     0.6537   700.0000     0.1218 1.0663e+01     2.2798    197.982    35.8158    24.7845    172.962     45.544    22.1894 -9.990e-29
    411.750     45.794    22.1962   5.122658     0.6096   780.0000     0.1216 1.0598e+01     2.2670    197.318    35.8188    24.7874    171.948     45.535    22.1871 -9.990e-29
    412.000     45.803    22.1946   5.122360     0.6170   610.0000     0.1215 1.0470e+01     2.2559    196.960    35.8178    24.7870    170.956     45.544    22.1855 0.0000e+00
    412.250     45.879    22.1923   5.122166     0.6464   450.0000     0.1117 1.0280e+01     2.2437    196.523    35.8181    24.7880    169.660     45.620    22.1831 0.0000e+00
    412.500     46.034    22.1719   5.121934     0.6611   750.0000     0.1113 9.6254e+00     2.2321    196.132    35.8331    24.8051    168.228     45.774    22.1627 0.0000e+00
    412.750     46.250    22.1186   5.117037     0.6464   640.0000     0.1121 8.5864e+00     2.2230    196.018    35.8385    24.8243    166.972     45.989    22.1094 0.0000e+00
    413.000     46.514    22.0366   5.107309     0.7272   750.0000     0.1185 7.2752e+00     2.2065    196.011    35.8296    24.8406    165.076     46.251    22.0274 0.0000e+00
    413.250     46.783    21.9651   5.094118     0.7859   970.0000     0.1185 6.4007e+00     2.1891    196.185    35.7845    24.8265    163.247     46.518    21.9558 0.0000e+00
    413.500     47.048    21.9213   5.090834     0.8887  1110.0000     0.1187 5.9907e+00     2.1700    196.194    35.7947    24.8466    161.401     46.782    21.9120 0.0000e+00
    413.750     47.290    21.8918   5.090218     0.8667   920.0000     0.1280 6.2977e+00     2.1526    196.034    35.8142    24.8697    159.976     47.023    21.8825 0.0000e+00
    414.000     47.519    21.8631   5.087918     0.8006   970.0000     0.1278 7.1814e+00     2.1377    195.376    35.8197    24.8819    159.245     47.250    21.8537 0.0000e+00
    414.250     47.719    21.8270   5.084836     0.8373   920.0000     0.1280 8.1714e+00     2.1240    194.439    35.8252    24.8962    158.767     47.449    21.8176 0.0000e+00
    414.500     47.863    21.7709   5.080386     0.8741  1060.0000     0.1283 8.6686e+00     2.1152    192.978    35.8365    24.9205    158.864     47.592    21.7615 0.0000e+00
    414.750     47.949    21.7172   5.069930     0.9255  1140.0000     0.1479 8.6237e+00     2.1065    191.612    35.7981    24.9063    158.924     47.678    21.7078 0.0000e+00
    415.000     47.994    21.6677   5.065850     0.9695  1060.0000     0.1480 8.4610e+00     2.0993    190.136    35.8068    24.9267    158.832     47.722    21.6583 0.0000e+00
    415.250     48.012    21.6275   5.060212     1.0356  1200.0000     0.1485 8.5161e+00     2.0923    188.888    35.7954    24.9292    158.623     47.740    21.6181 -9.990e-29
    415.500     48.009    21.6041   5.057977     0.9475  1110.0000     0.1337 8.6442e+00     2.0862    187.250    35.7971    24.9370    158.204     47.737    21.5947 -9.990e-29
    415.750     48.005    21.5878   5.058193     0.9916  1140.0000     0.1335 8.6873e+00     2.0815    185.428    35.8124    24.9532    157.875     47.733    21.5784 -9.990e-29
    416.000     48.027    21.5781   5.056404     1.0503  1200.0000     0.1329 8.5531e+00     2.0737    183.568    35.8062    24.9512    157.145     47.755    21.5687 0.0000e+00
    416.250     48.098    21.5751   5.056419     0.9842  1340.0000     0.1294 8.3519e+00     2.0686    181.661    35.8088    24.9540    156.676     47.826    21.5657 0.0000e+00
    416.500     48.236    21.5286   5.057221     0.9402  1140.0000     0.1295 7.7262e+00     2.0612    179.645    35.8539    25.0012    156.044     47.963    21.5192 0.0000e+00
    416.750     48.430    21.4453   5.042437     1.0356  1140.0000     0.1295 6.9521e+00     2.0559    178.059    35.8054    24.9874    155.902     48.156    21.4359 0.0000e+00
    417.000     48.656    21.3634   5.030443     0.9916  1170.0000     0.1320 6.1789e+00     2.0494    176.891    35.7778    24.9890    155.734     48.381    21.3540 0.0000e+00
    417.250     48.880    21.2988   5.022875     0.9255  1090.0000     0.1338 5.6154e+00     2.0444    175.750    35.7711    25.0018    155.688     48.603    21.2893 0.0000e+00
    417.500     49.091    21.2591   5.019100     0.9842  1110.0000     0.1332 5.7333e+00     2.0394    174.855    35.7740    25.0149    155.687     48.813    21.2496 0.0000e+00
    417.750     49.287    21.2363   5.018717     0.9769  1140.0000     0.1334 6.3551e+00     2.0361    174.345    35.7899    25.0333    155.740     49.008    21.2268 0.0000e+00
    418.000     49.440    21.2171   5.018362     0.9034  1140.0000     0.1410 6.9401e+00     2.0330    172.825    35.8031    25.0486    155.818     49.160    21.2075 0.0000e+00
    418.250     49.531    21.2024   5.016364     0.9402  1340.0000     0.1409 7.2094e+00     2.0316    170.975    35.7993    25.0498    155.944     49.251    21.1928 0.0000e+00
    418.500     49.580    21.1925   5.015173     0.9989  1030.0000     0.1409 7.1288e+00     2.0310    168.664    35.7981    25.0515    156.002     49.299    21.1829 0.0000e+00
    418.750     49.620    21.1868   5.014885     1.0063  1090.0000     0.1388 7.0004e+00     2.0290    166.329    35.8005    25.0549    155.717     49.339    21.1772 0.0000e+00
    419.000     49.691    21.1826   5.014485     1.0136  1140.0000     0.1390 6.8758e+00     2.0279    164.285    35.8008    25.0563    155.369     49.410    21.1730 0.0000e+00
    419.250     49.825    21.1691   5.014204     0.9402  1200.0000     0.1390 6.5647e+00     2.0252    162.534    35.8098    25.0669    154.742     49.543    21.1595 0.0000e+00
    419.500     50.025    21.1381   5.011230     0.9402  1200.0000     0.1422 5.9545e+00     2.0215    161.629    35.8118    25.0769    154.002     49.742    21.1285 0.0000e+00
    419.750     50.274    21.1059   5.005706     0.9328  1170.0000     0.1415 5.0660e+00     2.0168    161.094    35.7943    25.0725    153.187     49.989    21.0962 0.0000e+00
    420.000     50.551    21.0728   5.002735     0.9548  1200.0000     0.1418 4.3588e+00     2.0108    161.196    35.7981    25.0844    152.204     50.265    21.0631 0.0000e+00
    420.250     50.802    21.0477   4.998885     1.0210  1360.0000     0.1419 3.9845e+00     2.0046    161.453    35.7881    25.0836    151.241     50.514    21.0379 0.0000e+00
    420.500     51.044    21.0302   4.997718     0.9769  1140.0000     0.1641 4.0893e+00     1.9974    161.809    35.7933    25.0924    150.177     50.755    21.0204 0.0000e+00
    420.750     51.269    21.0205   4.996950     1.0577  1110.0000     0.1643 4.6120e+00     1.9898    162.190    35.7951    25.0965    149.163     50.979    21.0107 0.0000e+00
    421.000     51.460    21.0153   4.996766     1.1018  1110.0000     0.1641 5.3660e+00     1.9817    161.958    35.7980    25.1001    148.176     51.168    21.0054 0.0000e+00
    421.250     51.589    21.0116   4.996655     1.0356  1140.0000     0.1384 5.8625e+00     1.9727    161.852    35.8001    25.1027    147.086     51.297    21.0017 0.0000e+00
    421.500     51.675    21.0097   4.996411     1.0063  1140.0000     0.1383 5.8637e+00     1.9634    161.233    35.7997    25.1030    145.969     51.382    20.9998 0.0000e+00
    421.750     51.725    21.0093   4.996618     1.0356  1170.0000     0.1386 5.7669e+00     1.9557    160.812    35.8017    25.1046    144.872     51.432    20.9994 0.0000e+00
    422.000     51.767    21.0079   4.996788     1.0871  1170.0000     0.1363 5.6642e+00     1.9478    160.154    35.8042    25.1069    143.511     51.474    20.9980 0.0000e+00
    422.250     51.815    21.0057   4.996522     1.0577  1090.0000     0.1366 5.6520e+00     1.9379    159.680    35.8039    25.1073    141.679     51.521    20.9958 0.0000e+00
    422.500     51.891    21.0044   4.996123     1.0650  1030.0000     0.1365 5.5478e+00     1.9276    159.202    35.8018    25.1060    139.708     51.597    20.9944 0.0000e+00
    422.750     52.018    20.9980   4.996086     0.9475  1170.0000     0.1364 5.3221e+00     1.9134    158.995    35.8068    25.1116    137.368     51.723    20.9880 0.0000e+00
    423.000     52.215    20.9775   4.994587     0.9255  1110.0000     0.1361 4.8567e+00     1.8949    158.940    35.8119    25.1210    134.846     51.919    20.9675 0.0000e+00
    423.250     52.453    20.9471   4.990045     0.9328  1110.0000     0.1358 4.2416e+00     1.8737    159.145    35.8007    25.1208    132.467     52.156    20.9371 0.0000e+00
    423.500     52.733    20.9209   4.985882     0.9034  1030.0000     0.1358 3.5002e+00     1.8552    159.586    35.7890    25.1191    130.786     52.434    20.9108 0.0000e+00
    423.750     53.015    20.8936   4.984797     0.8961  1170.0000     0.1386 2.9098e+00     1.8384    159.813    35.8031    25.1373    129.773     52.714    20.8835 0.0000e+00
    424.000     53.284    20.8703   4.982060     0.8814   970.0000     0.1388 2.6726e+00     1.8235    160.157    35.8005    25.1416    129.314     52.982    20.8601 0.0000e+00
    424.250     53.535    20.8464   4.980835     0.8006  1030.0000     0.1388 2.8630e+00     1.8115    160.169    35.8107    25.1559    129.303     53.231    20.8362 0.0000e+00
    424.500     53.764    20.8180   4.978232     0.7933   890.0000     0.1320 3.6353e+00     1.8019    159.947    35.8134    25.1657    129.472     53.459    20.8078 0.0000e+00
    424.750     53.939    20.7856   4.975260     0.8300   780.0000     0.1320 4.5211e+00     1.7952    159.420    35.8166    25.1769    129.851     53.633    20.7753 0.0000e+00
    425.000     54.037    20.7568   4.970512     0.7272   590.0000     0.1325 4.7899e+00     1.7897    158.610    35.8024    25.1739    130.192     53.730    20.7465 0.0000e+00
    425.250     54.069    20.7409   4.968839     0.8006   890.0000     0.1268 4.5931e+00     1.7862    157.641    35.8023    25.1781    130.487     53.762    20.7306 0.0000e+00
    425.500     54.097    20.7324   4.968943     0.8006   670.0000     0.1270 4.3815e+00     1.7830    156.455    35.8103    25.1865    130.590     53.790    20.7221 0.0000e+00
    425.750     54.153    20.7289   4.968692     0.7272   810.0000     0.1264 4.2471e+00     1.7805    155.221    35.8112    25.1882    130.542     53.846    20.7186 0.0000e+00
    426.000     54.275    20.7094   4.969046     0.7125   610.0000     0.1264 4.0558e+00     1.7780    153.889    35.8304    25.2081    130.403     53.967    20.6991 0.0000e+00
    426.250     54.471    20.6349   4.964205     0.6831   840.0000     0.1290 3.7764e+00     1.7755    152.561    35.8540    25.2463    130.310     54.162    20.6246 0.0000e+00
    426.500     54.730    20.4649   4.951547     0.7051   700.0000     0.1288 3.2817e+00     1.7729    151.317    35.8950    25.3233    130.315     54.419    20.4546 0.0000e+00
    426.750     55.015    20.2898   4.916553     0.6978   780.0000     0.1290 2.8132e+00     1.7691    150.622    35.7578    25.2655    130.352     54.703    20.2795 0.0000e+00
    427.000     55.281    20.1823   4.901135     0.6611   970.0000     0.1203 2.5985e+00     1.7661    150.030    35.7226    25.2674    130.315     54.967    20.1720 0.0000e+00
    427.250     55.511    20.1253   4.900083     0.6390  1030.0000     0.1205 2.8065e+00     1.7635    149.112    35.7623    25.3129    130.207     55.196    20.1150 0.0000e+00
    427.500     55.692    20.0967   4.899894     0.6831   920.0000     0.1199 3.3506e+00     1.7586    148.037    35.7850    25.3378    129.844     55.376    20.0863 0.0000e+00
    427.750     55.782    20.0864   4.900107     0.6978   700.0000     0.1061 3.7715e+00     1.7555    146.278    35.7955    25.3485    129.698     55.465    20.0760 -9.990e-29
    428.000     55.753    20.0841   4.901016     0.7712   810.0000     0.1059 3.7390e+00     1.7542    143.717    35.8049    25.3563    129.720     55.437    20.0737 -9.990e-29
    428.250     55.617    20.0857   4.901046     0.7345   750.0000     0.1063 3.6661e+00     1.7526    140.541    35.8038    25.3551    129.764     55.301    20.0754 -9.990e-29
    428.500     55.428    20.0997   4.901845     0.8814   750.0000     0.1155 3.9043e+00     1.7505    137.544    35.7985    25.3473    129.741     55.113    20.0894 -9.990e-29
    428.750     55.224    20.1183   4.905077     0.8300  1000.0000     0.1155 4.1427e+00     1.7491    134.745    35.8093    25.3506    129.680     54.911    20.1080 -9.990e-29
    429.000     55.042    20.1228   4.906990     0.7565   840.0000     0.1155 4.2961e+00     1.7478    132.392    35.8212    25.3585    129.622     54.730    20.1126 -9.990e-29
