cruises/P45_06/L2/CTD/Derived_Parameter/P45_06_CTD_06_der.cnv
* Sea-Bird SBE19plus  Data File:
* FileName = C:\Users\OA_2023-03\Desktop\Bathymetry\ctd_casts\P3_16_04-25002.hex
* Software version 2.3.0 SB_Terminal.dll
* Temperature SN = 8460
* Conductivity SN = 8460
* System UpLoad Time = Apr 16 2026 15:33:25
* <ApplicationData>
* <SeatermAF>
# nquan = 16                                
# nvalues = 4320                        
# units = specified
# name 0 = timeS: Time, Elapsed [seconds]
# name 1 = prdM: Pressure, Strain Gauge [db]
# name 2 = tv290C: Temperature [ITS-90, deg C]
# name 3 = c0S/m: Conductivity [S/m]
# name 4 = flECO-AFL: Fluorescence, WET Labs ECO-AFL/FL [mg/m^3]
# name 5 = flECO-AFL1: Fluorescence, WET Labs ECO-AFL/FL, 2 [mg/m^3]
# name 6 = CStarAt0: Beam Attenuation, WET Labs C-Star [1/m]
# name 7 = par/sat/log: PAR/Logarithmic, Satlantic [umol photons/m^2/sec]
# name 8 = sbeox0V: Oxygen raw, SBE 43 [V]
# name 9 = sbeox0Mm/L: Oxygen, SBE 43 [umol/l]
# name 10 = sal00: Salinity, Practical [PSU]
# name 11 = sigma-é00: Density [sigma-theta, kg/m^3]
# name 12 = sbox0Mm/Kg: Oxygen, SBE 43 [umol/kg], WS = 2
# name 13 = depSM: Depth [salt water, m], lat = 5.51
# name 14 = potemp090C: Potential Temperature [ITS-90, deg C]
# name 15 = flag: flag
# span 0 =      0.000,   1079.750       
# span 1 =     -0.074,    168.084       
# span 2 =    15.8925,    31.9941       
# span 3 =   0.000012,   5.877904       
# span 4 =   -48.7708,    29.9382       
# span 5 = -3.024e+05, 40750.0000       
# span 6 =    -0.1114,    20.0947       
# span 7 = 1.1766e-01, 3.5613e+03       
# span 8 =     1.2441,     2.7525       
# span 9 =     86.457,    230.187       
# span 10 =     0.0142,    35.8929      
# span 11 =    -4.9596,    26.2666      
# span 12 =     84.385,    237.546      
# span 13 =     -0.074,    167.084      
# span 14 =    15.8659,    31.9941      
# span 15 = 0.0000e+00, 0.0000e+00      
# interval = seconds: 0.25
# start_time = Apr 16 2026 14:33:22 [Instrument's time stamp, header]
# bad_flag = -9.990e-29
*END*
[from data line 2170]
    542.500    122.506    16.8644   4.566371     0.0220   -20.0000     0.0274 1.1787e-01     1.3802     99.995    35.7420    26.1211     97.912    121.791    16.8442 0.0000e+00
    542.750    122.681    16.8604   4.565909     0.0294   200.0000     0.0275 1.1776e-01     1.3804     99.909    35.7414    26.1216     97.949    121.965    16.8402 0.0000e+00
    543.000    122.883    16.8566   4.565433     0.0367    90.0000     0.0282 1.1797e-01     1.3800     99.957    35.7405    26.1218     97.950    122.166    16.8364 0.0000e+00
    543.250    123.112    16.8536   4.565049     0.0367   120.0000     0.0273 1.1787e-01     1.3807     99.952    35.7397    26.1220     98.099    122.393    16.8333 0.0000e+00
    543.500    123.345    16.8517   4.564864     0.0147   120.0000     0.0272 1.1787e-01     1.3804     99.811    35.7397    26.1224     98.124    122.625    16.8314 0.0000e+00
    543.750    123.565    16.8502   4.564779     0.0294   230.0000     0.0272 1.1776e-01     1.3812     99.952    35.7402    26.1231     98.255    122.843    16.8299 0.0000e+00
    544.000    123.767    16.8494   4.564751     0.0294   -50.0000     0.0282 1.1797e-01     1.3815    100.099    35.7406    26.1236     98.345    123.044    16.8290 0.0000e+00
    544.250    123.928    16.8492   4.564658     0.0147   230.0000     0.0278 1.5247e-01     1.3819    100.202    35.7399    26.1232     98.417    123.204    16.8288 0.0000e+00
    544.500    124.041    16.8489   4.564715     0.0294   230.0000     0.0275 1.1787e-01     1.3818    100.491    35.7406    26.1238     98.460    123.317    16.8285 0.0000e+00
    544.750    124.101    16.8490   4.564751     0.0294   140.0000     0.0282 1.1787e-01     1.3825    100.737    35.7408    26.1239     98.573    123.376    16.8286 0.0000e+00
    545.000    124.123    16.8489   4.564751     0.0441   120.0000     0.0262 1.3788e-01     1.3832    100.718    35.7409    26.1240     98.693    123.398    16.8285 -9.990e-29
    545.250    124.138    16.8492   4.564751     0.0441   170.0000     0.0261 1.1792e-01     1.3838    100.824    35.7406    26.1237     98.769    123.413    16.8288 -9.990e-29
    545.500    124.167    16.8496   4.564808     0.0367    30.0000     0.0260 1.1779e-01     1.3845    100.867    35.7408    26.1237     98.838    123.442    16.8292 0.0000e+00
    545.750    124.232    16.8501   4.564850     0.0367    10.0000     0.0266 1.1884e-01     1.3854    100.772    35.7407    26.1235     98.865    123.506    16.8297 0.0000e+00
    546.000    124.359    16.8499   4.564879     0.0441   -50.0000     0.0264 1.1792e-01     1.3858    100.657    35.7411    26.1239     98.867    123.633    16.8294 0.0000e+00
    546.250    124.545    16.8492   4.564815     0.0147   140.0000     0.0260 1.1789e-01     1.3859    100.671    35.7410    26.1241     98.820    123.817    16.8287 0.0000e+00
    546.500    124.761    16.8481   4.564630     0.0073    30.0000     0.0267 1.1794e-01     1.3861    100.630    35.7403    26.1238     98.834    124.032    16.8276 0.0000e+00
    546.750    124.994    16.8476   4.564566     0.0441    10.0000     0.0267 1.1782e-01     1.3859    100.710    35.7401    26.1237     98.783    124.264    16.8270 0.0000e+00
    547.000    125.209    16.8469   4.564509     0.0441    30.0000     0.0271 1.1792e-01     1.3867    100.782    35.7401    26.1239     98.942    124.477    16.8263 0.0000e+00
    547.250    125.405    16.8461   4.564474     0.0220   120.0000     0.0268 1.1792e-01     1.3865    100.811    35.7405    26.1244     99.016    124.672    16.8255 0.0000e+00
    547.500    125.584    16.8459   4.564446     0.0294   140.0000     0.0256 1.1792e-01     1.3876    100.704    35.7403    26.1243     99.204    124.850    16.8252 0.0000e+00
    547.750    125.702    16.8456   4.564417     0.0367    90.0000     0.0253 1.1787e-01     1.3873    100.702    35.7403    26.1244     99.256    124.967    16.8249 0.0000e+00
    548.000    125.769    16.8452   4.564353     0.0367   120.0000     0.0258 1.1802e-01     1.3889    100.615    35.7401    26.1243     99.478    125.034    16.8245 -9.990e-29
    548.250    125.789    16.8455   4.564382     0.0294    90.0000     0.0254 1.1784e-01     1.3899    100.643    35.7400    26.1242     99.652    125.054    16.8248 -9.990e-29
    548.500    125.784    16.8455   4.564446     0.0220    90.0000     0.0253 1.1779e-01     1.3901    100.564    35.7406    26.1246     99.653    125.049    16.8248 -9.990e-29
    548.750    125.775    16.8455   4.564417     0.0441   200.0000     0.0260 1.1794e-01     1.3914    100.667    35.7404    26.1245     99.833    125.040    16.8248 -9.990e-29
    549.000    125.785    16.8455   4.564318     0.0294   170.0000     0.0258 1.1782e-01     1.3920    100.744    35.7395    26.1238     99.839    125.050    16.8248 -9.990e-29
    549.250    125.836    16.8460   4.564382     0.0294    30.0000     0.0261 1.1782e-01     1.3930    100.849    35.7396    26.1237     99.932    125.100    16.8253 0.0000e+00
    549.500    125.936    16.8461   4.564510     0.0367   170.0000     0.0258 1.3806e-01     1.3931    100.897    35.7406    26.1245     99.934    125.200    16.8254 0.0000e+00
    549.750    126.086    16.8458   4.564474     0.0147   230.0000     0.0257 1.1782e-01     1.3945    101.014    35.7405    26.1245    100.042    125.349    16.8250 0.0000e+00
    550.000    126.247    16.8443   4.564318     0.0220   120.0000     0.0261 1.1792e-01     1.3946    101.148    35.7404    26.1248    100.008    125.509    16.8235 0.0000e+00
    550.250    126.404    16.8430   4.564012     0.0367    30.0000     0.0261 1.1799e-01     1.3953    101.252    35.7388    26.1239    100.061    125.665    16.8222 0.0000e+00
    550.500    126.555    16.8418   4.563948     0.0220  -130.0000     0.0258 1.1805e-01     1.3959    101.389    35.7392    26.1245    100.124    125.815    16.8210 0.0000e+00
    550.750    126.677    16.8406   4.563913     0.0294   170.0000     0.0264 1.1792e-01     1.3962    101.532    35.7399    26.1253    100.104    125.936    16.8198 0.0000e+00
    551.000    126.778    16.8395   4.563763     0.0220    10.0000     0.0263 1.1784e-01     1.3962    101.622    35.7396    26.1253    100.096    126.037    16.8186 0.0000e+00
    551.250    126.846    16.8384   4.563543     0.0220    30.0000     0.0260 1.1792e-01     1.3970    101.654    35.7386    26.1248    100.179    126.104    16.8175 0.0000e+00
    551.500    126.904    16.8374   4.563451     0.0294    10.0000     0.0254 1.1774e-01     1.3975    101.663    35.7386    26.1251    100.208    126.162    16.8165 0.0000e+00
    551.750    126.964    16.8371   4.563415     0.0220   -20.0000     0.0257 1.1784e-01     1.3975    101.560    35.7386    26.1251    100.194    126.222    16.8162 0.0000e+00
    552.000    127.035    16.8365   4.563415     0.0220   120.0000     0.0253 1.1784e-01     1.3978    101.616    35.7391    26.1257    100.178    126.292    16.8156 0.0000e+00
    552.250    127.124    16.8358   4.563358     0.0367    90.0000     0.0255 1.1776e-01     1.3985    101.525    35.7392    26.1259    100.225    126.381    16.8149 0.0000e+00
    552.500    127.226    16.8347   4.563202     0.0220    90.0000     0.0258 1.1792e-01     1.3982    101.649    35.7387    26.1258    100.166    126.482    16.8138 0.0000e+00
    552.750    127.339    16.8332   4.563017     0.0220   120.0000     0.0256 1.1792e-01     1.3985    101.584    35.7384    26.1259    100.187    126.594    16.8123 0.0000e+00
    553.000    127.468    16.8312   4.562797     0.0367    90.0000     0.0255 1.1792e-01     1.3980    101.843    35.7382    26.1263    100.100    126.722    16.8102 0.0000e+00
    553.250    127.581    16.8286   4.562484     0.0441    90.0000     0.0256 1.1789e-01     1.3988    102.060    35.7377    26.1265    100.197    126.835    16.8076 0.0000e+00
    553.500    127.679    16.8267   4.562207     0.0294   -20.0000     0.0260 1.1784e-01     1.3986    102.158    35.7369    26.1264    100.172    126.932    16.8057 0.0000e+00
    553.750    127.766    16.8247   4.562022     0.0441   200.0000     0.0258 1.1797e-01     1.3986    102.391    35.7371    26.1269    100.133    127.019    16.8037 0.0000e+00
    554.000    127.846    16.8236   4.561894     0.0441   140.0000     0.0258 1.1789e-01     1.3985    102.502    35.7369    26.1271    100.153    127.098    16.8026 0.0000e+00
    554.250    127.933    16.8222   4.561802     0.0000   230.0000     0.0254 1.1782e-01     1.3991    102.683    35.7373    26.1277    100.231    127.185    16.8012 0.0000e+00
    554.500    128.037    16.8211   4.561645     0.0367    30.0000     0.0261 1.1799e-01     1.3984    102.682    35.7369    26.1276    100.234    127.288    16.8000 0.0000e+00
    554.750    128.170    16.8202   4.561553     0.0367    90.0000     0.0254 1.1792e-01     1.3980    102.881    35.7368    26.1278    100.284    127.420    16.7991 0.0000e+00
    555.000    128.335    16.8187   4.561425     0.0220   -20.0000     0.0249 1.1787e-01     1.3991    102.842    35.7369    26.1283    100.547    127.584    16.7976 0.0000e+00
    555.250    128.528    16.8167   4.561240     0.0000  -130.0000     0.0251 1.1794e-01     1.3994    102.895    35.7370    26.1288    100.708    127.776    16.7956 0.0000e+00
    555.500    128.728    16.8141   4.560928     0.0367   120.0000     0.0250 1.1792e-01     1.4003    102.963    35.7365    26.1291    100.976    127.975    16.7929 0.0000e+00
    555.750    128.936    16.8123   4.560586     0.0220    30.0000     0.0250 1.1794e-01     1.4012    102.965    35.7350    26.1284    101.167    128.181    16.7911 0.0000e+00
    556.000    129.125    16.8102   4.560494     0.0294   140.0000     0.0245 1.1792e-01     1.4027    102.922    35.7360    26.1296    101.363    128.369    16.7890 0.0000e+00
    556.250    129.285    16.8081   4.560245     0.0220   -20.0000     0.0249 1.1805e-01     1.4036    102.983    35.7356    26.1298    101.449    128.528    16.7869 0.0000e+00
    556.500    129.394    16.8061   4.560089     0.0220   140.0000     0.0252 1.1784e-01     1.4049    103.040    35.7360    26.1306    101.534    128.637    16.7848 0.0000e+00
    556.750    129.467    16.8040   4.559748     0.0294   120.0000     0.0247 1.1789e-01     1.4056    102.990    35.7349    26.1302    101.557    128.709    16.7827 0.0000e+00
    557.000    129.516    16.8023   4.559563     0.0294    30.0000     0.0247 1.1782e-01     1.4066    103.018    35.7347    26.1305    101.609    128.758    16.7810 0.0000e+00
    557.250    129.563    16.8010   4.559435     0.0294   200.0000     0.0249 1.1784e-01     1.4065    103.093    35.7347    26.1308    101.545    128.805    16.7797 0.0000e+00
    557.500    129.630    16.8001   4.559378     0.0367   230.0000     0.0254 1.1787e-01     1.4070    103.026    35.7350    26.1313    101.563    128.871    16.7788 0.0000e+00
    557.750    129.747    16.7972   4.559315     0.0147    30.0000     0.0252 1.1779e-01     1.4079    103.046    35.7370    26.1335    101.623    128.987    16.7759 0.0000e+00
    558.000    129.929    16.7916   4.558583     0.0294   140.0000     0.0249 1.1782e-01     1.4086    102.936    35.7355    26.1336    101.664    129.168    16.7703 0.0000e+00
    558.250    130.152    16.7821   4.557659     0.0367   140.0000     0.0241 1.1794e-01     1.4088    103.011    35.7357    26.1361    101.699    129.390    16.7607 0.0000e+00
    558.500    130.407    16.7705   4.555960     0.0367   -80.0000     0.0245 1.1792e-01     1.4095    102.974    35.7310    26.1352    101.764    129.643    16.7491 0.0000e+00
    558.750    130.645    16.7587   4.554468     0.0000   170.0000     0.0247 1.1782e-01     1.4092    102.981    35.7283    26.1360    101.724    129.880    16.7373 0.0000e+00
    559.000    130.866    16.7484   4.552977     0.0220   140.0000     0.0243 1.1784e-01     1.4093    102.965    35.7243    26.1353    101.709    130.099    16.7269 0.0000e+00
    559.250    131.069    16.7400   4.552423     0.0220   140.0000     0.0245 1.1799e-01     1.4099    103.061    35.7268    26.1393    101.778    130.301    16.7185 0.0000e+00
    559.500    131.242    16.7349   4.551613     0.0294   120.0000     0.0239 1.1789e-01     1.4101    102.983    35.7242    26.1384    101.765    130.473    16.7134 0.0000e+00
    559.750    131.366    16.7316   4.551706     0.0147   200.0000     0.0239 1.1799e-01     1.4106    102.906    35.7279    26.1421    101.840    130.596    16.7101 0.0000e+00
    560.000    131.448    16.7285   4.551486     0.0220   140.0000     0.0249 1.1787e-01     1.4100    103.082    35.7287    26.1434    101.797    130.678    16.7070 0.0000e+00
    560.250    131.504    16.7267   4.551209     0.0220    60.0000     0.0256 1.1782e-01     1.4104    103.119    35.7278    26.1432    101.832    130.734    16.7052 0.0000e+00
    560.500    131.555    16.7258   4.551180     0.0073   230.0000     0.0263 1.1797e-01     1.4099    103.314    35.7284    26.1438    101.809    130.784    16.7043 0.0000e+00
    560.750    131.609    16.7252   4.551202     0.0294   120.0000     0.0248 1.1789e-01     1.4106    103.520    35.7291    26.1445    101.927    130.838    16.7036 0.0000e+00
    561.000    131.680    16.7249   4.551180     0.0000    60.0000     0.0244 1.1787e-01     1.4114    103.840    35.7291    26.1446    102.052    130.908    16.7033 0.0000e+00
    561.250    131.768    16.7246   4.551180     0.0294    10.0000     0.0250 1.1794e-01     1.4111    104.064    35.7294    26.1449    102.009    130.996    16.7030 0.0000e+00
    561.500    131.866    16.7240   4.551117     0.0441   -50.0000     0.0253 1.1792e-01     1.4118    104.382    35.7293    26.1450    102.076    131.093    16.7024 0.0000e+00
    561.750    131.975    16.7232   4.551024     0.0220   140.0000     0.0250 1.1792e-01     1.4121    104.545    35.7291    26.1450    102.054    131.202    16.7016 0.0000e+00
    562.000    132.090    16.7224   4.550932     0.0000   120.0000     0.0249 1.1789e-01     1.4119    104.695    35.7290    26.1451    102.009    131.316    16.7008 0.0000e+00
    562.250    132.210    16.7220   4.550847     0.0441  -110.0000     0.0251 1.1802e-01     1.4121    104.659    35.7286    26.1449    102.040    131.435    16.7003 0.0000e+00
    562.500    132.332    16.7213   4.550783     0.0294    30.0000     0.0249 1.1789e-01     1.4120    104.654    35.7286    26.1451    102.028    131.556    16.6996 0.0000e+00
    562.750    132.444    16.7207   4.550726     0.0147   120.0000     0.0249 1.1782e-01     1.4121    104.688    35.7286    26.1452    102.046    131.668    16.6990 0.0000e+00
    563.000    132.553    16.7200   4.550684     0.0294  -110.0000     0.0249 1.1776e-01     1.4125    104.714    35.7288    26.1455    102.123    131.776    16.6983 0.0000e+00
    563.250    132.652    16.7196   4.550606     0.0367   140.0000     0.0243 1.1789e-01     1.4126    104.678    35.7284    26.1453    102.135    131.874    16.6979 0.0000e+00
    563.500    132.735    16.7192   4.550591     0.0220   170.0000     0.0240 1.1782e-01     1.4131    104.729    35.7286    26.1456    102.211    131.957    16.6975 0.0000e+00
    563.750    132.801    16.7190   4.550528     0.0073   120.0000     0.0245 1.1792e-01     1.4129    104.646    35.7282    26.1453    102.154    132.023    16.6973 0.0000e+00
    564.000    132.841    16.7186   4.550499     0.0220   120.0000     0.0251 1.1792e-01     1.4133    104.599    35.7283    26.1455    102.158    132.062    16.6968 0.0000e+00
    564.250    132.866    16.7182   4.550457     0.0294    10.0000     0.0249 1.1784e-01     1.4132    104.664    35.7283    26.1456    102.131    132.087    16.6964 -9.990e-29
    564.500    132.872    16.7180   4.550428     0.0367   230.0000     0.0252 1.1787e-01     1.4137    104.646    35.7282    26.1456    102.168    132.093    16.6962 -9.990e-29
