cruises/P45_06/L2/CTD/Derived_Parameter/P45_06_CTD_10_der.cnv
* Sea-Bird SBE19plus  Data File:
* FileName = C:\Users\OA_2023-03\Desktop\Bathymetry\ctd_casts\S2_18_04_26002.hex
* Software version 2.3.0 SB_Terminal.dll
* Temperature SN = 8460
* Conductivity SN = 8460
* System UpLoad Time = Apr 18 2026 16:40:21
* <ApplicationData>
* <SeatermAF>
** cast for s2
# nquan = 16                                
# nvalues = 2580                        
# units = specified
# name 0 = timeS: Time, Elapsed [seconds]
# name 1 = prdM: Pressure, Strain Gauge [db]
# name 2 = tv290C: Temperature [ITS-90, deg C]
# name 3 = c0S/m: Conductivity [S/m]
# name 4 = flECO-AFL: Fluorescence, WET Labs ECO-AFL/FL [mg/m^3]
# name 5 = flECO-AFL1: Fluorescence, WET Labs ECO-AFL/FL, 2 [mg/m^3]
# name 6 = CStarAt0: Beam Attenuation, WET Labs C-Star [1/m]
# name 7 = par/sat/log: PAR/Logarithmic, Satlantic [umol photons/m^2/sec]
# name 8 = sbeox0V: Oxygen raw, SBE 43 [V]
# name 9 = sbeox0Mm/L: Oxygen, SBE 43 [umol/l]
# name 10 = sal00: Salinity, Practical [PSU]
# name 11 = sigma-é00: Density [sigma-theta, kg/m^3]
# name 12 = sbox0Mm/Kg: Oxygen, SBE 43 [umol/kg], WS = 2
# name 13 = depSM: Depth [salt water, m], lat = 5.51
# name 14 = potemp090C: Potential Temperature [ITS-90, deg C]
# name 15 = flag: flag
# span 0 =      0.000,    644.750       
# span 1 =     -0.126,     72.020       
# span 2 =    19.4874,    29.7711       
# span 3 =  -0.256820,   5.857944       
# span 4 =   -27.7935,    29.9382       
# span 5 = -1.448e+05, 40750.0000       
# span 6 =    -0.0853,    27.5054       
# span 7 = 2.2999e-01, 1.5045e+03       
# span 8 =     1.6095,     2.6886       
# span 9 =    119.708,    237.279       
# span 10 =     0.0000,    35.8950      
# span 11 =    -4.1440,    25.5180      
# span 12 =    116.835,    238.303      
# span 13 =     -0.125,     71.608      
# span 14 =    19.4743,    29.7708      
# span 15 = 0.0000e+00, 0.0000e+00      
# interval = seconds: 0.25
# start_time = Apr 18 2026 15:53:20 [Instrument's time stamp, header]
# bad_flag = -9.990e-29
*END*
[from data line 543]
    135.750      9.179    29.3686   5.815570     0.0367   -80.0000     0.1030 1.5815e+02     2.5474    186.796    35.3211    22.1821    183.663      9.128    29.3664 -9.990e-29
    136.000      9.152    29.3678   5.815570     0.0441    10.0000     0.1029 1.4172e+02     2.5554    186.106    35.3217    22.1828    184.532      9.101    29.3656 -9.990e-29
    136.250      9.134    29.3673   5.815492     0.0441    30.0000     0.1029 1.3119e+02     2.5633    184.906    35.3215    22.1829    184.849      9.083    29.3651 -9.990e-29
    136.500      9.119    29.3671   5.815421     0.0367    60.0000     0.1135 1.2582e+02     2.5680    184.001    35.3212    22.1827    184.541      9.068    29.3649 -9.990e-29
    136.750      9.121    29.3662   5.815342     0.0588    10.0000     0.1132 1.1764e+02     2.5695    183.762    35.3213    22.1831    183.955      9.070    29.3640 -9.990e-29
    137.000      9.127    29.3662   5.815310     0.0441    10.0000     0.1133 1.1851e+02     2.5666    184.099    35.3211    22.1829    183.164      9.076    29.3640 -9.990e-29
    137.250      9.143    29.3654   5.815302     0.0735   120.0000     0.1010 1.2833e+02     2.5557    184.553    35.3216    22.1836    181.860      9.092    29.3632 -9.990e-29
    137.500      9.158    29.3652   5.815271     0.1028   120.0000     0.1015 1.5604e+02     2.5485    184.921    35.3215    22.1836    181.197      9.107    29.3630 -9.990e-29
    137.750      9.165    29.3644   5.815121     0.0441    60.0000     0.1012 1.6633e+02     2.5461    185.043    35.3211    22.1835    181.222      9.114    29.3622 -9.990e-29
    138.000      9.167    29.3643   5.815082     0.0441   140.0000     0.1010 1.5188e+02     2.5448    185.541    35.3209    22.1834    181.483      9.116    29.3621 -9.990e-29
    138.250      9.161    29.3638   5.815042     0.0588   120.0000     0.1017 1.4479e+02     2.5442    186.349    35.3210    22.1837    181.814      9.110    29.3616 -9.990e-29
    138.500      9.158    29.3635   5.815011     0.0441    30.0000     0.1019 1.3690e+02     2.5467    187.017    35.3210    22.1838    182.303      9.107    29.3613 -9.990e-29
    138.750      9.143    29.3635   5.814971     0.0220   170.0000     0.1012 1.3403e+02     2.5492    187.698    35.3207    22.1836    182.680      9.092    29.3613 -9.990e-29
    139.000      9.130    29.3633   5.815011     0.0441    10.0000     0.1111 1.4435e+02     2.5495    188.020    35.3212    22.1839    182.812      9.079    29.3611 -9.990e-29
    139.250      9.099    29.3634   5.815011     0.0514    60.0000     0.1111 1.4181e+02     2.5484    187.857    35.3211    22.1839    182.772      9.048    29.3612 -9.990e-29
    139.500      9.058    29.3638   5.815042     0.0735    30.0000     0.1113 1.4808e+02     2.5516    187.167    35.3210    22.1837    183.121      9.008    29.3616 -9.990e-29
    139.750      8.999    29.3639   5.815042     0.0441    30.0000     0.1056 1.6008e+02     2.5541    186.182    35.3210    22.1836    183.461      8.949    29.3617 -9.990e-29
    140.000      8.938    29.3640   5.815042     0.0514  -160.0000     0.1055 1.7074e+02     2.5562    184.911    35.3209    22.1835    183.754      8.888    29.3618 -9.990e-29
    140.250      8.887    29.3643   5.815081     0.0367   230.0000     0.1059 1.6192e+02     2.5581    184.075    35.3210    22.1835    183.961      8.838    29.3621 -9.990e-29
    140.500      8.861    29.3649   5.815160     0.0367   120.0000     0.1096 1.4567e+02     2.5624    184.341    35.3211    22.1833    184.353      8.812    29.3627 -9.990e-29
    140.750      8.865    29.3649   5.815231     0.0441   140.0000     0.1090 1.4404e+02     2.5664    185.433    35.3216    22.1837    184.712      8.816    29.3627 -9.990e-29
    141.000      8.918    29.3653   5.815231     0.0294   120.0000     0.1093 1.3619e+02     2.5677    186.607    35.3213    22.1833    184.847      8.868    29.3631 -9.990e-29
    141.250      9.001    29.3652   5.815231     0.0661   170.0000     0.1019 1.3264e+02     2.5686    188.011    35.3213    22.1834    184.802      8.951    29.3630 -9.990e-29
    141.500      9.105    29.3654   5.815231     0.0441    10.0000     0.1019 1.3219e+02     2.5733    189.139    35.3211    22.1832    185.476      9.054    29.3632 -9.990e-29
    141.750      9.198    29.3645   5.815192     0.0661   -80.0000     0.1023 1.2869e+02     2.5751    189.778    35.3215    22.1838    185.624      9.147    29.3623 -9.990e-29
    142.000      9.278    29.3637   5.815082     0.0588   230.0000     0.1023 1.2637e+02     2.5787    189.667    35.3213    22.1839    185.823      9.226    29.3614 -9.990e-29
    142.250      9.327    29.3625   5.814892     0.0441    30.0000     0.1018 1.2574e+02     2.5751    188.265    35.3209    22.1840    185.263      9.275    29.3602 -9.990e-29
    142.500      9.338    29.3615   5.814782     0.0588    60.0000     0.1017 1.3365e+02     2.5960    186.861    35.3209    22.1843    186.776      9.286    29.3592 -9.990e-29
    142.750      9.316    29.3612   5.814711     0.0514   140.0000     0.1019 1.4351e+02     2.5869    185.899    35.3206    22.1842    185.624      9.264    29.3589 -9.990e-29
    143.000      9.256    29.3611   5.814672     0.0661    90.0000     0.1105 1.6454e+02     2.5826    185.239    35.3204    22.1841    184.873      9.204    29.3588 -9.990e-29
    143.250      9.176    29.3609   5.814711     0.0367   200.0000     0.1109 1.8211e+02     2.5795    184.847    35.3209    22.1845    184.306      9.125    29.3587 -9.990e-29
    143.500      9.094    29.3611   5.814671     0.0514   120.0000     0.1102 1.7759e+02     2.5751    185.068    35.3205    22.1842    183.563      9.043    29.3589 -9.990e-29
    143.750      9.010    29.3612   5.814711     0.0220   -20.0000     0.1066 1.7178e+02     2.5725    185.535    35.3207    22.1843    183.598      8.960    29.3590 -9.990e-29
    144.000      8.939    29.3615   5.814734     0.0294   140.0000     0.1065 1.5672e+02     2.5686    185.947    35.3206    22.1842    183.460      8.889    29.3593 -9.990e-29
    144.250      8.887    29.3623   5.814782     0.0220    10.0000     0.1066 1.2827e+02     2.5663    186.230    35.3204    22.1837    183.553      8.838    29.3601 -9.990e-29
    144.500      8.856    29.3629   5.814892     0.0661    10.0000     0.1071 1.2099e+02     2.5648    186.800    35.3207    22.1837    183.848      8.807    29.3607 -9.990e-29
    144.750      8.841    29.3638   5.814971     0.0220  -110.0000     0.0959 1.1630e+02     2.5664    187.177    35.3206    22.1833    184.358      8.792    29.3616 -9.990e-29
    145.000      8.843    29.3638   5.815042     0.0441  -220.0000     0.0959 1.3119e+02     2.5676    187.479    35.3211    22.1837    184.755      8.794    29.3616 -9.990e-29
    145.250      8.852    29.3643   5.815042     0.0661   200.0000     0.0956 1.5100e+02     2.5725    187.713    35.3207    22.1833    185.425      8.803    29.3621 -9.990e-29
    145.500      8.872    29.3644   5.815081     0.0808    30.0000     0.0978 1.7833e+02     2.5802    188.170    35.3209    22.1834    186.137      8.823    29.3622 -9.990e-29
    145.750      8.888    29.3648   5.815121     0.0441   140.0000     0.0980 1.9681e+02     2.5828    188.652    35.3209    22.1832    185.991      8.839    29.3626 -9.990e-29
    146.000      8.907    29.3649   5.815152     0.0441   -20.0000     0.0979 1.8019e+02     2.5840    188.888    35.3210    22.1833    185.615      8.857    29.3627 -9.990e-29
    146.250      8.936    29.3648   5.815121     0.0588    10.0000     0.1127 1.4482e+02     2.5889    189.003    35.3209    22.1832    185.566      8.886    29.3626 -9.990e-29
    146.500      8.972    29.3652   5.815152     0.0441   200.0000     0.1125 1.2769e+02     2.5865    189.446    35.3208    22.1830    184.925      8.922    29.3630 -9.990e-29
    146.750      9.038    29.3649   5.815129     0.0294    60.0000     0.1125 1.1848e+02     2.5738    189.618    35.3208    22.1831    183.581      8.988    29.3627 -9.990e-29
    147.000      9.138    29.3639   5.815121     0.0514   170.0000     0.1126 1.1912e+02     2.5689    189.966    35.3215    22.1840    183.134      9.087    29.3617 -9.990e-29
    147.250      9.265    29.3631   5.814932     0.0881   -20.0000     0.0972 1.2265e+02     2.5677    189.512    35.3207    22.1837    183.155      9.213    29.3608 -9.990e-29
    147.500      9.397    29.3610   5.814743     0.0514    90.0000     0.0967 1.3176e+02     2.5648    191.687    35.3209    22.1846    183.251      9.345    29.3587 -9.990e-29
    147.750      9.521    29.3595   5.814443     0.0441   -50.0000     0.0971 1.5406e+02     2.5641    190.840    35.3200    22.1844    183.589      9.468    29.3572 -9.990e-29
    148.000      9.592    29.3579   5.814333     0.0514    60.0000     0.0999 1.5743e+02     2.5663    190.323    35.3204    22.1852    183.976      9.539    29.3556 -9.990e-29
    148.250      9.594    29.3567   5.814183     0.0220   170.0000     0.0999 1.6213e+02     2.5673    189.794    35.3202    22.1855    184.150      9.541    29.3544 -9.990e-29
    148.500      9.525    29.3563   5.814033     0.0661    60.0000     0.1001 1.6701e+02     2.5680    189.021    35.3195    22.1851    184.222      9.472    29.3540 -9.990e-29
    148.750      9.383    29.3562   5.814112     0.0588  -110.0000     0.1061 1.6259e+02     2.5680    188.440    35.3202    22.1856    184.119      9.331    29.3539 -9.990e-29
    149.000      9.201    29.3563   5.814151     0.0588   140.0000     0.1059 1.5581e+02     2.5690    187.699    35.3204    22.1857    183.985      9.150    29.3541 -9.990e-29
    149.250      9.008    29.3571   5.814182     0.0661   -80.0000     0.1061 1.6095e+02     2.5688    187.192    35.3201    22.1852    183.747      8.958    29.3549 -9.990e-29
    149.500      8.843    29.3579   5.814332     0.0514   -50.0000     0.1065 1.6669e+02     2.5668    186.702    35.3206    22.1853    183.370      8.794    29.3557 -9.990e-29
    149.750      8.736    29.3591   5.814482     0.0588    60.0000     0.1101 1.6792e+02     2.5649    187.121    35.3207    22.1850    183.024      8.687    29.3570 -9.990e-29
    150.000      8.690    29.3598   5.814561     0.0441   170.0000     0.1099 1.4950e+02     2.5599    187.440    35.3208    22.1848    182.400      8.642    29.3577 -9.990e-29
    150.250      8.719    29.3610   5.814592     0.0441   -20.0000     0.1104 1.4542e+02     2.5564    188.196    35.3201    22.1839    181.912      8.670    29.3589 -9.990e-29
    150.500      8.823    29.3620   5.814861     0.0441    90.0000     0.0960 1.4665e+02     2.5538    189.343    35.3212    22.1844    181.581      8.774    29.3598 -9.990e-29
    150.750      8.976    29.3619   5.814932     0.0367   230.0000     0.0965 1.4850e+02     2.5506    189.960    35.3217    22.1848    181.307      8.926    29.3597 -9.990e-29
    151.000      9.156    29.3614   5.814742     0.0441    60.0000     0.0963 1.4354e+02     2.5461    190.371    35.3207    22.1843    180.947      9.105    29.3592 -9.990e-29
    151.250      9.225    29.3606   5.814561     0.0514    10.0000     0.1003 1.4148e+02     2.5394    191.058    35.3200    22.1840    180.331      9.174    29.3583 -9.990e-29
    151.500      9.247    29.3604   5.814522     0.0881    30.0000     0.1003 1.6025e+02     2.5360    190.864    35.3199    22.1840    180.128      9.196    29.3581 -9.990e-29
    151.750      9.168    29.3604   5.814593     0.0441    30.0000     0.0999 1.5126e+02     2.5355    189.315    35.3204    22.1844    180.289      9.117    29.3582 -9.990e-29
    152.000      9.038    29.3605   5.814482     0.0881   230.0000     0.1025 1.3908e+02     2.5314    188.364    35.3196    22.1837    180.146      8.988    29.3583 -9.990e-29
    152.250      8.810    29.3610   5.814592     0.0441   -50.0000     0.1029 1.8223e+02     2.5265    187.744    35.3201    22.1839    179.852      8.761    29.3588 -9.990e-29
    152.500      8.508    29.3624   5.814711     0.0514    90.0000     0.1033 2.7079e+02     2.5284    187.034    35.3200    22.1833    179.983      8.461    29.3603 -9.990e-29
    152.750      8.163    29.3642   5.814892     0.0441   140.0000     0.1031 2.1558e+02     2.5299    186.751    35.3200    22.1827    179.901      8.118    29.3622 -9.990e-29
    153.000      7.787    29.3663   5.815152     0.0367   -20.0000     0.0965 2.5356e+02     2.5289    186.928    35.3203    22.1822    179.513      7.744    29.3644 -9.990e-29
    153.250      7.425    29.3692   5.815301     0.0588    60.0000     0.0967 2.0686e+02     2.5254    187.132    35.3193    22.1804    178.881      7.384    29.3674 -9.990e-29
    153.500      7.109    29.3718   5.815861     0.0367    60.0000     0.0967 1.8437e+02     2.5197    187.540    35.3213    22.1810    178.143      7.069    29.3701 -9.990e-29
    153.750      6.843    29.3739   5.816090     0.0367    90.0000     0.0953 1.9529e+02     2.5104    187.919    35.3214    22.1804    177.203      6.805    29.3722 -9.990e-29
    154.000      6.652    29.3757   5.816311     0.0441   120.0000     0.0955 1.8525e+02     2.5007    188.195    35.3217    22.1799    176.124      6.615    29.3741 -9.990e-29
    154.250      6.527    29.3767   5.816389     0.0441    30.0000     0.0953 1.5450e+02     2.4962    188.246    35.3215    22.1795    175.245      6.491    29.3751 -9.990e-29
    154.500      6.438    29.3795   5.816389     0.0588    90.0000     0.0990 1.2955e+02     2.4981    188.066    35.3195    22.1770    174.694      6.402    29.3779 -9.990e-29
    154.750      6.372    29.3819   5.816910     0.0514  2750.0000     0.0991 1.2431e+02     2.4944    187.781    35.3213    22.1775    173.458      6.337    29.3803 -9.990e-29
    155.000      6.320    29.3869   5.817020     0.0367    30.0000     0.0991 1.2539e+02     2.4788    187.094    35.3184    22.1737    171.279      6.285    29.3854 -9.990e-29
    155.250      6.249    29.3944   5.817580     0.0661   -20.0000     0.0989 1.2585e+02     2.4539    186.542    35.3167    22.1699    168.921      6.214    29.3929 -9.990e-29
    155.500      6.141    29.4021   5.818779     0.0367    90.0000     0.1003 1.5172e+02     2.4275    186.087    35.3193    22.1692    167.195      6.107    29.4006 -9.990e-29
    155.750      5.992    29.4104   5.819639     0.0367   170.0000     0.1006 1.7129e+02     2.4013    185.594    35.3191    22.1662    166.119      5.959    29.4089 -9.990e-29
    156.000      5.796    29.4204   5.820538     0.0441   -20.0000     0.1003 2.9655e+02     2.3896    184.966    35.3180    22.1620    166.642      5.764    29.4190 -9.990e-29
    156.250      5.578    29.4321   5.821808     0.0514    90.0000     0.1039 2.7068e+02     2.4042    184.149    35.3181    22.1581    169.513      5.547    29.4307 -9.990e-29
    156.500      5.358    29.4442   5.822858     0.0441    60.0000     0.1040 1.6927e+02     2.4238    183.700    35.3164    22.1528    172.686      5.328    29.4429 -9.990e-29
    156.750      5.152    29.4570   5.823978     0.0661   120.0000     0.1039 1.7241e+02     2.4344    183.620    35.3148    22.1472    174.426      5.123    29.4557 -9.990e-29
    157.000      4.956    29.4689   5.825777     0.0588    30.0000     0.0973 1.9827e+02     2.4381    183.242    35.3184    22.1459    174.612      4.928    29.4677 -9.990e-29
    157.250      4.754    29.4877   5.826266     0.0441    60.0000     0.0971 1.8767e+02     2.4434    182.738    35.3080    22.1317    174.302      4.728    29.4865 -9.990e-29
    157.500      4.534    29.5099   5.828398     0.0367    90.0000     0.0979 1.8975e+02     2.4585    182.960    35.3063    22.1229    174.935      4.509    29.5088 -9.990e-29
    157.750      4.305    29.5271   5.831887     0.0367   120.0000     0.0976 2.4151e+02     2.4619    183.237    35.3175    22.1255    174.715      4.281    29.5260 -9.990e-29
