cruises/P45_06/L2/CTD/Derived_Parameter/P45_06_CTD_05_der.cnv
* Sea-Bird SBE19plus  Data File:
* FileName = C:\Users\OA_2023-03\Desktop\Bathymetry\ctd_casts\proble cast 2002.hex
* Software version 2.3.0 SB_Terminal.dll
* Temperature SN = 8460
* Conductivity SN = 8460
* System UpLoad Time = Apr 16 2026 17:52:48
* <ApplicationData>
* <SeatermAF>
# nquan = 16                                
# nvalues = 5576                        
# units = specified
# name 0 = timeS: Time, Elapsed [seconds]
# name 1 = prdM: Pressure, Strain Gauge [db]
# name 2 = tv290C: Temperature [ITS-90, deg C]
# name 3 = c0S/m: Conductivity [S/m]
# name 4 = flECO-AFL: Fluorescence, WET Labs ECO-AFL/FL [mg/m^3]
# name 5 = flECO-AFL1: Fluorescence, WET Labs ECO-AFL/FL, 2 [mg/m^3]
# name 6 = CStarAt0: Beam Attenuation, WET Labs C-Star [1/m]
# name 7 = par/sat/log: PAR/Logarithmic, Satlantic [umol photons/m^2/sec]
# name 8 = sbeox0V: Oxygen raw, SBE 43 [V]
# name 9 = sbeox0Mm/L: Oxygen, SBE 43 [umol/l]
# name 10 = sal00: Salinity, Practical [PSU]
# name 11 = sigma-é00: Density [sigma-theta, kg/m^3]
# name 12 = sbox0Mm/Kg: Oxygen, SBE 43 [umol/kg], WS = 2
# name 13 = depSM: Depth [salt water, m], lat = 5.51
# name 14 = potemp090C: Potential Temperature [ITS-90, deg C]
# name 15 = flag: flag
# span 0 =      0.000,   1393.750       
# span 1 =     -0.125,     73.964       
# span 2 =    18.3364,    29.4507       
# span 3 =  -0.251727,   5.807033       
# span 4 =    -4.8477,     4.4584       
# span 5 =-85630.0000, 35270.0000       
# span 6 =     0.0545,    22.7930       
# span 7 = 1.1792e-01, 2.9764e+02       
# span 8 =     1.4314,     2.5962       
# span 9 =     97.389,    201.906       
# span 10 =     0.0000,    35.8723      
# span 11 =    -4.0172,    25.7863      
# span 12 =     95.663,    211.011      
# span 13 =     -0.124,     73.541      
# span 14 =    18.3235,    29.4502      
# span 15 = 0.0000e+00, 0.0000e+00      
# interval = seconds: 0.25
# start_time = Apr 16 2026 17:14:45 [Instrument's time stamp, header]
# bad_flag = -9.990e-29
*END*
[from data line 1447]
    361.750      2.946    29.3473   5.790634     0.0294  -110.0000     0.0959 5.0663e+01     1.8138    114.796    35.1677    22.0737    116.477      2.930    29.3466 0.0000e+00
    362.000      3.084    29.3500   5.791154     0.0367   -20.0000     0.0960 4.4941e+01     1.8157    115.730    35.1693    22.0739    116.983      3.067    29.3492 0.0000e+00
    362.250      3.259    29.3541   5.791264     0.0367    60.0000     0.0960 4.1826e+01     1.8188    116.827    35.1670    22.0708    117.376      3.241    29.3533 0.0000e+00
    362.500      3.424    29.3574   5.789965     0.0367    90.0000     0.0770 4.4573e+01     1.8240    118.637    35.1556    22.0612    117.789      3.405    29.3566 0.0000e+00
    362.750      3.564    29.3596   5.790115     0.0147    90.0000     0.0770 4.7747e+01     1.8277    121.083    35.1550    22.0600    117.919      3.544    29.3587 0.0000e+00
    363.000      3.657    29.3604   5.789965     0.0441   -80.0000     0.0767 5.1917e+01     1.8281    123.015    35.1534    22.0585    117.666      3.637    29.3595 0.0000e+00
    363.250      3.691    29.3605   5.790374     0.0367   200.0000     0.0774 5.2380e+01     1.8255    124.760    35.1561    22.0605    117.123      3.671    29.3596 -9.990e-29
    363.500      3.677    29.3601   5.790634     0.0441    10.0000     0.0776 5.1782e+01     1.8235    126.076    35.1581    22.0622    116.709      3.657    29.3592 -9.990e-29
    363.750      3.595    29.3591   5.789516     0.0441   -20.0000     0.0778 5.1004e+01     1.8209    126.895    35.1512    22.0574    116.406      3.575    29.3582 -9.990e-29
    364.000      3.459    29.3573   5.789925     0.0000    60.0000     0.0737 5.2561e+01     1.8180    126.862    35.1554    22.0611    116.193      3.440    29.3565 -9.990e-29
    364.250      3.293    29.3562   5.791154     0.0441   -50.0000     0.0732 5.4154e+01     1.8158    126.300    35.1647    22.0684    116.171      3.275    29.3554 -9.990e-29
    364.500      3.146    29.3552   5.791043     0.0588    90.0000     0.0737 5.4095e+01     1.8156    125.058    35.1647    22.0687    116.256      3.129    29.3544 -9.990e-29
    364.750      3.044    29.3540   5.789705     0.0367  -240.0000     0.0827 5.3133e+01     1.8161    124.057    35.1564    22.0629    116.411      3.027    29.3533 -9.990e-29
    365.000      3.015    29.3530   5.790114     0.0220  -240.0000     0.0829 5.0042e+01     1.8156    122.709    35.1600    22.0659    116.368      2.998    29.3523 -9.990e-29
    365.250      3.062    29.3532   5.791374     0.0220    90.0000     0.0831 4.7398e+01     1.8186    121.297    35.1684    22.0722    116.611      3.045    29.3525 -9.990e-29
    365.500      3.186    29.3544   5.790815     0.0441    30.0000     0.0831 4.4747e+01     1.8156    119.785    35.1637    22.0683    116.273      3.168    29.3536 -9.990e-29
    365.750      3.331    29.3553   5.790650     0.0441  -220.0000     0.0774 4.3591e+01     1.8156    118.559    35.1619    22.0666    116.193      3.313    29.3545 -9.990e-29
    366.000      3.479    29.3568   5.791225     0.0294  -110.0000     0.0778 4.5029e+01     1.8120    117.660    35.1647    22.0682    115.768      3.460    29.3560 -9.990e-29
    366.250      3.584    29.3552   5.790445     0.0220   -80.0000     0.0782 4.7882e+01     1.8122    117.116    35.1605    22.0656    115.635      3.564    29.3543 -9.990e-29
    366.500      3.633    29.3517   5.789296     0.0367   -80.0000     0.0872 5.0543e+01     1.8110    116.946    35.1552    22.0628    115.424      3.613    29.3508 -9.990e-29
    366.750      3.626    29.3516   5.790933     0.0441  -130.0000     0.0874 5.0183e+01     1.8096    117.114    35.1664    22.0713    115.085      3.606    29.3507 -9.990e-29
    367.000      3.542    29.3522   5.791193     0.0073  -190.0000     0.0876 4.9472e+01     1.8066    117.659    35.1678    22.0721    114.587      3.522    29.3513 -9.990e-29
    367.250      3.419    29.3532   5.790406     0.0220    10.0000     0.0764 4.9762e+01     1.8019    118.432    35.1617    22.0672    113.837      3.400    29.3524 -9.990e-29
    367.500      3.271    29.3554   5.791225     0.0220    90.0000     0.0763 5.0927e+01     1.7969    119.471    35.1658    22.0695    113.097      3.253    29.3546 -9.990e-29
    367.750      3.142    29.3582   5.791933     0.0441  -300.0000     0.0764 5.2698e+01     1.7908    120.315    35.1686    22.0707    112.296      3.125    29.3574 -9.990e-29
    368.000      3.068    29.3602   5.791004     0.0147   -50.0000     0.0766 5.5028e+01     1.7836    120.698    35.1608    22.0641    111.508      3.051    29.3595 -9.990e-29
    368.250      3.073    29.3610   5.790594     0.0441   200.0000     0.0774 5.3375e+01     1.7750    120.579    35.1574    22.0613    110.751      3.056    29.3603 -9.990e-29
    368.500      3.148    29.3611   5.791453     0.0294   -50.0000     0.0777 4.9558e+01     1.7678    120.332    35.1632    22.0656    110.241      3.131    29.3603 -9.990e-29
    368.750      3.269    29.3611   5.791933     0.0441   -20.0000     0.0777 4.7060e+01     1.7601    119.878    35.1664    22.0681    109.768      3.251    29.3603 -9.990e-29
    369.000      3.400    29.3620   5.790965     0.0367    10.0000     0.0772 4.6323e+01     1.7541    119.329    35.1591    22.0623    109.517      3.381    29.3612 -9.990e-29
    369.250      3.522    29.3629   5.790744     0.0294   170.0000     0.0772 4.7122e+01     1.7517    118.813    35.1569    22.0603    109.588      3.502    29.3620 -9.990e-29
    369.500      3.608    29.3630   5.790815     0.0367   -20.0000     0.0772 4.9686e+01     1.7500    118.553    35.1573    22.0606    109.702      3.588    29.3621 -9.990e-29
    369.750      3.646    29.3631   5.790855     0.0441   -80.0000     0.0766 5.0806e+01     1.7472    118.516    35.1575    22.0607    109.674      3.626    29.3622 -9.990e-29
    370.000      3.622    29.3637   5.791114     0.0367  -220.0000     0.0769 5.1973e+01     1.7455    118.523    35.1588    22.0615    109.700      3.602    29.3628 -9.990e-29
    370.250      3.553    29.3643   5.791335     0.0367   -20.0000     0.0766 5.2448e+01     1.7433    118.988    35.1599    22.0621    109.648      3.533    29.3634 -9.990e-29
    370.500      3.457    29.3647   5.791524     0.1028   170.0000     0.0765 5.2938e+01     1.7430    118.810    35.1609    22.0627    109.848      3.438    29.3639 -9.990e-29
    370.750      3.368    29.3647   5.792122     0.0294   -80.0000     0.0763 5.0773e+01     1.7419    118.911    35.1651    22.0658    110.125      3.349    29.3639 -9.990e-29
    371.000      3.306    29.3649   5.792303     0.0220  -110.0000     0.0760 5.0162e+01     1.7430    118.582    35.1662    22.0666    110.755      3.288    29.3641 -9.990e-29
    371.250      3.282    29.3654   5.791712     0.0367  -240.0000     0.0760 4.8982e+01     1.7446    118.576    35.1618    22.0631    111.568      3.264    29.3646 -9.990e-29
    371.500      3.300    29.3658   5.791673     0.0220   -80.0000     0.0794 4.8267e+01     1.7492    118.399    35.1612    22.0626    112.644      3.282    29.3650 -9.990e-29
    371.750      3.353    29.3661   5.791374     0.0220   -20.0000     0.0794 4.8038e+01     1.7581    118.193    35.1589    22.0607    114.011      3.334    29.3653 -9.990e-29
    372.000      3.417    29.3623   5.790595     0.0220   -50.0000     0.0791 4.6817e+01     1.7712    117.814    35.1563    22.0601    115.565      3.398    29.3615 -9.990e-29
    372.250      3.480    29.3581   5.790665     0.0588  -190.0000     0.0764 4.6504e+01     1.7859    117.216    35.1599    22.0642    117.151      3.461    29.3573 -9.990e-29
    372.500      3.513    29.3552   5.791224     0.0220   -50.0000     0.0761 4.8131e+01     1.7985    116.648    35.1658    22.0696    118.277      3.494    29.3543 -9.990e-29
    372.750      3.513    29.3544   5.790933     0.0294  -110.0000     0.0763 4.8507e+01     1.8079    115.886    35.1644    22.0688    118.819      3.494    29.3535 -9.990e-29
    373.000      3.477    29.3546   5.791114     0.0441    10.0000     0.0768 4.9579e+01     1.8157    114.992    35.1655    22.0696    118.956      3.458    29.3538 -9.990e-29
    373.250      3.413    29.3562   5.791374     0.0367  -190.0000     0.0767 5.0064e+01     1.8274    113.871    35.1661    22.0695    119.312      3.394    29.3554 -9.990e-29
    373.500      3.342    29.3581   5.792193     0.0294    60.0000     0.0764 4.9590e+01     1.8334    112.919    35.1704    22.0721    119.166      3.323    29.3573 -9.990e-29
    373.750      3.288    29.3596   5.793161     0.0147   -50.0000     0.0772 4.9333e+01     1.8353    111.957    35.1759    22.0757    118.752      3.270    29.3588 -9.990e-29
    374.000      3.280    29.3614   5.792531     0.0367   120.0000     0.0743 4.7582e+01     1.8331    111.259    35.1703    22.0709    118.055      3.262    29.3606 -9.990e-29
    374.250      3.328    29.3645   5.792453     0.0220   -20.0000     0.0743 4.5224e+01     1.8291    111.057    35.1675    22.0677    117.251      3.310    29.3637 -9.990e-29
    374.500      3.435    29.3692   5.793642     0.0367  -130.0000     0.0737 4.5845e+01     1.8259    111.031    35.1721    22.0696    116.754      3.416    29.3684 -9.990e-29
    374.750      3.560    29.3711   5.793161     0.0220    30.0000     0.0763 4.7541e+01     1.8251    111.004    35.1674    22.0655    116.658      3.540    29.3702 -9.990e-29
    375.000      3.669    29.3682   5.791563     0.0367  -110.0000     0.0766 4.7582e+01     1.8238    111.132    35.1586    22.0598    116.577      3.649    29.3673 0.0000e+00
    375.250      3.726    29.3653   5.791154     0.0220    60.0000     0.0766 4.8802e+01     1.8209    111.227    35.1579    22.0603    116.407      3.705    29.3644 -9.990e-29
    375.500      3.715    29.3644   5.792413     0.0367   120.0000     0.0764 4.9237e+01     1.8195    111.461    35.1672    22.0675    116.297      3.694    29.3635 -9.990e-29
    375.750      3.640    29.3644   5.792343     0.0514    90.0000     0.0757 4.8982e+01     1.8185    111.595    35.1667    22.0672    116.279      3.620    29.3635 -9.990e-29
    376.000      3.509    29.3639   5.791673     0.0220   200.0000     0.0760 4.9024e+01     1.8148    111.881    35.1625    22.0642    116.119      3.490    29.3630 -9.990e-29
    376.250      3.338    29.3644   5.791823     0.0441  -220.0000     0.0758 5.0927e+01     1.8154    112.176    35.1632    22.0646    116.511      3.319    29.3636 -9.990e-29
    376.500      3.149    29.3654   5.792933     0.0294    60.0000     0.0769 5.1048e+01     1.8129    112.833    35.1702    22.0694    116.746      3.132    29.3646 -9.990e-29
    376.750      2.979    29.3673   5.792823     0.0000    90.0000     0.0772 5.0971e+01     1.8154    114.039    35.1681    22.0672    117.570      2.962    29.3666 -9.990e-29
    377.000      2.889    29.3687   5.791822     0.0441   -20.0000     0.0766 5.0064e+01     1.8186    115.786    35.1602    22.0608    118.538      2.873    29.3680 -9.990e-29
    377.250      2.915    29.3718   5.793011     0.0220   -50.0000     0.0807 5.1325e+01     1.8270    117.812    35.1661    22.0642    119.828      2.899    29.3711 -9.990e-29
    377.500      3.028    29.3766   5.794311     0.0294   -20.0000     0.0806 5.3064e+01     1.8377    119.640    35.1714    22.0666    121.170      3.011    29.3759 -9.990e-29
    377.750      3.224    29.3809   5.794831     0.0367   -50.0000     0.0807 4.8866e+01     1.8503    121.074    35.1718    22.0654    122.323      3.206    29.3801 -9.990e-29
    378.000      3.438    29.3833   5.793382     0.0147  -190.0000     0.0756 4.4863e+01     1.8629    122.164    35.1600    22.0558    123.185      3.419    29.3825 -9.990e-29
    378.250      3.629    29.3814   5.792153     0.0294   170.0000     0.0755 4.4805e+01     1.8721    123.506    35.1530    22.0511    123.408      3.609    29.3805 -9.990e-29
    378.500      3.788    29.3804   5.792492     0.0294    10.0000     0.0756 4.8309e+01     1.8782    124.037    35.1560    22.0537    123.112      3.767    29.3795 0.0000e+00
    378.750      3.878    29.3793   5.791634     0.0147   -50.0000     0.0759 5.0663e+01     1.8790    123.909    35.1509    22.0503    122.233      3.856    29.3784 0.0000e+00
    379.000      3.887    29.3775   5.792791     0.0220  -160.0000     0.0751 4.7861e+01     1.8774    123.138    35.1601    22.0578    121.167      3.865    29.3766 -9.990e-29
    379.250      3.817    29.3766   5.793232     0.0294   170.0000     0.0747 4.6898e+01     1.8722    122.059    35.1638    22.0609    119.912      3.796    29.3757 -9.990e-29
    379.500      3.686    29.3747   5.791862     0.0220    10.0000     0.0749 4.9248e+01     1.8638    121.081    35.1559    22.0556    118.530      3.666    29.3738 -9.990e-29
    379.750      3.517    29.3736   5.792413     0.0294    90.0000     0.0766 5.2618e+01     1.8541    120.411    35.1605    22.0594    117.207      3.497    29.3727 -9.990e-29
    380.000      3.348    29.3733   5.793571     0.0441   120.0000     0.0763 5.4025e+01     1.8444    119.785    35.1687    22.0656    116.011      3.329    29.3725 -9.990e-29
    380.250      3.209    29.3718   5.793161     0.0367   170.0000     0.0772 5.3433e+01     1.8337    119.070    35.1670    22.0649    114.874      3.191    29.3710 -9.990e-29
    380.500      3.124    29.3677   5.791484     0.1175    30.0000     0.0747 5.0674e+01     1.8224    118.742    35.1586    22.0599    113.801      3.107    29.3669 -9.990e-29
    380.750      3.086    29.3653   5.791744     0.0294    30.0000     0.0748 4.9504e+01     1.8115    118.624    35.1621    22.0634    112.815      3.069    29.3645 -9.990e-29
    381.000      3.086    29.3645   5.793051     0.0294  -110.0000     0.0747 4.7624e+01     1.8003    118.311    35.1716    22.0708    111.823      3.069    29.3637 -9.990e-29
    381.250      3.120    29.3648   5.792122     0.0294   120.0000     0.0749 4.6193e+01     1.7895    118.462    35.1650    22.0658    110.925      3.103    29.3640 -9.990e-29
    381.500      3.191    29.3653   5.792004     0.0220    60.0000     0.0751 4.4670e+01     1.7793    118.255    35.1639    22.0647    110.105      3.173    29.3645 -9.990e-29
    381.750      3.293    29.3654   5.793311     0.0367    30.0000     0.0752 4.3253e+01     1.7696    118.548    35.1727    22.0713    109.332      3.275    29.3646 -9.990e-29
    382.000      3.404    29.3661   5.793272     0.0367  -160.0000     0.0749 4.3685e+01     1.7596    119.015    35.1719    22.0705    108.510      3.385    29.3653 -9.990e-29
    382.250      3.515    29.3671   5.792413     0.0294  -110.0000     0.0764 4.5726e+01     1.7504    120.141    35.1652    22.0652    107.748      3.495    29.3662 -9.990e-29
    382.500      3.597    29.3682   5.792642     0.0220   -50.0000     0.0762 4.8445e+01     1.7417    121.609    35.1660    22.0654    107.056      3.577    29.3673 -9.990e-29
    382.750      3.648    29.3691   5.793311     0.0000  -110.0000     0.0762 5.0521e+01     1.7332    123.379    35.1699    22.0680    106.375      3.628    29.3682 -9.990e-29
    383.000      3.664    29.3696   5.792933     0.0220    30.0000     0.0739 5.1059e+01     1.7231    125.229    35.1669    22.0656    105.580      3.644    29.3687 -9.990e-29
    383.250      3.638    29.3701   5.793161     0.0294    30.0000     0.0732 5.1281e+01     1.7143    126.625    35.1681    22.0663    104.941      3.618    29.3692 -9.990e-29
    383.500      3.584    29.3708   5.793201     0.0220   -80.0000     0.0736 5.2402e+01     1.7078    127.595    35.1679    22.0659    104.548      3.564    29.3699 -9.990e-29
    383.750      3.509    29.3713   5.793083     0.0220  -130.0000     0.0839 5.1548e+01     1.6999    127.693    35.1668    22.0649    104.056      3.490    29.3704 -9.990e-29
