cruises/P45_06/L2/CTD/Derived_Parameter/P45_06_CTD_05_der.cnv
* Sea-Bird SBE19plus  Data File:
* FileName = C:\Users\OA_2023-03\Desktop\Bathymetry\ctd_casts\proble cast 2002.hex
* Software version 2.3.0 SB_Terminal.dll
* Temperature SN = 8460
* Conductivity SN = 8460
* System UpLoad Time = Apr 16 2026 17:52:48
* <ApplicationData>
* <SeatermAF>
# nquan = 16                                
# nvalues = 5576                        
# units = specified
# name 0 = timeS: Time, Elapsed [seconds]
# name 1 = prdM: Pressure, Strain Gauge [db]
# name 2 = tv290C: Temperature [ITS-90, deg C]
# name 3 = c0S/m: Conductivity [S/m]
# name 4 = flECO-AFL: Fluorescence, WET Labs ECO-AFL/FL [mg/m^3]
# name 5 = flECO-AFL1: Fluorescence, WET Labs ECO-AFL/FL, 2 [mg/m^3]
# name 6 = CStarAt0: Beam Attenuation, WET Labs C-Star [1/m]
# name 7 = par/sat/log: PAR/Logarithmic, Satlantic [umol photons/m^2/sec]
# name 8 = sbeox0V: Oxygen raw, SBE 43 [V]
# name 9 = sbeox0Mm/L: Oxygen, SBE 43 [umol/l]
# name 10 = sal00: Salinity, Practical [PSU]
# name 11 = sigma-é00: Density [sigma-theta, kg/m^3]
# name 12 = sbox0Mm/Kg: Oxygen, SBE 43 [umol/kg], WS = 2
# name 13 = depSM: Depth [salt water, m], lat = 5.51
# name 14 = potemp090C: Potential Temperature [ITS-90, deg C]
# name 15 = flag: flag
# span 0 =      0.000,   1393.750       
# span 1 =     -0.125,     73.964       
# span 2 =    18.3364,    29.4507       
# span 3 =  -0.251727,   5.807033       
# span 4 =    -4.8477,     4.4584       
# span 5 =-85630.0000, 35270.0000       
# span 6 =     0.0545,    22.7930       
# span 7 = 1.1792e-01, 2.9764e+02       
# span 8 =     1.4314,     2.5962       
# span 9 =     97.389,    201.906       
# span 10 =     0.0000,    35.8723      
# span 11 =    -4.0172,    25.7863      
# span 12 =     95.663,    211.011      
# span 13 =     -0.124,     73.541      
# span 14 =    18.3235,    29.4502      
# span 15 = 0.0000e+00, 0.0000e+00      
# interval = seconds: 0.25
# start_time = Apr 16 2026 17:14:45 [Instrument's time stamp, header]
# bad_flag = -9.990e-29
*END*
[from data line 1266]
    316.500      3.777    29.2944   5.781986     0.0294  -130.0000     0.0823 5.0938e+01     1.8019    108.958    35.1470    22.0760    116.984      3.756    29.2935 -9.990e-29
    316.750      3.728    29.2952   5.782647    -0.0588  -220.0000     0.0825 5.0532e+01     1.8125    108.923    35.1510    22.0787    117.365      3.707    29.2943 -9.990e-29
    317.000      3.635    29.2972   5.782096     0.0367  -190.0000     0.0739 5.0641e+01     1.8126    108.974    35.1458    22.0741    116.817      3.615    29.2963 -9.990e-29
    317.250      3.522    29.2999   5.782277     0.0367  -110.0000     0.0741 5.2063e+01     1.8103    109.495    35.1451    22.0727    116.160      3.502    29.2990 -9.990e-29
    317.500      3.406    29.3008   5.782387     0.0367    90.0000     0.0741 5.1203e+01     1.8063    109.925    35.1452    22.0725    115.543      3.387    29.3000 -9.990e-29
    317.750      3.290    29.2956   5.781427     0.0220    90.0000     0.0768 5.2516e+01     1.8033    110.197    35.1425    22.0722    115.242      3.272    29.2948 -9.990e-29
    318.000      3.204    29.2886   5.781018     0.0367    90.0000     0.0766 5.2743e+01     1.8024    110.458    35.1448    22.0763    115.479      3.186    29.2878 -9.990e-29
    318.250      3.150    29.2839   5.782056     0.0220    90.0000     0.0770 5.3444e+01     1.8024    110.567    35.1554    22.0858    116.121      3.133    29.2831 -9.990e-29
    318.500      3.128    29.2786   5.782316     0.0220    90.0000     0.0767 5.1704e+01     1.8055    110.729    35.1611    22.0918    117.282      3.111    29.2778 -9.990e-29
    318.750      3.152    29.2739   5.780979     0.0220  -160.0000     0.0766 5.1359e+01     1.8099    110.984    35.1554    22.0891    118.666      3.135    29.2731 -9.990e-29
    319.000      3.231    29.2772   5.781986     0.0514   -20.0000     0.0770 5.0905e+01     1.8157    111.201    35.1598    22.0914    120.102      3.213    29.2764 -9.990e-29
    319.250      3.348    29.2928   5.784354     0.0441   -50.0000     0.0771 4.8069e+01     1.8327    111.368    35.1646    22.0897    122.324      3.329    29.2920 -9.990e-29
    319.500      3.486    29.3101   5.784205     0.0367    90.0000     0.0739 4.5587e+01     1.8521    111.670    35.1508    22.0736    124.489      3.467    29.3093 -9.990e-29
    319.750      3.619    29.3170   5.782245     0.0294   -50.0000     0.0735 4.4941e+01     1.8723    112.543    35.1323    22.0573    126.320      3.599    29.3161 -9.990e-29
    320.000      3.733    29.3126   5.781608     0.0147   120.0000     0.0735 4.7071e+01     1.8901    113.793    35.1311    22.0579    127.464      3.712    29.3117 -9.990e-29
    320.250      3.790    29.3066   5.781576     0.0294  -130.0000     0.0833 5.0216e+01     1.9034    115.487    35.1353    22.0631    127.733      3.769    29.3057 -9.990e-29
    320.500      3.780    29.3014   5.782615     0.0294  -160.0000     0.0832 4.9322e+01     1.9149    116.930    35.1462    22.0731    127.636      3.759    29.3005 -9.990e-29
    320.750      3.695    29.2991   5.782056     0.0220  -160.0000     0.0833 4.9418e+01     1.9179    118.060    35.1441    22.0722    126.692      3.674    29.2982 -9.990e-29
    321.000      3.550    29.2974   5.782206     0.0294   140.0000     0.0735 5.0773e+01     1.9168    119.269    35.1464    22.0745    125.443      3.530    29.2965 -9.990e-29
    321.250      3.373    29.2975   5.783394     0.0514    30.0000     0.0737 5.3121e+01     1.9133    120.223    35.1545    22.0806    124.116      3.354    29.2967 -9.990e-29
    321.500      3.195    29.2989   5.783024     0.0220   -50.0000     0.0742 5.4933e+01     1.9069    120.905    35.1510    22.0775    122.725      3.177    29.2981 -9.990e-29
    321.750      3.053    29.2996   5.781946     0.0514  -110.0000     0.0738 5.4131e+01     1.8971    121.831    35.1432    22.0713    121.281      3.036    29.2989 -9.990e-29
    322.000      2.986    29.3003   5.782686     0.0294  -160.0000     0.0800 5.1259e+01     1.8865    121.546    35.1477    22.0745    119.912      2.969    29.2996 -9.990e-29
    322.250      2.999    29.3044   5.784283     0.0367    30.0000     0.0800 4.8288e+01     1.8750    120.855    35.1557    22.0791    118.604      2.982    29.3037 -9.990e-29
    322.500      3.093    29.3195   5.784991     0.0294  -240.0000     0.0801 4.7142e+01     1.8639    119.936    35.1494    22.0693    117.411      3.076    29.3187 -9.990e-29
    322.750      3.255    29.3346   5.786699     0.0294    10.0000     0.0757 4.5155e+01     1.8518    119.072    35.1500    22.0647    116.227      3.237    29.3338 -9.990e-29
    323.000      3.441    29.3402   5.785880     0.0367   -20.0000     0.0760 4.5459e+01     1.8399    118.402    35.1402    22.0555    115.117      3.422    29.3394 -9.990e-29
    323.250      3.597    29.3247   5.782465     0.0147   -20.0000     0.0757 4.7634e+01     1.8291    117.943    35.1282    22.0516    114.222      3.577    29.3238 -9.990e-29
    323.500      3.708    29.3136   5.782056     0.0294    10.0000     0.0776 5.2538e+01     1.8158    117.967    35.1335    22.0594    113.147      3.687    29.3127 -9.990e-29
    323.750      3.762    29.3104   5.784063     0.0514  -110.0000     0.0774 5.7077e+01     1.8045    118.340    35.1495    22.0725    112.318      3.741    29.3095 -9.990e-29
    324.000      3.740    29.3112   5.784913     0.0294   -50.0000     0.0772 5.7139e+01     1.7926    119.207    35.1548    22.0762    111.479      3.719    29.3103 -9.990e-29
    324.250      3.646    29.3103   5.783575     0.0441    10.0000     0.0773 5.5675e+01     1.7835    121.428    35.1463    22.0701    110.929      3.626    29.3094 -9.990e-29
    324.500      3.508    29.3076   5.783024     0.0294    10.0000     0.0760 5.5747e+01     1.7754    124.112    35.1446    22.0697    110.499      3.489    29.3067 -9.990e-29
    324.750      3.344    29.3058   5.784613     0.0441   -20.0000     0.0759 5.8036e+01     1.7687    126.948    35.1568    22.0795    110.136      3.325    29.3050 -9.990e-29
    325.000      3.210    29.3052   5.784802     0.0220    60.0000     0.0756 6.0799e+01     1.7622    129.526    35.1586    22.0810    109.761      3.192    29.3044 -9.990e-29
    325.250      3.128    29.3003   5.783315     0.0220   120.0000     0.0782 5.8464e+01     1.7559    131.506    35.1520    22.0777    109.347      3.111    29.2995 -9.990e-29
    325.500      3.108    29.2956   5.782536     0.0220    30.0000     0.0778 5.5795e+01     1.7500    133.019    35.1501    22.0779    108.919      3.091    29.2948 -9.990e-29
    325.750      3.144    29.2941   5.784283     0.0220   140.0000     0.0778 5.2675e+01     1.7445    133.316    35.1632    22.0882    108.521      3.127    29.2933 -9.990e-29
    326.000      3.231    29.2956   5.784842     0.0367   -80.0000     0.0774 5.0872e+01     1.7391    132.744    35.1659    22.0897    108.217      3.213    29.2948 -9.990e-29
    326.250      3.339    29.2977   5.783544     0.0367  -130.0000     0.0772 4.8950e+01     1.7341    131.464    35.1554    22.0812    108.171      3.320    29.2969 -9.990e-29
    326.500      3.457    29.2996   5.783685     0.0588    10.0000     0.0774 4.8090e+01     1.7286    129.720    35.1550    22.0802    108.156      3.438    29.2988 -9.990e-29
    326.750      3.553    29.3009   5.784913     0.0220   120.0000     0.0775 4.9312e+01     1.7254    127.560    35.1624    22.0853    108.330      3.533    29.3000 -9.990e-29
    327.000      3.624    29.3012   5.784692     0.0367    30.0000     0.0753 5.0172e+01     1.7253    125.408    35.1606    22.0839    108.817      3.604    29.3003 -9.990e-29
    327.250      3.651    29.3023   5.783614     0.0220   120.0000     0.0755 5.0466e+01     1.7331    123.325    35.1524    22.0774    109.984      3.631    29.3014 -9.990e-29
    327.500      3.633    29.3033   5.784393     0.0220   -20.0000     0.0755 4.9558e+01     1.7377    121.473    35.1570    22.0805    110.734      3.613    29.3024 -9.990e-29
    327.750      3.579    29.3048   5.785322     0.0441    10.0000     0.0787 4.9312e+01     1.7399    119.773    35.1623    22.0840    111.037      3.559    29.3039 -9.990e-29
    328.000      3.506    29.3081   5.784803     0.0220    60.0000     0.0787 4.9622e+01     1.7455    118.268    35.1564    22.0784    111.460      3.487    29.3072 -9.990e-29
    328.250      3.430    29.3110   5.784283     0.0294    60.0000     0.0786 5.0270e+01     1.7509    117.007    35.1507    22.0732    111.664      3.411    29.3102 -9.990e-29
    328.500      3.361    29.3133   5.784732     0.0367    30.0000     0.0836 5.1104e+01     1.7542    115.603    35.1521    22.0734    111.652      3.342    29.3125 -9.990e-29
    328.750      3.321    29.3164   5.784472     0.0294    90.0000     0.0836 5.0740e+01     1.7549    114.483    35.1481    22.0694    111.362      3.303    29.3156 -9.990e-29
    329.000      3.302    29.3185   5.783913     0.0220   140.0000     0.0842 4.9902e+01     1.7562    113.347    35.1427    22.0646    111.072      3.284    29.3177 -9.990e-29
    329.250      3.308    29.3188   5.783575     0.0294   -50.0000     0.0763 4.8929e+01     1.7541    112.547    35.1402    22.0626    110.531      3.290    29.3180 -9.990e-29
    329.500      3.339    29.3191   5.784354     0.0367  -270.0000     0.0767 4.7778e+01     1.7504    111.904    35.1453    22.0664    109.873      3.320    29.3183 -9.990e-29
    329.750      3.395    29.3191   5.785471     0.0000  -270.0000     0.0763 4.6063e+01     1.7467    111.479    35.1529    22.0721    109.246      3.376    29.3183 -9.990e-29
    330.000      3.457    29.3205   5.784393     0.0220   -20.0000     0.0767 4.4612e+01     1.7434    111.129    35.1445    22.0653    108.684      3.438    29.3197 -9.990e-29
    330.250      3.519    29.3213   5.783984     0.0588  -130.0000     0.0811 4.5009e+01     1.7399    110.818    35.1411    22.0625    108.181      3.499    29.3204 -9.990e-29
    330.500      3.575    29.3213   5.784952     0.0367   -50.0000     0.0807 4.6594e+01     1.7333    110.574    35.1477    22.0674    107.424      3.555    29.3204 -9.990e-29
    330.750      3.613    29.3214   5.785652    -0.0073    10.0000     0.0811 4.7562e+01     1.7263    110.319    35.1524    22.0710    106.622      3.593    29.3205 -9.990e-29
    331.000      3.639    29.3232   5.784802     0.0367    60.0000     0.0751 4.7861e+01     1.7195    110.041    35.1453    22.0650    105.919      3.619    29.3223 -9.990e-29
    331.250      3.633    29.3246   5.784244     0.0220  -130.0000     0.0755 4.7469e+01     1.7129    109.731    35.1404    22.0609    105.303      3.613    29.3237 -9.990e-29
    331.500      3.602    29.3248   5.784503     0.0514    60.0000     0.0753 4.7459e+01     1.7062    109.318    35.1420    22.0620    104.750      3.582    29.3239 -9.990e-29
    331.750      3.539    29.3238   5.784582     0.0441   -80.0000     0.0740 4.9783e+01     1.6983    109.126    35.1433    22.0633    104.097      3.519    29.3229 -9.990e-29
    332.000      3.468    29.3231   5.784731     0.0147  -160.0000     0.0737 5.1850e+01     1.6937    109.298    35.1449    22.0647    103.720      3.449    29.3223 -9.990e-29
    332.250      3.391    29.3234   5.785731     0.0073  -160.0000     0.0737 5.1917e+01     1.6880    110.425    35.1515    22.0696    103.170      3.372    29.3226 -9.990e-29
    332.500      3.340    29.3238   5.786250     0.0441  -110.0000     0.0742 5.2018e+01     1.6822    111.335    35.1548    22.0719    102.687      3.321    29.3230 -9.990e-29
    332.750      3.319    29.3190   5.784613     0.0220  -160.0000     0.0764 4.9258e+01     1.6763    112.023    35.1471    22.0678    102.216      3.301    29.3182 -9.990e-29
    333.000      3.330    29.3142   5.784393     0.0441   -20.0000     0.0766 4.9269e+01     1.6698    113.039    35.1491    22.0709    101.664      3.312    29.3134 -9.990e-29
    333.250      3.357    29.3123   5.786140     0.0441  -130.0000     0.0762 4.6023e+01     1.6608    114.008    35.1625    22.0816    100.910      3.338    29.3115 -9.990e-29
    333.500      3.400    29.3126   5.785731     0.0294   -50.0000     0.0739 4.8918e+01     1.6580    114.667    35.1595    22.0792    100.733      3.381    29.3118 -9.990e-29
    333.750      3.450    29.3122   5.784582     0.0294    90.0000     0.0742 5.0227e+01     1.6529    114.862    35.1519    22.0736    100.347      3.431    29.3114 -9.990e-29
    334.000      3.486    29.3120   5.785023     0.0147   -80.0000     0.0736 5.0086e+01     1.6484    114.902    35.1550    22.0761     99.999      3.467    29.3112 -9.990e-29
    334.250      3.510    29.3118   5.786030     0.0441   200.0000     0.0748 4.8697e+01     1.6434    114.416    35.1621    22.0814     99.612      3.491    29.3109 -9.990e-29
    334.500      3.522    29.3115   5.786030     0.0147   140.0000     0.0751 4.9131e+01     1.6385    113.762    35.1623    22.0817     99.160      3.502    29.3106 -9.990e-29
    334.750      3.520    29.3117   5.785172     0.0367   200.0000     0.0746 4.9729e+01     1.6331    113.072    35.1563    22.0771     98.739      3.500    29.3108 -9.990e-29
    335.000      3.504    29.3122   5.785251     0.0441    60.0000     0.0746 5.1170e+01     1.6278    112.355    35.1564    22.0771     98.322      3.485    29.3113 -9.990e-29
    335.250      3.475    29.3122   5.785802     0.0367    10.0000     0.0741 4.8908e+01     1.6242    111.668    35.1602    22.0799     98.081      3.456    29.3114 -9.990e-29
    335.500      3.439    29.3128   5.785471     0.0441  -220.0000     0.0742 4.8982e+01     1.6202    110.737    35.1575    22.0777     97.795      3.420    29.3120 -9.990e-29
    335.750      3.402    29.3133   5.785621     0.0220   -20.0000     0.0736 4.9783e+01     1.6171    109.785    35.1582    22.0780     97.585      3.383    29.3125 -9.990e-29
    336.000      3.370    29.3139   5.786101     0.0367   140.0000     0.0772 5.2709e+01     1.6133    108.882    35.1611    22.0799     97.329      3.351    29.3131 -9.990e-29
    336.250      3.362    29.3145   5.786510     0.0220   -50.0000     0.0770 5.3375e+01     1.6102    108.083    35.1634    22.0815     97.153      3.343    29.3137 -9.990e-29
    336.500      3.370    29.3147   5.786699     0.0441   -20.0000     0.0772 4.9141e+01     1.6063    107.302    35.1646    22.0823     96.944      3.351    29.3139 -9.990e-29
    336.750      3.410    29.3150   5.786510     0.0441    60.0000     0.0767 4.7531e+01     1.6030    106.405    35.1630    22.0811     96.683      3.391    29.3142 -9.990e-29
    337.000      3.466    29.3156   5.786140     0.0220   -50.0000     0.0766 4.7162e+01     1.6018    105.884    35.1600    22.0786     96.651      3.447    29.3148 -9.990e-29
    337.250      3.524    29.3161   5.786030     0.0220    90.0000     0.0770 4.8194e+01     1.6014    105.343    35.1589    22.0776     96.655      3.504    29.3152 -9.990e-29
    337.500      3.584    29.3167   5.786471     0.0367   -80.0000     0.0768 5.0227e+01     1.6011    104.854    35.1615    22.0793     96.628      3.564    29.3158 -9.990e-29
    337.750      3.620    29.3175   5.785621     0.0220    30.0000     0.0773 4.9418e+01     1.5951    104.376    35.1551    22.0743     96.097      3.600    29.3166 -9.990e-29
    338.000      3.633    29.3184   5.785912     0.0367    30.0000     0.0769 5.0183e+01     1.5946    103.816    35.1564    22.0750     96.030      3.613    29.3175 -9.990e-29
    338.250      3.617    29.3193   5.786770     0.0588  -160.0000     0.0773 5.0762e+01     1.5920    102.950    35.1616    22.0786     95.817      3.597    29.3184 -9.990e-29
    338.500      3.580    29.3213   5.786471     0.0294   170.0000     0.0837 4.8844e+01     1.5887    102.742    35.1581    22.0753     95.663      3.560    29.3204 -9.990e-29
