cruises/P45_06/L2/CTD/Derived_Parameter/P45_06_CTD_08_der.cnv
* Sea-Bird SBE19plus  Data File:
* FileName = C:\Users\OA_2023-03\Desktop\Bathymetry\ctd_casts\J2_17_04_2026001.hex
* Software version 2.3.0 SB_Terminal.dll
* Temperature SN = 8460
* Conductivity SN = 8460
* System UpLoad Time = Apr 17 2026 17:13:47
* <ApplicationData>
* <SeatermAF>
# nquan = 16                                
# nvalues = 2934                        
# units = specified
# name 0 = timeS: Time, Elapsed [seconds]
# name 1 = prdM: Pressure, Strain Gauge [db]
# name 2 = tv290C: Temperature [ITS-90, deg C]
# name 3 = c0S/m: Conductivity [S/m]
# name 4 = flECO-AFL: Fluorescence, WET Labs ECO-AFL/FL [mg/m^3]
# name 5 = flECO-AFL1: Fluorescence, WET Labs ECO-AFL/FL, 2 [mg/m^3]
# name 6 = CStarAt0: Beam Attenuation, WET Labs C-Star [1/m]
# name 7 = par/sat/log: PAR/Logarithmic, Satlantic [umol photons/m^2/sec]
# name 8 = sbeox0V: Oxygen raw, SBE 43 [V]
# name 9 = sbeox0Mm/L: Oxygen, SBE 43 [umol/l]
# name 10 = sal00: Salinity, Practical [PSU]
# name 11 = sigma-é00: Density [sigma-theta, kg/m^3]
# name 12 = sbox0Mm/Kg: Oxygen, SBE 43 [umol/kg], WS = 2
# name 13 = depSM: Depth [salt water, m], lat = 5.51
# name 14 = potemp090C: Potential Temperature [ITS-90, deg C]
# name 15 = flag: flag
# span 0 =      0.000,    733.250       
# span 1 =     -0.083,     59.020       
# span 2 =    19.6278,    30.8273       
# span 3 =  -0.315919,   5.875385       
# span 4 =   -79.9063,    29.9382       
# span 5 = -1.864e+05, 40750.0000       
# span 6 =    -0.1020,    24.8803       
# span 7 = 3.3441e+00, 1.9408e+03       
# span 8 =     1.6516,     2.6927       
# span 9 =    123.864,    236.390       
# span 10 =     0.0000,    35.8554      
# span 11 =    -4.5474,    25.4629      
# span 12 =    120.895,    237.754      
# span 13 =     -0.083,     58.685      
# span 14 =    19.6171,    30.8273      
# span 15 = 0.0000e+00, 0.0000e+00      
# interval = seconds: 0.25
# start_time = Apr 17 2026 14:51:22 [Instrument's time stamp, header]
# bad_flag = -9.990e-29
*END*
[from data line 2441]
    610.250      1.087    29.8083   5.873128    -0.0220  -110.0000     0.1001 5.5378e+02     2.6143    190.844    35.3931    22.0865    186.473      1.081    29.8080 -9.990e-29
    610.500      1.132    29.8083   5.872978     0.0220  -130.0000     0.1002 5.0667e+02     2.6161    190.570    35.3921    22.0857    186.619      1.126    29.8080 -9.990e-29
    610.750      1.145    29.8080   5.873096     0.0000   120.0000     0.1016 6.3629e+02     2.6160    190.585    35.3931    22.0866    186.561      1.139    29.8077 -9.990e-29
    611.000      1.112    29.8072   5.872906     0.0220   -20.0000     0.1021 5.4794e+02     2.6144    190.671    35.3924    22.0863    186.381      1.106    29.8069 -9.990e-29
    611.250      1.029    29.8054   5.872906     0.0367    90.0000     0.1017 1.1244e+03     2.6119    190.800    35.3938    22.0879    186.129      1.023    29.8051 -9.990e-29
    611.500      0.910    29.8032   5.872415     0.0220    30.0000     0.0928 8.0742e+02     2.6114    190.680    35.3921    22.0874    186.069      0.905    29.8030 -9.990e-29
    611.750      0.774    29.8022   5.872146     0.0220  -220.0000     0.0924 7.6095e+02     2.6112    190.415    35.3910    22.0869    186.097      0.770    29.8020 -9.990e-29
    612.000      0.638    29.8019   5.872375     0.0220    10.0000     0.0925 1.3993e+03     2.6119    190.258    35.3928    22.0884    186.217      0.634    29.8017 -9.990e-29
    612.250      0.552    29.8010   5.872336     0.0220    60.0000     0.1133 1.5364e+03     2.6115    190.373    35.3932    22.0890    186.181      0.549    29.8009 0.0000e+00
    612.500      0.560    29.8023   5.872375     0.0000  -190.0000     0.1135 5.4593e+02     2.6107    190.687    35.3926    22.0880    185.910      0.557    29.8022 -9.990e-29
    612.750      0.667    29.8040   5.872756     0.0294  -190.0000     0.1130 4.7854e+02     2.6109    190.864    35.3939    22.0884    185.364      0.663    29.8038 -9.990e-29
    613.000      0.839    29.8052   5.873057     0.0220   -20.0000     0.1134 3.5936e+02     2.6106    191.277    35.3950    22.0889    184.322      0.834    29.8050 -9.990e-29
    613.250      1.003    29.8052   5.872946     0.0441    10.0000     0.1145 4.1667e+02     2.6081    191.680    35.3942    22.0883    182.800      0.997    29.8050 -9.990e-29
    613.500      1.138    29.8045   5.872677     0.0294  -160.0000     0.1154 4.7989e+02     2.5997    191.944    35.3928    22.0875    180.537      1.132    29.8042 -9.990e-29
    613.750      1.227    29.8040   5.872447     0.0220  -190.0000     0.1151 4.9593e+02     2.5789    192.032    35.3916    22.0868    177.334      1.220    29.8037 -9.990e-29
    614.000      1.238    29.8034   5.872526    -0.0147    10.0000     0.0961 1.1121e+03     2.5480    191.694    35.3926    22.0877    173.572      1.231    29.8031 -9.990e-29
    614.250      1.179    29.8020   5.872487     0.0367   120.0000     0.0959 1.1298e+03     2.5166    191.060    35.3934    22.0888    170.176      1.172    29.8017 -9.990e-29
    614.500      1.068    29.8007   5.872185     0.0073   170.0000     0.0957 1.1515e+03     2.4823    190.614    35.3923    22.0884    166.959      1.062    29.8004 -9.990e-29
    614.750      0.908    29.8000   5.872106     0.0073   -80.0000     0.1124 1.5364e+03     2.4594    190.323    35.3923    22.0887    165.252      0.903    29.7998 -9.990e-29
    615.000      0.745    29.7996   5.872185    -0.0073  -110.0000     0.1124 1.3471e+03     2.4388    190.196    35.3932    22.0894    164.218      0.741    29.7994 -9.990e-29
    615.250      0.616    29.8006   5.872074     0.0367  -160.0000     0.1123 1.2386e+03     2.4169    190.198    35.3917    22.0880    163.345      0.613    29.8004 -9.990e-29
    615.500      0.530    29.8022   5.871845     0.0220   -50.0000     0.1128 1.1782e+03     2.3937    190.444    35.3890    22.0854    162.489      0.527    29.8021 0.0000e+00
    615.750      0.469    29.8040   5.871274     0.0147  -130.0000     0.1097 1.2456e+03     2.3759    190.572    35.3838    22.0809    161.976      0.466    29.8039 0.0000e+00
    616.000      0.438    29.8071   5.861298     0.0000  -160.0000     0.1100 1.2408e+03     2.3697    190.623    35.3138    22.0273    162.518      0.436    29.8070 0.0000e+00
    616.250      0.419    29.8105   5.858995     0.0073   390.0000     0.1101 1.2712e+03     2.3701    190.464    35.2956    22.0125    163.577      0.417    29.8104 0.0000e+00
    616.500      0.385    29.8120   5.873167     0.0220   -20.0000     2.2897 1.2205e+03     2.3716    190.295    35.3909    22.0835    164.573      0.383    29.8119 0.0000e+00
    616.750      0.347    29.8148   5.871892     0.0220    30.0000     2.2899 1.2221e+03     2.3711    190.224    35.3802    22.0745    165.428      0.345    29.8147 0.0000e+00
    617.000      0.325    29.8214   5.873128     0.0073  -240.0000     2.2888 8.6268e+02     2.3699    190.232    35.3837    22.0749    166.001      0.323    29.8213 0.0000e+00
    617.250      0.334    29.8268   5.874807     0.0220  -160.0000     5.5434 8.6980e+02     2.3723    190.145    35.3912    22.0786    166.687      0.332    29.8267 -9.990e-29
    617.500      0.334    29.8321   5.873381     0.0220  -270.0000     5.5421 8.2276e+02     2.3806    190.048    35.3776    22.0667    167.751      0.332    29.8320 -9.990e-29
    617.750      0.294    29.8370   5.875243    -0.0220  -130.0000     5.5434 1.1237e+03     2.3971    190.079    35.3867    22.0718    169.260      0.292    29.8369 0.0000e+00
    618.000      0.212    29.8452   5.875385     0.0441   120.0000     7.7823 1.3211e+03     2.4104    190.099    35.3817    22.0652    170.105      0.211    29.8451 0.0000e+00
    618.250      0.096    29.8454   5.874949    -0.0220  -110.0000     7.7841 1.3262e+03     2.4162    189.866    35.3786    22.0628    169.976      0.095    29.8454 0.0000e+00
    618.500      0.067    29.8370   5.874474    -0.0514   120.0000     7.7823 1.0391e+03     2.4188    188.884    35.3815    22.0679    169.643      0.067    29.8370 0.0000e+00
    618.750      0.234    29.8310   5.873127    -0.0294   170.0000     7.7850 2.9406e+02     2.4158    186.432    35.3767    22.0663    168.979      0.233    29.8309 -9.990e-29
    619.000      0.456    29.8251   5.872874     0.0294  -110.0000     4.2364 3.8922e+02     2.4080    182.614    35.3793    22.0703    168.215      0.453    29.8250 -9.990e-29
    619.250      0.652    29.8200   5.873714     0.0147   -80.0000     4.2356 3.6841e+02     2.4021    178.443    35.3887    22.0791    168.050      0.648    29.8198 -9.990e-29
    619.500      0.803    29.8174   5.872470     0.0367  -110.0000     4.2368 3.9354e+02     2.4102    173.790    35.3821    22.0750    169.418      0.799    29.8172 -9.990e-29
    619.750      0.894    29.8161   5.871631     0.0073    90.0000     1.0163 3.5534e+02     2.4176    170.342    35.3773    22.0719    170.792      0.889    29.8159 -9.990e-29
    620.000      0.906    29.8141   5.871306     0.0367  -130.0000     1.0164 6.4419e+02     2.4232    167.442    35.3765    22.0720    171.960      0.901    29.8139 -9.990e-29
    620.250      0.843    29.8138   5.871884     0.0441   -80.0000     1.0150 8.7262e+02     2.4354    164.832    35.3807    22.0752    173.471      0.838    29.8136 -9.990e-29
    620.500      0.746    29.8143   5.872486     0.0367    60.0000     1.0473 1.1308e+03     2.4485    162.551    35.3845    22.0779    174.748      0.742    29.8141 -9.990e-29
    620.750      0.677    29.8141   5.872676     0.0294  -160.0000     1.0473 1.1530e+03     2.4571    161.265    35.3859    22.0790    175.563      0.673    29.8139 -9.990e-29
    621.000      0.679    29.8140   5.873128     0.0294    90.0000     1.0472 9.6268e+02     2.4683    161.519    35.3891    22.0814    176.492      0.675    29.8138 -9.990e-29
    621.250      0.734    29.8141   5.872906     0.0220  -240.0000     0.5190 1.3576e+03     2.4794    162.667    35.3875    22.0802    177.138      0.730    29.8139 -9.990e-29
    621.500      0.841    29.8150   5.873437     0.0000  -110.0000     0.5189 1.1826e+03     2.4888    164.038    35.3904    22.0821    177.524      0.836    29.8148 -9.990e-29
    621.750      0.934    29.8157   5.872185     0.0294  -350.0000     0.5190 1.4765e+03     2.4970    165.102    35.3813    22.0751    177.843      0.929    29.8155 -9.990e-29
    622.000      1.003    29.8154   5.873508     0.0000   -50.0000     0.5189 1.8259e+03     2.5035    166.037    35.3905    22.0821    177.950      0.997    29.8152 -9.990e-29
    622.250      1.077    29.8138   5.873587    -0.0220    60.0000     0.2278 8.8594e+02     2.5038    167.287    35.3922    22.0839    177.512      1.071    29.8135 -9.990e-29
    622.500      1.161    29.8127   5.873437     0.0147  -110.0000     0.2282 1.2126e+03     2.5035    169.033    35.3920    22.0841    176.997      1.155    29.8124 -9.990e-29
    622.750      1.244    29.8131   5.873247     0.0220    90.0000     0.2287 9.0121e+02     2.5055    171.456    35.3904    22.0828    176.642      1.237    29.8128 -9.990e-29
    623.000      1.297    29.8125   5.872906     0.0147  -110.0000     0.1825 6.2308e+02     2.5068    173.388    35.3885    22.0816    176.290      1.290    29.8122 -9.990e-29
    623.250      1.279    29.8118   5.873207     0.0220   -20.0000     0.1825 6.2890e+02     2.5050    174.418    35.3910    22.0837    175.642      1.272    29.8115 -9.990e-29
    623.500      1.208    29.8118   5.873469     0.0147   120.0000     0.1823 7.2999e+02     2.4990    174.996    35.3928    22.0851    174.578      1.201    29.8115 -9.990e-29
    623.750      1.115    29.8122   5.873778     0.0220  -190.0000     0.2361 8.5469e+02     2.4901    174.782    35.3947    22.0863    173.314      1.109    29.8119 -9.990e-29
    624.000      1.030    29.8107   5.873548     0.0367   -20.0000     0.2362 7.2983e+02     2.4833    173.748    35.3942    22.0865    172.361      1.024    29.8104 -9.990e-29
    624.250      0.959    29.8098   5.873247     0.0367    30.0000     0.2364 6.7500e+02     2.4711    172.553    35.3929    22.0857    170.956      0.954    29.8096 -9.990e-29
    624.500      0.901    29.8098   5.872906     0.0220   170.0000     0.2364 6.5105e+02     2.4606    172.695    35.3906    22.0840    169.775      0.896    29.8096 -9.990e-29
    624.750      0.859    29.8105   5.873017     0.0220   -80.0000     0.2311 7.4692e+02     2.4532    172.937    35.3908    22.0840    168.982      0.854    29.8103 -9.990e-29
    625.000      0.850    29.8121   5.873096     0.0441  -130.0000     0.2309 8.7357e+02     2.4440    173.353    35.3902    22.0829    168.256      0.845    29.8119 -9.990e-29
    625.250      0.870    29.8139   5.873627    -0.0220   -20.0000     0.2304 8.0759e+02     2.4285    174.817    35.3925    22.0840    167.454      0.865    29.8137 -9.990e-29
    625.500      0.941    29.8176   5.874039    -0.0147   -20.0000     0.2921 8.8116e+02     2.4149    176.650    35.3925    22.0828    167.146      0.936    29.8174 -9.990e-29
    625.750      1.052    29.8203   5.874649     0.0220   -50.0000     0.2921 7.1964e+02     2.4058    178.149    35.3947    22.0835    166.952      1.046    29.8200 -9.990e-29
    626.000      1.203    29.8212   5.874800     0.0220  -160.0000     0.2921 5.2896e+02     2.4052    179.831    35.3950    22.0835    166.840      1.196    29.8209 -9.990e-29
    626.250      1.364    29.8197   5.874831     0.0000  -160.0000     0.1514 4.3802e+02     2.4172    181.281    35.3963    22.0850    167.089      1.356    29.8194 -9.990e-29
    626.500      1.473    29.8163   5.874118     0.0073    60.0000     0.1510 5.2202e+02     2.4325    182.260    35.3939    22.0843    166.900      1.465    29.8159 -9.990e-29
    626.750      1.504    29.8130   5.873588     0.0147   -80.0000     0.1507 5.0678e+02     2.4214    183.073    35.3927    22.0846    163.885      1.496    29.8126 -9.990e-29
    627.000      1.432    29.8116   5.873318     0.0367  -110.0000     0.1516 5.7789e+02     2.3862    183.605    35.3919    22.0844    158.608      1.424    29.8112 -9.990e-29
    627.250      1.295    29.8111   5.873358     0.0220   -20.0000     0.1077 9.6164e+02     2.3420    183.285    35.3926    22.0851    152.869      1.288    29.8108 -9.990e-29
    627.500      1.132    29.8108   5.873508     0.0220  -130.0000     0.1081 7.6557e+02     2.2984    182.799    35.3939    22.0862    148.122      1.126    29.8105 -9.990e-29
    627.750      0.952    29.8107   5.873286    -0.0073   -50.0000     0.1079 6.9908e+02     2.2590    182.547    35.3925    22.0851    144.969      0.947    29.8105 -9.990e-29
    628.000      0.732    29.8114   5.872581     0.0367   -80.0000     0.1365 8.4549e+02     2.2259    182.192    35.3872    22.0810    143.191      0.728    29.8112 -9.990e-29
    628.250      0.533    29.8127   5.873627     0.0000   -80.0000     0.1365 1.4278e+03     2.1992    181.541    35.3934    22.0852    142.257      0.530    29.8126 -9.990e-29
    628.500      0.403    29.8129   5.872716     0.0220  -300.0000     0.1366 1.4762e+03     2.1803    180.489    35.3871    22.0803    142.023      0.401    29.8128 -9.990e-29
    628.750      0.350    29.8131   5.872185     0.0514    90.0000     3.0306 1.4832e+03     2.1637    179.128    35.3834    22.0775    141.834      0.348    29.8130 -9.990e-29
    629.000      0.364    29.8139   5.873207     0.0220   -80.0000     3.0304 1.4540e+03     2.1516    178.019    35.3898    22.0820    141.813      0.362    29.8138 -9.990e-29
    629.250      0.381    29.8126   5.872185     0.0000    10.0000     3.0304 1.4408e+03     2.1426    176.418    35.3838    22.0779    141.836      0.379    29.8125 -9.990e-29
    629.500      0.372    29.8131   5.871813     0.0220   -50.0000     3.0303 1.4380e+03     2.1365    174.930    35.3809    22.0756    141.900      0.370    29.8130 -9.990e-29
    629.750      0.346    29.8150   5.872074     0.0147   -20.0000     3.1243 1.4069e+03     2.1316    173.773    35.3813    22.0752    141.920      0.344    29.8149 -9.990e-29
    630.000      0.268    29.8104   5.871345     0.0000   -50.0000     3.1250 1.3436e+03     2.1278    172.583    35.3797    22.0756    141.907      0.267    29.8103 -9.990e-29
    630.250      0.090    29.7997   5.870870    -0.0220   -50.0000     3.1240 8.7300e+02     2.1238    170.841    35.3844    22.0827    141.825      0.090    29.7997 -9.990e-29
    630.500     -0.070    29.7915   5.871377    26.7211-22340.0000     6.8435 9.3862e+02     2.1210    169.357    35.3939    22.0926    141.887     -0.070    29.7915 0.0000e+00
    630.750     -0.068    29.7826   5.870506    -0.0367  -240.0000     6.8489 7.5701e+02     2.1178    168.418    35.3945    22.0961    141.993     -0.068    29.7826 -9.990e-29
    631.000     -0.069    29.7764   5.869595    -0.0441  -110.0000     6.8457 7.4967e+02     2.1154    168.485    35.3928    22.0970    142.242     -0.069    29.7764 -9.990e-29
    631.250     -0.070    29.7714   5.869342    14.9397 -1.244e+05     1.2362 6.3602e+02     2.1155    170.202    35.3948    22.1002    142.687     -0.070    29.7714 -9.990e-29
    631.500     -0.069    29.7658   5.868716    29.9382 40750.0000     1.2361 7.5734e+02     2.1201    172.543    35.3946    22.1020    143.441     -0.069    29.7658 -9.990e-29
    631.750     -0.069    29.7609   5.868027   -79.9063 40750.0000     1.2366 1.3248e+03     2.1255    172.192    35.3935    22.1028    144.165     -0.069    29.7609 -9.990e-29
    632.000     -0.070    29.7591   1.190377    29.9382 40750.0000     0.0468 1.4006e+03     2.1327    198.472     6.1428     0.3018    173.910     -0.070    29.7591 -9.990e-29
    632.250     -0.069    29.7584   1.065345   -20.7937-66690.0000     0.0467 1.1775e+03     2.1367    193.500     5.4507    -0.2126    174.956     -0.069    29.7584 -9.990e-29
    632.500     -0.069    29.7578   1.102079     1.5939-72720.0000     0.0467 1.3567e+03     2.1391    186.726     5.6534    -0.0617    174.716     -0.069    29.7578 -9.990e-29
