cruises/P45_06/L2/CTD/Derived_Parameter/P45_06_CTD_07_der.cnv
* Sea-Bird SBE19plus  Data File:
* FileName = C:\Users\OA_2023-03\Desktop\Bathymetry\ctd_casts\J1_17_04_2026003.hex
* Software version 2.3.0 SB_Terminal.dll
* Temperature SN = 8460
* Conductivity SN = 8460
* System UpLoad Time = Apr 17 2026 12:58:15
* <ApplicationData>
* <SeatermAF>
# nquan = 16                                
# nvalues = 3956                        
# units = specified
# name 0 = timeS: Time, Elapsed [seconds]
# name 1 = prdM: Pressure, Strain Gauge [db]
# name 2 = tv290C: Temperature [ITS-90, deg C]
# name 3 = c0S/m: Conductivity [S/m]
# name 4 = flECO-AFL: Fluorescence, WET Labs ECO-AFL/FL [mg/m^3]
# name 5 = flECO-AFL1: Fluorescence, WET Labs ECO-AFL/FL, 2 [mg/m^3]
# name 6 = CStarAt0: Beam Attenuation, WET Labs C-Star [1/m]
# name 7 = par/sat/log: PAR/Logarithmic, Satlantic [umol photons/m^2/sec]
# name 8 = sbeox0V: Oxygen raw, SBE 43 [V]
# name 9 = sbeox0Mm/L: Oxygen, SBE 43 [umol/l]
# name 10 = sal00: Salinity, Practical [PSU]
# name 11 = sigma-é00: Density [sigma-theta, kg/m^3]
# name 12 = sbox0Mm/Kg: Oxygen, SBE 43 [umol/kg], WS = 2
# name 13 = depSM: Depth [salt water, m], lat = 5.51
# name 14 = potemp090C: Potential Temperature [ITS-90, deg C]
# name 15 = flag: flag
# span 0 =      0.000,    988.750       
# span 1 =     -0.056,     49.537       
# span 2 =    20.3079,    30.1953       
# span 3 =  -0.163806,   5.859566       
# span 4 =   -26.8607,    29.9382       
# span 5 = -1.950e+05, 40750.0000       
# span 6 =    -0.1104,    55.2620       
# span 7 = 1.8115e+01, 3.4716e+03       
# span 8 =     1.6264,     2.8041       
# span 9 =    100.339,    246.121       
# span 10 =     0.0000,    35.7946      
# span 11 =    -4.3990,    25.2751      
# span 12 =     98.895,    255.465      
# span 13 =     -0.056,     49.257      
# span 14 =    20.2986,    30.1953      
# span 15 = 0.0000e+00, 0.0000e+00      
# interval = seconds: 0.25
# start_time = Apr 17 2026 12:04:27 [Instrument's time stamp, header]
# bad_flag = -9.990e-29
*END*
[from data line 904]
    226.000      1.806    29.7600   5.854320     0.0147   140.0000     0.0774 2.6557e+02     1.7451    121.353    35.3004    22.0334    108.829      1.796    29.7596 -9.990e-29
    226.250      1.837    29.7598   5.853648     0.0294    10.0000     0.0774 2.6800e+02     1.7407    120.243    35.2960    22.0302    109.528      1.827    29.7593 -9.990e-29
    226.500      1.858    29.7594   5.853498     0.0073    10.0000     0.0772 2.6051e+02     1.7396    119.600    35.2952    22.0297    110.688      1.848    29.7589 -9.990e-29
    226.750      1.855    29.7594   5.854249     0.0294    90.0000     0.0784 2.5504e+02     1.7497    119.131    35.3003    22.0336    113.101      1.845    29.7589 -9.990e-29
    227.000      1.829    29.7591   5.854036     0.0220   140.0000     0.0786 2.4456e+02     1.7696    118.590    35.2991    22.0328    116.465      1.819    29.7586 -9.990e-29
    227.250      1.784    29.7593   5.853237     0.0220   230.0000     0.0787 2.3492e+02     1.7891    118.034    35.2936    22.0285    119.603      1.774    29.7589 -9.990e-29
    227.500      1.726    29.7590   5.853529     0.0220   140.0000     0.0786 2.3855e+02     1.8094    117.501    35.2958    22.0303    122.320      1.716    29.7586 -9.990e-29
    227.750      1.658    29.7593   5.853949     0.0294    60.0000     0.0791 2.2939e+02     1.8425    116.819    35.2984    22.0322    125.850      1.649    29.7589 -9.990e-29
    228.000      1.589    29.7591   5.853569     0.0147   200.0000     0.0790 2.3189e+02     1.8771    116.232    35.2960    22.0304    129.547      1.580    29.7587 -9.990e-29
    228.250      1.526    29.7593   5.853157     0.0441   -50.0000     0.0788 2.3329e+02     1.9048    115.909    35.2931    22.0281    132.703      1.518    29.7589 -9.990e-29
    228.500      1.482    29.7591   5.853007     0.0294    90.0000     0.0777 2.4277e+02     1.9256    115.550    35.2922    22.0275    134.882      1.474    29.7587 -9.990e-29
    228.750      1.458    29.7596   5.853078     0.0220  -190.0000     0.0776 2.4594e+02     1.9567    115.052    35.2923    22.0275    137.348      1.450    29.7592 -9.990e-29
    229.000      1.457    29.7602   5.852659     0.0367    30.0000     0.0776 2.4256e+02     1.9998    114.502    35.2891    22.0248    140.431      1.449    29.7598 -9.990e-29
    229.250      1.486    29.7605   5.852659     0.0073    30.0000     0.0778 2.4078e+02     2.0412    113.840    35.2888    22.0245    142.926      1.478    29.7601 -9.990e-29
    229.500      1.540    29.7605   5.853418     0.0294  -130.0000     0.0775 2.3619e+02     2.0665    113.185    35.2940    22.0284    143.481      1.531    29.7601 -9.990e-29
    229.750      1.587    29.7607   5.852738     0.0220    60.0000     0.0776 2.5471e+02     2.0787    112.394    35.2892    22.0247    142.325      1.578    29.7603 -9.990e-29
    230.000      1.617    29.7607   5.852406     0.0220    60.0000     0.0881 2.7624e+02     2.0816    111.894    35.2869    22.0230    140.256      1.608    29.7603 -9.990e-29
    230.250      1.589    29.7611   5.851947     0.0220   140.0000     0.0884 2.7612e+02     2.0761    111.334    35.2835    22.0203    138.031      1.580    29.7607 -9.990e-29
    230.500      1.509    29.7613   5.852366     0.0367   200.0000     0.0886 2.7321e+02     2.0660    110.684    35.2862    22.0223    136.477      1.501    29.7609 -9.990e-29
    230.750      1.367    29.7611   5.851797     0.0367   230.0000     0.0884 2.9146e+02     2.0525    109.995    35.2826    22.0196    135.589      1.359    29.7608 -9.990e-29
    231.000      1.167    29.7612   5.851196     0.0294  -190.0000     0.0762 3.1630e+02     2.0412    109.667    35.2785    22.0165    135.478      1.161    29.7609 -9.990e-29
    231.250      0.949    29.7607   5.851306     0.0220   170.0000     0.0763 3.4037e+02     2.0385    109.380    35.2796    22.0175    136.340      0.944    29.7605 -9.990e-29
    231.500      0.718    29.7604   5.850974     0.0367    90.0000     0.0765 3.4751e+02     2.0513    109.453    35.2777    22.0161    138.419      0.714    29.7602 -9.990e-29
    231.750      0.504    29.7607   5.850555     0.0220    10.0000     0.1077 3.9303e+02     2.0709    110.832    35.2747    22.0137    140.642      0.501    29.7606 -9.990e-29
    232.000      0.377    29.7607   5.849084     0.0220   140.0000     0.1077 3.9226e+02     2.0861    113.461    35.2647    22.0063    141.837      0.375    29.7606 -9.990e-29
    232.250      0.386    29.7602   5.850365     0.0220   140.0000     0.1076 4.1757e+02     2.0949    116.347    35.2738    22.0132    141.875      0.384    29.7601 -9.990e-29
    232.500      0.504    29.7599   5.852366     0.0220   170.0000     9.3512 4.0643e+02     2.0967    119.473    35.2876    22.0237    140.828      0.501    29.7598 -9.990e-29
    232.750      0.655    29.7593   5.852477     0.0073    30.0000     9.3573 2.1312e+02     2.0911    124.043    35.2887    22.0248    139.108      0.651    29.7591 -9.990e-29
    233.000      0.816    29.7593   5.851196     0.0073   200.0000     9.3539 1.5788e+02     2.0817    128.824    35.2799    22.0182    137.403      0.811    29.7591 -9.990e-29
    233.250      0.953    29.7596   5.849464     0.0220   120.0000     9.3580 1.7085e+02     2.0742    132.786    35.2679    22.0091    136.394      0.948    29.7594 -9.990e-29
    233.500      1.053    29.7599   5.848673     0.0220   140.0000     0.1347 2.0459e+02     2.0627    135.620    35.2623    22.0048    135.434      1.047    29.7596 -9.990e-29
    233.750      1.080    29.7602   5.850974     0.0220    60.0000     0.1343 2.6771e+02     2.0515    139.040    35.2777    22.0163    134.707      1.074    29.7599 -9.990e-29
    234.000      1.022    29.7602   5.851306     0.0220    90.0000     0.1342 3.0753e+02     2.0445    143.583    35.2800    22.0180    134.598      1.016    29.7599 -9.990e-29
    234.250      0.895    29.7598   5.850302     0.0220   250.0000     0.1027 3.4206e+02     2.0455    148.061    35.2735    22.0132    135.612      0.890    29.7596 -9.990e-29
    234.500      0.722    29.7600   5.849282     0.0367    10.0000     0.1027 3.9320e+02     2.0451    150.703    35.2664    22.0078    136.909      0.718    29.7598 -9.990e-29
    234.750      0.547    29.7603   5.849424     0.0294   170.0000     0.1025 4.3069e+02     2.0418    151.493    35.2672    22.0083    137.983      0.544    29.7602 -9.990e-29
    235.000      0.415    29.7605   5.847961     0.0000   -20.0000     0.3863 4.2468e+02     2.0468    150.983    35.2572    22.0007    139.463      0.413    29.7604 -9.990e-29
    235.250      0.349    29.7608   5.848783     0.0441   140.0000     0.3866 4.2394e+02     2.0678    149.259    35.2626    22.0046    141.804      0.347    29.7607 -9.990e-29
    235.500      0.373    29.7605   5.850697     0.0073   120.0000     0.3860 4.0819e+02     2.0944    146.587    35.2758    22.0147    144.181      0.371    29.7604 -9.990e-29
    235.750      0.464    29.7608   5.850934     0.0147    30.0000     7.5852 4.2753e+02     2.1160    143.059    35.2772    22.0156    145.526      0.461    29.7607 -9.990e-29
    236.000      0.580    29.7608   5.847020     0.0220   -50.0000     7.5847 2.2751e+02     2.1259    139.672    35.2505    21.9956    145.135      0.577    29.7607 -9.990e-29
    236.250      0.689    29.7609   5.845170     0.0147   140.0000     7.5860 2.2875e+02     2.1253    137.666    35.2378    21.9861    143.327      0.685    29.7607 -9.990e-29
    236.500      0.795    29.7611   5.845249     0.0367   170.0000     7.5873 2.3014e+02     2.1210    138.165    35.2382    21.9863    141.183      0.791    29.7609 -9.990e-29
    236.750      0.862    29.7611   5.846451     0.0147    30.0000     0.1475 2.5455e+02     2.1103    140.279    35.2464    21.9924    138.806      0.857    29.7609 -9.990e-29
    237.000      0.891    29.7609   5.845479     0.0000   230.0000     0.1474 2.0081e+02     2.0944    142.576    35.2399    21.9876    136.441      0.886    29.7607 -9.990e-29
    237.250      0.896    29.7612   5.847866     0.0367    10.0000     0.1475 2.0383e+02     2.0777    144.500    35.2559    21.9995    134.550      0.891    29.7610 -9.990e-29
    237.500      0.869    29.7614   5.847202     0.0220    30.0000     0.2497 2.3732e+02     2.0595    145.632    35.2512    21.9960    133.347      0.864    29.7612 -9.990e-29
    237.750      0.794    29.7617   5.845550     0.0000   170.0000     0.2492 2.4308e+02     2.0416    145.611    35.2398    21.9873    133.719      0.790    29.7615 -9.990e-29
    238.000      0.684    29.7614   5.847360     0.0220   -20.0000     0.2490 3.3229e+02     2.0248    144.571    35.2524    21.9968    135.797      0.680    29.7612 -9.990e-29
    238.250      0.560    29.7618   5.846569     0.0000    30.0000     0.4184 4.0634e+02     2.0182    143.126    35.2467    21.9924    139.309      0.557    29.7617 -9.990e-29
    238.500      0.447    29.7618   5.845810     0.0147    60.0000     0.4183 3.9593e+02     2.0327    140.862    35.2416    21.9886    144.293      0.445    29.7617 -9.990e-29
    238.750      0.351    29.7623   5.844719     0.0294   200.0000     0.4184 4.0050e+02     2.0928    138.592    35.2338    21.9826    152.294      0.349    29.7622 -9.990e-29
    239.000      0.278    29.7627   5.844119     0.0294   120.0000     0.4184 3.9465e+02     2.1814    137.057    35.2295    21.9792    161.345      0.276    29.7626 -9.990e-29
    239.250      0.242    29.7639   5.842688     0.0367    60.0000     5.3381 4.0310e+02     2.2448    136.802    35.2189    21.9708    166.345      0.241    29.7638 -9.990e-29
    239.500      0.262    29.7674   5.837014     0.0367   120.0000     5.3371 3.8081e+02     2.2825    136.850    35.1778    21.9388    167.197      0.261    29.7673 -9.990e-29
    239.750      0.327    29.7734   5.832567     0.0441   200.0000     5.3364 3.7999e+02     2.3033    136.866    35.1432    21.9108    165.070      0.325    29.7733 -9.990e-29
    240.000      0.413    29.7791   5.826440     0.0661  -110.0000    15.6682 3.7347e+02     2.3114    137.874    35.0974    21.8745    161.609      0.411    29.7790 -9.990e-29
    240.250      0.507    29.7810   5.832180     0.0367    90.0000    15.6487 3.7908e+02     2.3085    140.696    35.1349    21.9020    158.064      0.504    29.7809 -9.990e-29
    240.500      0.620    29.7833   5.831540     0.0441   120.0000    15.6649 2.1666e+02     2.2927    144.478    35.1289    21.8967    154.361      0.617    29.7831 -9.990e-29
    240.750      0.733    29.7868   5.831051     0.0367   140.0000     0.6266 1.8901e+02     2.2695    147.852    35.1230    21.8911    150.899      0.729    29.7866 -9.990e-29
    241.000      0.816    29.7878   5.824908     0.0441   140.0000     0.6270 1.9626e+02     2.2428    149.830    35.0805    21.8589    148.310      0.811    29.7876 -9.990e-29
    241.250      0.843    29.7872   5.826179     0.0367  -130.0000     0.6271 1.9152e+02     2.2185    150.251    35.0896    21.8659    147.405      0.838    29.7870 -9.990e-29
    241.500      0.805    29.7862   5.829250     0.0441   200.0000     0.3113 2.1179e+02     2.1965    149.850    35.1112    21.8825    148.189      0.801    29.7860 -9.990e-29
    241.750      0.707    29.7857   5.830150     0.0220   140.0000     0.3104 3.1939e+02     2.1830    148.276    35.1177    21.8875    150.434      0.703    29.7855 -9.990e-29
    242.000      0.584    29.7854   5.829629     0.0294    60.0000     0.3109 3.7941e+02     2.1901    145.504    35.1144    21.8851    154.355      0.581    29.7853 -9.990e-29
    242.250      0.445    29.7844   5.826589     0.0367   250.0000     0.3110 3.7145e+02     2.2282    142.189    35.0945    21.8706    160.427      0.443    29.7843 -9.990e-29
    242.500      0.300    29.7849   5.824229     0.0441    30.0000     1.3968 3.6508e+02     2.2866    138.737    35.0781    21.8581    167.333      0.298    29.7848 -9.990e-29
    242.750      0.182    29.7976   5.815558     0.0514  -220.0000     1.3969 3.5657e+02     2.3358    135.699    35.0101    21.8027    172.058      0.181    29.7976 -9.990e-29
    243.000      0.142    29.8203   5.778222     0.0441  -190.0000     1.3967 3.5534e+02     2.3669    133.379    34.7405    21.5928    173.839      0.141    29.8203 -9.990e-29
    243.250      0.196    29.8432   5.750807     0.0367   120.0000    11.0975 3.4295e+02     2.3926    132.500    34.5384    21.4335    173.743      0.195    29.8432 -9.990e-29
    243.500      0.305    29.8564   5.748272     0.0294   -20.0000    11.0975 3.2419e+02     2.4114    134.232    34.5118    21.4091    172.269      0.303    29.8563 -9.990e-29
    243.750      0.434    29.8580   5.754088     0.0220    30.0000    11.0933 3.1905e+02     2.4176    141.654    34.5499    21.4372    169.714      0.432    29.8579 -9.990e-29
    244.000      0.556    29.8527   5.767489     0.0441   170.0000     7.8835 2.0766e+02     2.4131    153.316    34.6444    21.5098    166.444      0.553    29.8526 -9.990e-29
    244.250      0.654    29.8495   5.775964     0.0220   170.0000     7.8853 2.2791e+02     2.3946    163.231    34.7040    21.5556    162.246      0.650    29.8493 -9.990e-29
    244.500      0.714    29.8531   5.757410     0.0000   200.0000     7.8849 2.4536e+02     2.3674    170.564    34.5758    21.4583    158.010      0.710    29.8529 -9.990e-29
    244.750      0.740    29.8562   5.756483     0.0220    90.0000     7.8867 2.7050e+02     2.3331    175.163    34.5673    21.4509    153.717      0.736    29.8560 -9.990e-29
    245.000      0.734    29.8578   5.759365     0.0294   120.0000     1.8439 2.2939e+02     2.2974    177.048    34.5857    21.4641    150.176      0.730    29.8576 -9.990e-29
    245.250      0.702    29.8583   5.764864     0.0367   -50.0000     1.8436 2.4256e+02     2.2637    176.053    34.6226    21.4916    148.150      0.698    29.8581 -9.990e-29
    245.500      0.622    29.8585   5.761101     0.0441   170.0000     1.8436 2.9745e+02     2.2346    172.035    34.5970    21.4723    147.839      0.619    29.8583 -9.990e-29
    245.750      0.509    29.8584   5.756962     0.0367    90.0000     0.9103 3.3164e+02     2.2069    165.867    34.5691    21.4514    148.308      0.506    29.8583 -9.990e-29
    246.000      0.381    29.8562   5.762499     0.0073   140.0000     0.9100 3.1195e+02     2.1936    159.094    34.6081    21.4814    149.884      0.379    29.8561 -9.990e-29
    246.250      0.278    29.8514   5.775484     0.0220    90.0000     0.9103 3.0980e+02     2.2115    153.486    34.6995    21.5516    153.653      0.276    29.8513 -9.990e-29
    246.500      0.214    29.8504   5.768966     0.0441    10.0000     5.6737 3.3780e+02     2.2473    149.172    34.6561    21.5194    158.318      0.213    29.8503 -9.990e-29
    246.750      0.214    29.8534   5.758257     0.0294   310.0000     5.6740 3.7250e+02     2.2775    146.587    34.5815    21.4624    161.559      0.213    29.8533 -9.990e-29
    247.000      0.305    29.8557   5.754755     0.0367   200.0000     5.6732 3.7339e+02     2.2917    147.016    34.5561    21.4426    162.241      0.303    29.8556 -9.990e-29
    247.250      0.401    29.8534   5.753279     0.0441  -160.0000     5.6729 3.8106e+02     2.2979    151.797    34.5477    21.4371    161.241      0.399    29.8533 -9.990e-29
    247.500      0.549    29.8409   5.781714     0.0441    90.0000     6.9813 2.1619e+02     2.2985    159.787    34.7492    21.5924    159.297      0.546    29.8408 -9.990e-29
    247.750      0.758    29.8279   5.842955     0.0367   140.0000     6.9802 1.5561e+02     2.2956    167.428    35.1739    21.9153    157.122      0.754    29.8277 -9.990e-29
    248.000      0.960    29.8224   5.848561     0.0147    10.0000     6.9783 1.3557e+02     2.2907    173.599    35.2159    21.9487    155.491      0.955    29.8222 -9.990e-29
    248.250      1.047    29.8220   5.823668     0.0367   170.0000     0.5389 1.3253e+02     2.2796    178.845    35.0472    21.8223    153.702      1.041    29.8217 -9.990e-29
