cruises/P45_06/L2/CTD/Derived_Parameter/P45_06_CTD_05_der.cnv
* Sea-Bird SBE19plus  Data File:
* FileName = C:\Users\OA_2023-03\Desktop\Bathymetry\ctd_casts\proble cast 2002.hex
* Software version 2.3.0 SB_Terminal.dll
* Temperature SN = 8460
* Conductivity SN = 8460
* System UpLoad Time = Apr 16 2026 17:52:48
* <ApplicationData>
* <SeatermAF>
# nquan = 16                                
# nvalues = 5576                        
# units = specified
# name 0 = timeS: Time, Elapsed [seconds]
# name 1 = prdM: Pressure, Strain Gauge [db]
# name 2 = tv290C: Temperature [ITS-90, deg C]
# name 3 = c0S/m: Conductivity [S/m]
# name 4 = flECO-AFL: Fluorescence, WET Labs ECO-AFL/FL [mg/m^3]
# name 5 = flECO-AFL1: Fluorescence, WET Labs ECO-AFL/FL, 2 [mg/m^3]
# name 6 = CStarAt0: Beam Attenuation, WET Labs C-Star [1/m]
# name 7 = par/sat/log: PAR/Logarithmic, Satlantic [umol photons/m^2/sec]
# name 8 = sbeox0V: Oxygen raw, SBE 43 [V]
# name 9 = sbeox0Mm/L: Oxygen, SBE 43 [umol/l]
# name 10 = sal00: Salinity, Practical [PSU]
# name 11 = sigma-é00: Density [sigma-theta, kg/m^3]
# name 12 = sbox0Mm/Kg: Oxygen, SBE 43 [umol/kg], WS = 2
# name 13 = depSM: Depth [salt water, m], lat = 5.51
# name 14 = potemp090C: Potential Temperature [ITS-90, deg C]
# name 15 = flag: flag
# span 0 =      0.000,   1393.750       
# span 1 =     -0.125,     73.964       
# span 2 =    18.3364,    29.4507       
# span 3 =  -0.251727,   5.807033       
# span 4 =    -4.8477,     4.4584       
# span 5 =-85630.0000, 35270.0000       
# span 6 =     0.0545,    22.7930       
# span 7 = 1.1792e-01, 2.9764e+02       
# span 8 =     1.4314,     2.5962       
# span 9 =     97.389,    201.906       
# span 10 =     0.0000,    35.8723      
# span 11 =    -4.0172,    25.7863      
# span 12 =     95.663,    211.011      
# span 13 =     -0.124,     73.541      
# span 14 =    18.3235,    29.4502      
# span 15 = 0.0000e+00, 0.0000e+00      
# interval = seconds: 0.25
# start_time = Apr 16 2026 17:14:45 [Instrument's time stamp, header]
# bad_flag = -9.990e-29
*END*
[from data line 2532]
    633.000     29.650    23.3159   5.227554     0.2644   280.0000     0.1205 7.2203e+00     2.4926    194.379    35.7242    24.3930    197.702     29.484    23.3098 -9.990e-29
    633.250     29.594    23.3931   5.232578     0.2497   280.0000     0.1205 7.1303e+00     2.4916    194.832    35.7003    24.3523    197.400     29.428    23.3870 -9.990e-29
    633.500     29.538    23.4805   5.243772     0.2938   250.0000     0.1252 7.1349e+00     2.4972    195.195    35.7155    24.3383    197.653     29.372    23.4744 -9.990e-29
    633.750     29.469    23.5943   5.251541     0.2130   200.0000     0.1246 7.3496e+00     2.4990    195.596    35.6831    24.2803    197.439     29.304    23.5882 -9.990e-29
    634.000     29.354    23.7224   5.267678     0.2424   230.0000     0.1246 7.6331e+00     2.5011    195.956    35.7032    24.2578    197.096     29.189    23.7163 -9.990e-29
    634.250     29.201    23.8244   5.280643     0.2203   280.0000     0.1256 7.8271e+00     2.5024    196.097    35.7200    24.2404    196.785     29.037    23.8183 -9.990e-29
    634.500     29.021    23.9013   5.286286     0.2424   310.0000     0.1255 8.0139e+00     2.5039    196.265    35.7011    24.2034    196.527     28.858    23.8952 -9.990e-29
    634.750     28.821    23.9580   5.290311     0.2203   230.0000     0.1256 7.9948e+00     2.5041    196.874    35.6863    24.1753    196.356     28.659    23.9519 -9.990e-29
    635.000     28.616    24.0089   5.293028     0.2130   230.0000     0.1253 8.0765e+00     2.5043    197.432    35.6661    24.1449    196.262     28.455    24.0029 -9.990e-29
    635.250     28.427    24.0522   5.298685     0.2350   230.0000     0.1218 8.1732e+00     2.5064    198.234    35.6744    24.1383    196.356     28.268    24.0462 -9.990e-29
    635.500     28.290    24.0836   5.301480     0.2350   140.0000     0.1216 8.3033e+00     2.5076    199.012    35.6705    24.1260    196.384     28.131    24.0776 -9.990e-29
    635.750     28.200    24.1074   5.302964     0.2277   280.0000     0.1215 8.3069e+00     2.5098    199.678    35.6627    24.1130    196.552     28.042    24.1014 -9.990e-29
    636.000     28.158    24.1404   5.304593     0.2203   310.0000     0.1187 8.1467e+00     2.5124    200.292    35.6487    24.0925    196.718     28.000    24.1344 -9.990e-29
    636.250     28.149    24.1726   5.309361     0.2057   230.0000     0.1189 7.8373e+00     2.5135    200.580    35.6590    24.0908    196.714     27.991    24.1666 -9.990e-29
    636.500     28.152    24.1808   5.312091     0.2130   280.0000     0.1184 7.6995e+00     2.5137    200.585    35.6731    24.0990    196.740     27.994    24.1748 -9.990e-29
    636.750     28.160    24.1800   5.308913     0.2057   250.0000     0.1200 7.9020e+00     2.5150    200.375    35.6497    24.0815    196.986     28.002    24.1740 -9.990e-29
    637.000     28.123    24.1952   5.308526     0.2130   280.0000     0.1203 8.2424e+00     2.5169    200.248    35.6346    24.0656    197.279     27.965    24.1892 -9.990e-29
    637.250     28.043    24.2191   5.313030     0.2203   250.0000     0.1200 8.5920e+00     2.5200    199.952    35.6496    24.0698    197.642     27.886    24.2131 -9.990e-29
    637.500     27.920    24.2425   5.316011     0.2057   250.0000     0.1201 8.8620e+00     2.5227    199.669    35.6535    24.0657    197.935     27.763    24.2366 -9.990e-29
    637.750     27.758    24.2694   5.318226     0.1983   280.0000     0.1242 8.9700e+00     2.5264    199.446    35.6488    24.0541    198.229     27.602    24.2635 -9.990e-29
    638.000     27.594    24.3078   5.321527     0.1689   120.0000     0.1245 9.0460e+00     2.5303    199.255    35.6431    24.0383    198.397     27.439    24.3019 -9.990e-29
    638.250     27.441    24.3491   5.326939     0.1983   230.0000     0.1245 8.9370e+00     2.5330    198.838    35.6510    24.0319    198.366     27.287    24.3433 -9.990e-29
    638.500     27.307    24.3845   5.331078     0.1983   140.0000     0.1337 8.9894e+00     2.5352    199.252    35.6541    24.0236    198.305     27.154    24.3787 -9.990e-29
    638.750     27.185    24.4161   5.332953     0.2203   200.0000     0.1332 8.9952e+00     2.5370    199.334    35.6430    24.0057    198.255     27.033    24.4103 -9.990e-29
    639.000     27.063    24.4450   5.336159     0.2424   250.0000     0.1333 9.0832e+00     2.5375    199.451    35.6442    23.9979    198.090     26.911    24.4392 -9.990e-29
    639.250     26.931    24.4864   5.338210     0.2350   170.0000     0.1315 9.2338e+00     2.5388    199.526    35.6267    23.9723    198.056     26.780    24.4806 -9.990e-29
    639.500     26.769    24.5471   5.344405     0.2277   310.0000     0.1313 9.4460e+00     2.5401    199.560    35.6251    23.9527    197.971     26.619    24.5414 -9.990e-29
    639.750     26.578    24.6133   5.352901     0.2350   280.0000     0.1313 9.6860e+00     2.5424    199.366    35.6363    23.9413    197.979     26.429    24.6076 -9.990e-29
    640.000     26.367    24.6789   5.359232     0.2571   250.0000     0.1286 9.8957e+00     2.5433    199.091    35.6318    23.9180    197.853     26.219    24.6732 -9.990e-29
    640.250     26.147    24.7369   5.365224     0.2057   280.0000     0.1284 9.9968e+00     2.5453    199.016    35.6307    23.8996    197.767     26.000    24.7313 -9.990e-29
    640.500     25.931    24.7824   5.368872     0.2130   170.0000     0.1287 1.0084e+01     2.5470    198.775    35.6220    23.8793    197.739     25.786    24.7768 -9.990e-29
    640.750     25.745    24.8143   5.371789     0.2057   250.0000     0.1282 1.0233e+01     2.5489    198.796    35.6186    23.8670    197.799     25.601    24.8087 -9.990e-29
    641.000     25.578    24.8424   5.373297     0.2130   250.0000     0.1192 1.0347e+01     2.5494    198.957    35.6077    23.8502    197.759     25.435    24.8369 -9.990e-29
    641.250     25.438    24.8736   5.376285     0.1910   170.0000     0.1190 1.0410e+01     2.5486    199.009    35.6054    23.8390    197.540     25.295    24.8681 -9.990e-29
    641.500     25.314    24.9036   5.379303     0.2130   250.0000     0.1191 1.0607e+01     2.5510    198.937    35.6042    23.8290    197.648     25.172    24.8981 -9.990e-29
    641.750     25.187    24.9450   5.382506     0.1983   170.0000     0.1177 1.0686e+01     2.5534    198.978    35.5955    23.8097    197.746     25.046    24.9395 -9.990e-29
    642.000     25.061    25.0064   5.387899     0.1836   230.0000     0.1175 1.0802e+01     2.5543    199.057    35.5872    23.7848    197.684     24.921    25.0010 -9.990e-29
    642.250     24.925    25.0787   5.397097     0.1689   170.0000     0.1173 1.1002e+01     2.5550    199.181    35.5987    23.7714    197.570     24.785    25.0733 -9.990e-29
    642.500     24.780    25.1493   5.405284     0.1983   200.0000     0.1147 1.1173e+01     2.5559    199.260    35.6039    23.7538    197.540     24.641    25.1439 -9.990e-29
    642.750     24.632    25.2150   5.412238     0.1689   250.0000     0.1142 1.1343e+01     2.5572    199.458    35.6038    23.7336    197.620     24.494    25.2096 -9.990e-29
    643.000     24.496    25.2713   5.418072     0.1396   230.0000     0.1141 1.1449e+01     2.5594    199.736    35.6028    23.7156    197.918     24.359    25.2659 -9.990e-29
    643.250     24.378    25.3122   5.421658     0.1542   140.0000     0.1143 1.1546e+01     2.5626    199.955    35.5972    23.6988    198.282     24.241    25.3069 -9.990e-29
    643.500     24.271    25.3464   5.423754     0.1322   170.0000     0.1153 1.1614e+01     2.5688    200.107    35.5859    23.6797    198.889     24.135    25.3411 -9.990e-29
    643.750     24.163    25.3722   5.426677     0.1102   120.0000     0.1157 1.1750e+01     2.5727    200.171    35.5873    23.6728    199.170     24.028    25.3669 -9.990e-29
    644.000     24.052    25.3955   5.428054     0.1542   170.0000     0.1150 1.1847e+01     2.5788    200.029    35.5793    23.6596    199.533     23.917    25.3902 -9.990e-29
    644.250     23.927    25.4168   5.430228     0.0955   250.0000     0.1147 1.2109e+01     2.5807    199.945    35.5787    23.6526    199.386     23.793    25.4115 -9.990e-29
    644.500     23.780    25.4359   5.432042     0.1469   170.0000     0.1143 1.2304e+01     2.5835    199.854    35.5771    23.6455    199.259     23.647    25.4307 -9.990e-29
    644.750     23.609    25.4539   5.433757     0.1763   140.0000     0.1145 1.2438e+01     2.5851    199.882    35.5757    23.6389    199.051     23.477    25.4487 -9.990e-29
    645.000     23.429    25.4718   5.435388     0.1322    30.0000     0.1164 1.2614e+01     2.5850    199.790    35.5738    23.6319    198.668     23.298    25.4666 -9.990e-29
    645.250     23.232    25.4879   5.437257     0.1542   200.0000     0.1164 1.2740e+01     2.5853    199.882    35.5751    23.6279    198.458     23.102    25.4828 -9.990e-29
    645.500     23.042    25.5034   5.438528     0.1542   170.0000     0.1167 1.2935e+01     2.5849    199.995    35.5723    23.6210    198.212     22.913    25.4983 -9.990e-29
    645.750     22.863    25.5268   5.440068     0.1028   -80.0000     0.1164 1.3249e+01     2.5839    200.155    35.5654    23.6086    197.943     22.735    25.5218 -9.990e-29
    646.000     22.711    25.5615   5.443807     0.1322   230.0000     0.1215 1.3454e+01     2.5823    200.138    35.5659    23.5982    197.626     22.584    25.5565 -9.990e-29
    646.250     22.585    25.6098   5.448314     0.0881   140.0000     0.1214 1.3580e+01     2.5821    199.887    35.5613    23.5798    197.410     22.459    25.6048 -9.990e-29
    646.500     22.500    25.6781   5.455538     0.0955   170.0000     0.1217 1.3545e+01     2.5815    199.925    35.5611    23.5585    197.183     22.374    25.6731 -9.990e-29
    646.750     22.447    25.7324   5.465123     0.1322   120.0000     0.1219 1.3472e+01     2.5803    199.943    35.5891    23.5628    196.846     22.321    25.7274 -9.990e-29
    647.000     22.403    25.7970   5.466158     0.1322   200.0000     0.1217 1.3382e+01     2.5797    199.832    35.5464    23.5104    196.553     22.278    25.7920 -9.990e-29
    647.250     22.354    25.8816   5.475482     0.1102   170.0000     0.1219 1.3492e+01     2.5787    199.652    35.5488    23.4860    196.086     22.229    25.8766 -9.990e-29
    647.500     22.294    25.9933   5.485336     0.1910   170.0000     0.1201 1.3910e+01     2.5806    199.458    35.5340    23.4400    195.838     22.169    25.9883 -9.990e-29
    647.750     22.213    26.1407   5.498899     0.1322   170.0000     0.1195 1.4156e+01     2.5774    199.246    35.5186    23.3822    195.018     22.089    26.1357 -9.990e-29
    648.000     22.096    26.2877   5.517378     0.1396   250.0000     0.1201 1.4459e+01     2.5741    199.064    35.5392    23.3516    194.174     21.972    26.2827 -9.990e-29
    648.250     21.978    26.4190   5.529022     0.0735    60.0000     0.1236 1.4689e+01     2.5732    198.968    35.5223    23.2974    193.701     21.855    26.4140 -9.990e-29
    648.500     21.858    26.5328   5.538629     0.0881   250.0000     0.1238 1.4689e+01     2.5716    199.226    35.5041    23.2478    193.233     21.736    26.5278 -9.990e-29
    648.750     21.744    26.6192   5.547974     0.1322   230.0000     0.1237 1.4597e+01     2.5710    199.358    35.5051    23.2212    193.032     21.622    26.6143 -9.990e-29
    649.000     21.644    26.6816   5.551667     0.0808   200.0000     0.1236 1.4531e+01     2.5709    199.871    35.4838    23.1853    192.982     21.523    26.6767 -9.990e-29
    649.250     21.545    26.7278   5.555368     0.1028   170.0000     0.1250 1.4661e+01     2.5710    199.980    35.4751    23.1640    192.972     21.424    26.7229 -9.990e-29
    649.500     21.449    26.7735   5.557548     0.1249   200.0000     0.1257 1.4750e+01     2.5705    200.167    35.4557    23.1349    192.936     21.329    26.7686 -9.990e-29
    649.750     21.353    26.8227   5.562791     0.0735    60.0000     0.1250 1.4823e+01     2.5704    200.152    35.4558    23.1193    192.929     21.234    26.8178 -9.990e-29
    650.000     21.267    26.8764   5.566791     0.1028   170.0000     0.1234 1.5043e+01     2.5717    199.845    35.4434    23.0928    193.028     21.148    26.8715 -9.990e-29
    650.250     21.178    26.9378   5.572673     0.1542   170.0000     0.1231 1.5102e+01     2.5737    199.455    35.4387    23.0697    193.170     21.060    26.9329 -9.990e-29
    650.500     21.096    27.0025   5.578496     0.0808   230.0000     0.1236 1.5164e+01     2.5754    198.920    35.4310    23.0432    193.282     20.978    26.9977 -9.990e-29
    650.750     21.004    27.0564   5.585135     0.1175   200.0000     0.1236 1.5226e+01     2.5791    198.321    35.4374    23.0308    193.564     20.887    27.0516 -9.990e-29
    651.000     20.893    27.1089   5.587978     0.1322   250.0000     0.1237 1.5445e+01     2.5807    197.683    35.4178    22.9992    193.616     20.776    27.1041 -9.990e-29
    651.250     20.751    27.1646   5.593412     0.1322   140.0000     0.1234 1.5678e+01     2.5838    197.315    35.4142    22.9786    193.701     20.635    27.1598 -9.990e-29
    651.500     20.549    27.2204   5.598996     0.1028   170.0000     0.1236 1.6052e+01     2.5872    196.931    35.4117    22.9587    193.785     20.434    27.2157 -9.990e-29
    651.750     20.291    27.2725   5.603907     0.1102   230.0000     0.1222 1.6406e+01     2.5904    196.533    35.4071    22.9385    193.814     20.178    27.2678 -9.990e-29
    652.000     19.978    27.3203   5.607904     0.1249    90.0000     0.1227 1.6747e+01     2.5926    196.254    35.3994    22.9173    193.745     19.866    27.3157 -9.990e-29
    652.250     19.633    27.3709   5.611614     0.1102  -220.0000     0.1225 1.7054e+01     2.5933    195.956    35.3875    22.8920    193.415     19.523    27.3663 -9.990e-29
    652.500     19.287    27.4167   5.617144     0.0955   140.0000     0.1244 1.7533e+01     2.5951    196.023    35.3922    22.8807    193.099     19.179    27.4122 -9.990e-29
    652.750     18.991    27.4518   5.620189     0.1102   170.0000     0.1247 1.7944e+01     2.5962    195.558    35.3873    22.8657    192.740     18.885    27.4474 -9.990e-29
    653.000     18.775    27.4981   5.621867     0.1542  -110.0000     0.1243 1.8499e+01     2.5958    195.046    35.3642    22.8333    192.219     18.670    27.4937 -9.990e-29
    653.250     18.638    27.5617   5.628272     0.0661   140.0000     0.1244 1.8364e+01     2.5929    194.742    35.3615    22.8107    191.392     18.534    27.5574 -9.990e-29
    653.500     18.598    27.6384   5.635551     0.0881   200.0000     0.1243 1.7488e+01     2.5884    194.351    35.3551    22.7810    190.437     18.494    27.6341 -9.990e-29
    653.750     18.638    27.6826   5.643746     0.1028   200.0000     0.1243 1.5831e+01     2.5841    194.035    35.3797    22.7851    189.726     18.534    27.6782 -9.990e-29
    654.000     18.715    27.7082   5.642919     0.0661    10.0000     0.1208 1.4394e+01     2.5788    193.831    35.3545    22.7579    189.203     18.610    27.7038 -9.990e-29
    654.250     18.796    27.7220   5.644032     0.0735   -20.0000     0.1213 1.4462e+01     2.5733    193.749    35.3520    22.7515    188.787     18.691    27.7176 -9.990e-29
    654.500     18.849    27.7256   5.643961     0.1322   170.0000     0.1211 1.5824e+01     2.5699    193.683    35.3487    22.7479    188.665     18.744    27.7212 -9.990e-29
    654.750     18.846    27.7316   5.642450     0.1175   170.0000     0.1215 1.7187e+01     2.5685    193.793    35.3335    22.7345    188.751     18.741    27.7272 -9.990e-29
    655.000     18.776    27.7395   5.644319     0.0661   170.0000     0.1249 1.7905e+01     2.5675    194.029    35.3408    22.7374    188.851     18.671    27.7351 -9.990e-29
