cruises/P45_06/L2/CTD/Derived_Parameter/P45_06_CTD_10_der.cnv
* Sea-Bird SBE19plus  Data File:
* FileName = C:\Users\OA_2023-03\Desktop\Bathymetry\ctd_casts\S2_18_04_26002.hex
* Software version 2.3.0 SB_Terminal.dll
* Temperature SN = 8460
* Conductivity SN = 8460
* System UpLoad Time = Apr 18 2026 16:40:21
* <ApplicationData>
* <SeatermAF>
** cast for s2
# nquan = 16                                
# nvalues = 2580                        
# units = specified
# name 0 = timeS: Time, Elapsed [seconds]
# name 1 = prdM: Pressure, Strain Gauge [db]
# name 2 = tv290C: Temperature [ITS-90, deg C]
# name 3 = c0S/m: Conductivity [S/m]
# name 4 = flECO-AFL: Fluorescence, WET Labs ECO-AFL/FL [mg/m^3]
# name 5 = flECO-AFL1: Fluorescence, WET Labs ECO-AFL/FL, 2 [mg/m^3]
# name 6 = CStarAt0: Beam Attenuation, WET Labs C-Star [1/m]
# name 7 = par/sat/log: PAR/Logarithmic, Satlantic [umol photons/m^2/sec]
# name 8 = sbeox0V: Oxygen raw, SBE 43 [V]
# name 9 = sbeox0Mm/L: Oxygen, SBE 43 [umol/l]
# name 10 = sal00: Salinity, Practical [PSU]
# name 11 = sigma-é00: Density [sigma-theta, kg/m^3]
# name 12 = sbox0Mm/Kg: Oxygen, SBE 43 [umol/kg], WS = 2
# name 13 = depSM: Depth [salt water, m], lat = 5.51
# name 14 = potemp090C: Potential Temperature [ITS-90, deg C]
# name 15 = flag: flag
# span 0 =      0.000,    644.750       
# span 1 =     -0.126,     72.020       
# span 2 =    19.4874,    29.7711       
# span 3 =  -0.256820,   5.857944       
# span 4 =   -27.7935,    29.9382       
# span 5 = -1.448e+05, 40750.0000       
# span 6 =    -0.0853,    27.5054       
# span 7 = 2.2999e-01, 1.5045e+03       
# span 8 =     1.6095,     2.6886       
# span 9 =    119.708,    237.279       
# span 10 =     0.0000,    35.8950      
# span 11 =    -4.1440,    25.5180      
# span 12 =    116.835,    238.303      
# span 13 =     -0.125,     71.608      
# span 14 =    19.4743,    29.7708      
# span 15 = 0.0000e+00, 0.0000e+00      
# interval = seconds: 0.25
# start_time = Apr 18 2026 15:53:20 [Instrument's time stamp, header]
# bad_flag = -9.990e-29
*END*
[from data line 1989]
    497.250     56.084    20.0445   4.894973     0.7345   780.0000     0.1164 3.6471e+00     1.8430    132.286    35.7888    25.3546    146.230     55.766    20.0341 0.0000e+00
    497.500     55.835    20.0452   4.895039     0.7345   730.0000     0.1165 3.6892e+00     1.8536    132.341    35.7889    25.3544    147.007     55.518    20.0348 0.0000e+00
    497.750     55.589    20.0457   4.895076     0.7492   970.0000     0.1167 3.7495e+00     1.8627    132.448    35.7889    25.3542    147.698     55.273    20.0354 0.0000e+00
    498.000     55.351    20.0463   4.895076     0.7639   700.0000     0.1125 3.8174e+00     1.8711    132.601    35.7884    25.3538    148.280     55.037    20.0360 0.0000e+00
    498.250     55.131    20.0501   4.895171     0.7712   860.0000     0.1129 3.9272e+00     1.8790    132.726    35.7861    25.3509    148.966     54.818    20.0399 0.0000e+00
    498.500     54.933    20.0699   4.895691     0.7859   750.0000     0.1129 4.0157e+00     1.8870    132.631    35.7736    25.3361    149.646     54.621    20.0597 0.0000e+00
    498.750     54.751    20.1101   4.901141     0.7492   890.0000     0.1109 4.0664e+00     1.8950    132.608    35.7842    25.3335    150.258     54.440    20.0999 0.0000e+00
    499.000     54.618    20.1603   4.908633     0.7639   750.0000     0.1109 4.1275e+00     1.9015    132.646    35.8030    25.3345    150.669     54.308    20.1501 0.0000e+00
    499.250     54.536    20.2496   4.913634     0.8153   700.0000     0.1113 4.1293e+00     1.9109    132.265    35.7681    25.2842    151.312     54.227    20.2394 0.0000e+00
    499.500     54.498    20.3744   4.929871     0.7712   950.0000     0.1053 3.9992e+00     1.9190    132.537    35.7950    25.2713    151.615     54.189    20.3642 0.0000e+00
    499.750     54.489    20.4805   4.948103     0.7492   750.0000     0.1051 3.8682e+00     1.9252    132.621    35.8538    25.2876    151.698     54.180    20.4702 -9.990e-29
    500.000     54.496    20.5278   4.954217     0.7492   670.0000     0.1057 3.8799e+00     1.9316    132.945    35.8635    25.2823    152.064     54.187    20.5175 -9.990e-29
    500.250     54.481    20.5237   4.951013     0.7272   700.0000     0.1067 4.0165e+00     1.9380    133.796    35.8409    25.2662    152.550     54.172    20.5134 0.0000e+00
    500.500     54.432    20.5583   4.943280     0.7125   890.0000     0.1066 4.1896e+00     1.9439    135.116    35.7488    25.1867    153.021     54.123    20.5480 0.0000e+00
    500.750     54.360    20.6019   4.956460     0.7712   730.0000     0.1067 4.3484e+00     1.9489    136.955    35.8191    25.2285    153.223     54.052    20.5916 0.0000e+00
    501.000     54.241    20.6350   4.959316     0.7051   950.0000     0.1059 4.4503e+00     1.9554    139.187    35.8143    25.2160    153.678     53.933    20.6247 0.0000e+00
    501.250     54.087    20.6615   4.961510     0.8006   810.0000     0.1081 4.5309e+00     1.9606    141.921    35.8098    25.2054    154.002     53.780    20.6512 0.0000e+00
    501.500     53.925    20.6850   4.963344     0.8153   730.0000     0.1075 4.5851e+00     1.9659    144.165    35.8049    25.1953    154.421     53.619    20.6748 0.0000e+00
    501.750     53.749    20.7096   4.965421     0.7712   730.0000     0.1081 4.6200e+00     1.9700    146.057    35.8011    25.1857    154.714     53.444    20.6994 0.0000e+00
    502.000     53.561    20.7326   4.968317     0.8006   700.0000     0.1173 4.6030e+00     1.9747    147.850    35.8052    25.1826    155.066     53.257    20.7224 0.0000e+00
    502.250     53.372    20.7506   4.970137     0.8447   970.0000     0.1171 4.6290e+00     1.9787    149.013    35.8049    25.1774    155.372     53.069    20.7404 0.0000e+00
    502.500     53.165    20.7706   4.971147     0.8741   920.0000     0.1167 4.7108e+00     1.9846    150.064    35.7963    25.1654    155.901     52.864    20.7605 0.0000e+00
    502.750     52.945    20.7903   4.973985     0.8741   890.0000     0.1233 4.8452e+00     1.9890    150.700    35.8027    25.1650    156.267     52.645    20.7802 0.0000e+00
    503.000     52.714    20.8119   4.975076     0.8814  1060.0000     0.1234 4.9244e+00     1.9940    151.117    35.7934    25.1521    156.650     52.415    20.8019 0.0000e+00
    503.250     52.477    20.8326   4.977746     0.8814  1090.0000     0.1229 5.0419e+00     1.9974    151.419    35.7977    25.1497    156.869     52.180    20.8226 0.0000e+00
    503.500     52.247    20.8477   4.979272     0.9255  1030.0000     0.1228 5.1958e+00     2.0020    151.880    35.7974    25.1453    157.212     51.951    20.8377 0.0000e+00
    503.750     52.041    20.8607   4.979928     0.9989  1090.0000     0.1290 5.2705e+00     2.0060    152.419    35.7918    25.1376    157.565     51.746    20.8508 0.0000e+00
    504.000     51.870    20.8762   4.981027     0.9769  1090.0000     0.1294 5.4068e+00     2.0093    152.771    35.7877    25.1302    157.857     51.576    20.8663 0.0000e+00
    504.250     51.746    20.8977   4.982886     0.9695  1110.0000     0.1292 5.4929e+00     2.0137    153.597    35.7847    25.1221    158.405     51.453    20.8878 0.0000e+00
    504.500     51.661    20.9172   4.986554     1.0136  1090.0000     0.1316 5.4267e+00     2.0178    154.284    35.7980    25.1268    159.038     51.368    20.9073 0.0000e+00
    504.750     51.586    20.9354   4.987086     0.9475  1140.0000     0.1311 5.3302e+00     2.0219    154.800    35.7870    25.1135    159.984     51.294    20.9255 0.0000e+00
    505.000     51.510    20.9424   4.989551     1.0210  1090.0000     0.1311 5.3986e+00     2.0263    155.320    35.8010    25.1223    161.295     51.218    20.9325 0.0000e+00
    505.250     51.390    20.9452   4.987646     1.0503  1170.0000     0.1339 5.5997e+00     2.0339    155.852    35.7833    25.1081    163.250     51.099    20.9354 0.0000e+00
    505.500     51.225    20.9558   4.988214     1.2560  1140.0000     0.1337 5.9429e+00     2.0432    156.316    35.7791    25.1019    165.548     50.935    20.9460 0.0000e+00
    505.750     50.985    20.9692   4.990429     1.0136  1170.0000     0.1335 6.0953e+00     2.0570    156.624    35.7858    25.1033    168.356     50.696    20.9594 0.0000e+00
    506.000     50.683    20.9811   4.991980     0.9989   970.0000     0.1372 6.2881e+00     2.0750    157.118    35.7884    25.1021    171.403     50.396    20.9714 0.0000e+00
    506.250     50.341    20.9945   4.992947     0.9695  1170.0000     0.1371 6.3400e+00     2.0956    157.417    35.7850    25.0959    174.360     50.056    20.9848 0.0000e+00
    506.500     49.995    21.0116   4.994778     1.0797  1090.0000     0.1368 6.5293e+00     2.1176    157.792    35.7856    25.0916    177.061     49.712    21.0020 0.0000e+00
    506.750     49.697    21.0256   4.997186     1.0871  1140.0000     0.1370 6.6880e+00     2.1403    158.045    35.7933    25.0936    179.477     49.416    21.0161 0.0000e+00
    507.000     49.475    21.0456   4.997629     1.1018  1140.0000     0.1363 6.9041e+00     2.1600    158.372    35.7802    25.0782    181.293     49.195    21.0361 0.0000e+00
    507.250     49.332    21.0628   5.001464     1.0724  1220.0000     0.1363 7.1923e+00     2.1788    158.598    35.7967    25.0860    182.806     49.053    21.0533 0.0000e+00
    507.500     49.235    21.0855   5.001930     1.1605  1110.0000     0.1363 6.9446e+00     2.1966    159.104    35.7814    25.0682    184.077     48.956    21.0760 0.0000e+00
    507.750     49.172    21.1155   5.005463     1.0944  1110.0000     0.1425 6.6462e+00     2.2154    159.437    35.7847    25.0625    185.381     48.894    21.1060 0.0000e+00
    508.000     49.108    21.1333   5.009360     1.0430  1000.0000     0.1417 6.6909e+00     2.2329    159.826    35.8011    25.0701    186.569     48.830    21.1238 0.0000e+00
    508.250     49.010    21.1374   5.008317     1.0063  1090.0000     0.1420 7.0734e+00     2.2491    160.073    35.7894    25.0600    187.701     48.733    21.1280 0.0000e+00
    508.500     48.870    21.1522   5.007451     1.0283  1060.0000     0.1378 7.6331e+00     2.2624    160.492    35.7701    25.0412    188.468     48.593    21.1428 0.0000e+00
    508.750     48.675    21.1822   5.011437     0.9916  1090.0000     0.1386 7.9827e+00     2.2760    160.846    35.7770    25.0383    189.182     48.400    21.1728 0.0000e+00
    509.000     48.413    21.2244   5.016195     1.0063  1140.0000     0.1380 8.1767e+00     2.2869    161.046    35.7800    25.0289    189.664     48.139    21.2150 0.0000e+00
    509.250     48.113    21.2732   5.022620     1.0356  1140.0000     0.1380 8.3664e+00     2.2987    161.319    35.7908    25.0237    190.304     47.841    21.2639 0.0000e+00
    509.500     47.806    21.3581   5.028292     1.0063  1110.0000     0.1369 8.5069e+00     2.3090    161.524    35.7654    24.9810    190.728     47.536    21.3488 0.0000e+00
    509.750     47.517    21.4422   5.046002     1.0430  1200.0000     0.1373 8.8084e+00     2.3195    161.671    35.8368    25.0121    191.087     47.248    21.4329 0.0000e+00
    510.000     47.251    21.5240   5.051448     1.1018   970.0000     0.1372 8.9894e+00     2.3293    161.890    35.8121    24.9706    191.553     46.984    21.5148 0.0000e+00
    510.250     47.029    21.5976   5.060728     1.1238  1030.0000     0.1413 9.2278e+00     2.3388    162.581    35.8248    24.9598    191.943     46.763    21.5884 0.0000e+00
    510.500     46.848    21.6595   5.066181     0.9916  1030.0000     0.1413 9.3767e+00     2.3458    163.608    35.8167    24.9364    192.205     46.583    21.6503 0.0000e+00
    510.750     46.715    21.7075   5.071204     0.9989  1030.0000     0.1413 9.3322e+00     2.3543    165.408    35.8167    24.9231    192.672     46.451    21.6983 0.0000e+00
    511.000     46.613    21.7597   5.074401     0.8814  1060.0000     0.1336 9.1999e+00     2.3617    168.004    35.7988    24.8948    193.101     46.349    21.7505 0.0000e+00
    511.250     46.542    21.8395   5.081237     0.8814  1000.0000     0.1337 9.1285e+00     2.3686    171.118    35.7868    24.8634    193.385     46.279    21.8303 0.0000e+00
    511.500     46.498    21.8983   5.093997     1.3221   860.0000     0.1335 9.1642e+00     2.3760    174.515    35.8390    24.8867    193.724     46.235    21.8891 0.0000e+00
    511.750     46.473    21.9219   5.095865     0.8300  1000.0000     0.1334 9.2478e+00     2.3827    178.057    35.8342    24.8764    194.152     46.210    21.9127 0.0000e+00
    512.000     46.442    21.9269   5.092676     0.7786   670.0000     0.1394 9.3342e+00     2.3900    181.163    35.8049    24.8527    194.831     46.179    21.9177 0.0000e+00
    512.250     46.389    21.9445   5.092057     0.7492   590.0000     0.1396 9.5013e+00     2.3958    183.898    35.7854    24.8329    195.387     46.127    21.9353 0.0000e+00
    512.500     46.320    21.9839   5.096490     0.7125   970.0000     0.1400 9.8914e+00     2.4008    186.182    35.7879    24.8237    195.847     46.058    21.9747 0.0000e+00
    512.750     46.229    22.0230   5.103920     0.7345   700.0000     0.1280 1.0213e+01     2.4063    188.149    35.8142    24.8327    196.413     45.968    22.0138 0.0000e+00
    513.000     46.118    22.0507   5.106589     0.7125   640.0000     0.1278 1.0448e+01     2.4135    189.672    35.8124    24.8236    197.258     45.857    22.0415 0.0000e+00
    513.250     45.989    22.0704   5.108005     0.7418   340.0000     0.1276 1.0596e+01     2.4218    190.903    35.8073    24.8141    198.282     45.729    22.0613 0.0000e+00
    513.500     45.838    22.0870   5.108959     0.6831   500.0000     0.1302 1.0686e+01     2.4311    191.706    35.8011    24.8048    199.327     45.579    22.0779 0.0000e+00
    513.750     45.665    22.1048   5.110771     0.8594   640.0000     0.1304 1.0741e+01     2.4401    192.536    35.8008    24.7995    200.191     45.407    22.0957 0.0000e+00
    514.000     45.473    22.1237   5.112517     0.6243   780.0000     0.1303 1.0898e+01     2.4486    193.086    35.7990    24.7928    200.822     45.216    22.1146 0.0000e+00
    514.250     45.260    22.1449   5.114732     0.6757   500.0000     0.1254 1.1110e+01     2.4570    193.718    35.7990    24.7868    201.297     45.004    22.1359 0.0000e+00
    514.500     45.033    22.1695   5.117239     0.7198  1030.0000     0.1256 1.1319e+01     2.4637    194.143    35.7985    24.7794    201.508     44.779    22.1605 0.0000e+00
    514.750     44.809    22.1952   5.120046     0.6317   640.0000     0.1255 1.1539e+01     2.4702    194.601    35.7994    24.7729    201.646     44.556    22.1863 0.0000e+00
    515.000     44.611    22.2364   5.122263     0.7198   670.0000     0.1258 1.1740e+01     2.4752    195.071    35.7829    24.7487    201.679     44.359    22.2275 0.0000e+00
    515.250     44.447    22.2907   5.129276     0.6537   480.0000     0.1137 1.1963e+01     2.4793    195.551    35.7933    24.7412    201.550     44.196    22.2818 0.0000e+00
    515.500     44.338    22.3097   5.136569     0.6317   420.0000     0.1140 1.1981e+01     2.4830    195.748    35.8349    24.7674    201.672     44.088    22.3008 0.0000e+00
    515.750     44.271    22.3453   5.131299     0.5949   500.0000     0.1135 1.1684e+01     2.4852    196.221    35.7643    24.7036    201.847     44.021    22.3364 0.0000e+00
    516.000     44.222    22.4034   5.139887     0.5509   340.0000     0.1105 1.1304e+01     2.4900    196.600    35.7838    24.7019    202.186     43.972    22.3945 0.0000e+00
    516.250     44.187    22.4667   5.146671     0.5656   280.0000     0.1109 1.1180e+01     2.4922    196.873    35.7849    24.6847    202.250     43.937    22.4578 0.0000e+00
    516.500     44.151    22.4921   5.155195     0.4921   480.0000     0.1105 1.1326e+01     2.4988    197.162    35.8307    24.7123    202.833     43.902    22.4832 0.0000e+00
    516.750     44.087    22.5068   5.149730     0.4921   370.0000     0.1124 1.1788e+01     2.5045    197.504    35.7759    24.6665    203.385     43.838    22.4979 0.0000e+00
    517.000     43.974    22.5513   5.151466     0.5288   500.0000     0.1127 1.2339e+01     2.5098    198.019    35.7530    24.6364    203.634     43.726    22.5424 0.0000e+00
    517.250     43.796    22.6259   5.161230     0.3746   370.0000     0.1127 1.2804e+01     2.5130    198.347    35.7681    24.6265    203.450     43.549    22.6170 0.0000e+00
    517.500     43.567    22.7011   5.171661     0.3526   170.0000     0.1009 1.2907e+01     2.5170    198.502    35.7878    24.6199    203.177     43.321    22.6923 0.0000e+00
    517.750     43.309    22.7647   5.178094     0.3305   200.0000     0.1011 1.2926e+01     2.5183    198.630    35.7859    24.6002    202.796     43.064    22.7559 0.0000e+00
    518.000     43.052    22.8210   5.182422     0.3526   250.0000     0.1006 1.3058e+01     2.5210    199.030    35.7736    24.5746    202.661     42.809    22.8122 0.0000e+00
    518.250     42.823    22.8603   5.187457     0.3452   250.0000     0.1010 1.3367e+01     2.5222    199.653    35.7807    24.5687    202.492     42.581    22.8516 0.0000e+00
    518.500     42.652    22.8851   5.188492     0.3379   230.0000     0.0972 1.3580e+01     2.5223    200.537    35.7685    24.5523    202.339     42.411    22.8764 0.0000e+00
    518.750     42.534    22.9055   5.189438     0.3526   280.0000     0.0970 1.3603e+01     2.5245    201.521    35.7592    24.5394    202.480     42.294    22.8968 0.0000e+00
    519.000     42.452    22.9305   5.191082     0.3526   310.0000     0.0969 1.3307e+01     2.5258    202.510    35.7516    24.5264    202.497     42.212    22.9218 0.0000e+00
    519.250     42.394    22.9767   5.194446     0.3305   280.0000     0.0939 1.2882e+01     2.5270    203.533    35.7400    24.5042    202.462     42.155    22.9680 0.0000e+00
    519.500     42.347    23.0240   5.202734     0.3379   310.0000     0.0941 1.2760e+01     2.5288    204.226    35.7656    24.5100    202.471     42.108    23.0153 0.0000e+00
