cruises/P45_06/L2/CTD/Derived_Parameter/P45_06_CTD_09_der.cnv
* Sea-Bird SBE19plus  Data File:
* FileName = C:\Users\OA_2023-03\Desktop\Bathymetry\ctd_casts\S1_18_04_26001.hex
* Software version 2.3.0 SB_Terminal.dll
* Temperature SN = 8460
* Conductivity SN = 8460
* System UpLoad Time = Apr 18 2026 10:40:32
* <ApplicationData>
* <SeatermAF>
# nquan = 16                                
# nvalues = 2744                        
# units = specified
# name 0 = timeS: Time, Elapsed [seconds]
# name 1 = prdM: Pressure, Strain Gauge [db]
# name 2 = tv290C: Temperature [ITS-90, deg C]
# name 3 = c0S/m: Conductivity [S/m]
# name 4 = flECO-AFL: Fluorescence, WET Labs ECO-AFL/FL [mg/m^3]
# name 5 = flECO-AFL1: Fluorescence, WET Labs ECO-AFL/FL, 2 [mg/m^3]
# name 6 = CStarAt0: Beam Attenuation, WET Labs C-Star [1/m]
# name 7 = par/sat/log: PAR/Logarithmic, Satlantic [umol photons/m^2/sec]
# name 8 = sbeox0V: Oxygen raw, SBE 43 [V]
# name 9 = sbeox0Mm/L: Oxygen, SBE 43 [umol/l]
# name 10 = sal00: Salinity, Practical [PSU]
# name 11 = sigma-é00: Density [sigma-theta, kg/m^3]
# name 12 = sbox0Mm/Kg: Oxygen, SBE 43 [umol/kg], WS = 2
# name 13 = depSM: Depth [salt water, m], lat = 5.51
# name 14 = potemp090C: Potential Temperature [ITS-90, deg C]
# name 15 = flag: flag
# span 0 =      0.000,    685.750       
# span 1 =     -0.100,     37.847       
# span 2 =    22.6161,    29.3172       
# span 3 =  -0.312213,   5.811900       
# span 4 =   -15.2482,    29.9382       
# span 5 = -1.033e+05, 40750.0000       
# span 6 =    -0.0660,    24.8803       
# span 7 = 5.6337e+00, 3.4091e+03       
# span 8 =     1.6497,     2.8063       
# span 9 =    102.454,    251.190       
# span 10 =     0.0000,    35.7755      
# span 11 =    -3.9694,    24.6074      
# span 12 =    101.296,    261.623      
# span 13 =     -0.099,     37.634      
# span 14 =    22.6085,    29.3168      
# span 15 = 0.0000e+00, 0.0000e+00      
# interval = seconds: 0.25
# start_time = Apr 18 2026 09:40:24 [Instrument's time stamp, header]
# bad_flag = -9.990e-29
*END*
[from data line 2170]
    542.500     22.385    26.0706   5.493165     0.2203   200.0000     0.1171 1.6705e+02     2.6796    207.320    35.5311    23.4136    206.277     22.260    26.0656 0.0000e+00
    542.750     22.056    26.1776   5.505427     0.1910   230.0000     0.1170 1.7316e+02     2.6826    207.778    35.5376    23.3850    206.278     21.933    26.1726 0.0000e+00
    543.000     21.754    26.2675   5.514455     0.1616   200.0000     0.1168 1.8573e+02     2.6846    208.049    35.5337    23.3538    206.122     21.632    26.2626 0.0000e+00
    543.250     21.503    26.3404   5.520088     0.1763   200.0000     0.1161 1.9407e+02     2.6885    208.478    35.5184    23.3192    206.080     21.383    26.3356 0.0000e+00
    543.500     21.336    26.4315   5.523611     0.1542   250.0000     0.1154 1.9152e+02     2.6913    208.727    35.4737    23.2568    205.805     21.217    26.4267 0.0000e+00
    543.750     21.242    26.5287   5.537207     0.1763   200.0000     0.1157 1.7949e+02     2.6935    208.802    35.4972    23.2438    205.285     21.123    26.5239 0.0000e+00
    544.000     21.207    26.6287   5.545795     0.1469   230.0000     0.1126 1.6748e+02     2.6922    208.748    35.4823    23.2009    204.442     21.088    26.6239 -9.990e-29
    544.250     21.231    26.7211   5.555748     0.1616   170.0000     0.1125 1.4882e+02     2.6908    208.471    35.4830    23.1721    203.607     21.112    26.7163 -9.990e-29
    544.500     21.272    26.7891   5.562313     0.1836   120.0000     0.1120 1.3319e+02     2.6875    208.145    35.4781    23.1468    202.826     21.153    26.7842 -9.990e-29
    544.750     21.320    26.8175   5.565631     0.1028   230.0000     0.1123 1.2569e+02     2.6840    207.170    35.4802    23.1393    202.300     21.201    26.8126 -9.990e-29
    545.000     21.320    26.8160   5.563726     0.1542    30.0000     0.1117 1.2846e+02     2.6797    207.730    35.4676    23.1303    202.006     21.201    26.8111 -9.990e-29
    545.250     21.269    26.8352   5.560020     0.0955   120.0000     0.1115 1.3426e+02     2.6767    207.585    35.4263    23.0931    201.867     21.150    26.8303 -9.990e-29
    545.500     21.132    26.8638   5.566643     0.1102   250.0000     0.1114 1.3815e+02     2.6754    207.152    35.4520    23.1033    201.788     21.014    26.8590 0.0000e+00
    545.750     20.905    26.8914   5.569808     0.1542  1220.0000     0.1122 1.4053e+02     2.6746    206.931    35.4537    23.0958    201.763     20.788    26.8866 0.0000e+00
    546.000     20.603    26.9167   5.572083     0.1689   200.0000     0.1125 1.4166e+02     2.6754    206.869    35.4508    23.0855    201.813     20.488    26.9120 0.0000e+00
    546.250     20.231    26.9371   5.574468     0.1542   200.0000     0.1122 1.4065e+02     2.6754    206.977    35.4524    23.0802    201.581     20.118    26.9325 0.0000e+00
    546.500     19.836    26.9585   5.575845     0.1616   280.0000     0.1096 1.4172e+02     2.6738    207.318    35.4460    23.0685    201.128     19.725    26.9540 0.0000e+00
    546.750     19.458    26.9974   5.578292     0.1469   170.0000     0.1100 1.4320e+02     2.6727    207.300    35.4340    23.0469    200.585     19.349    26.9929 0.0000e+00
    547.000     19.143    27.0396   5.584498     0.1396   170.0000     0.1099 1.4470e+02     2.6697    207.005    35.4463    23.0427    199.827     19.036    27.0352 0.0000e+00
    547.250     18.911    27.0814   5.588613     0.1322   230.0000     0.1099 1.4687e+02     2.6624    207.162    35.4439    23.0275    198.788     18.805    27.0770 0.0000e+00
    547.500     18.765    27.1780   5.592202     0.1616   120.0000     0.0984 1.4741e+02     2.6586    207.305    35.3960    22.9604    198.014     18.660    27.1737 0.0000e+00
    547.750     18.716    27.3088   5.608620     0.0955   120.0000     0.0987 1.4302e+02     2.6521    207.369    35.4136    22.9316    196.868     18.611    27.3045 -9.990e-29
    548.000     18.745    27.4210   5.625237     0.1102   140.0000     0.0981 1.3464e+02     2.6473    207.157    35.4465    22.9202    196.101     18.640    27.4166 -9.990e-29
    548.250     18.834    27.5076   5.632653     0.1322   170.0000     0.0987 1.2447e+02     2.6436    207.140    35.4335    22.8824    195.687     18.729    27.5032 -9.990e-29
    548.500     18.923    27.5681   5.637101     0.1102   200.0000     0.0996 1.2099e+02     2.6382    207.123    35.4191    22.8520    195.199     18.817    27.5637 -9.990e-29
    548.750     19.002    27.6052   5.639683     0.1249   200.0000     0.0989 1.2725e+02     2.6339    207.178    35.4093    22.8326    194.944     18.896    27.6008 -9.990e-29
    549.000     19.025    27.6259   5.640904     0.0661   230.0000     0.0979 1.3357e+02     2.6327    206.860    35.4023    22.8206    195.007     18.919    27.6215 -9.990e-29
    549.250     18.967    27.6444   5.641013     0.1102   170.0000     0.0980 1.3830e+02     2.6311    206.472    35.3891    22.8047    195.035     18.861    27.6400 -9.990e-29
    549.500     18.807    27.6657   5.643239     0.1102   200.0000     0.0982 1.4154e+02     2.6304    205.820    35.3888    22.7975    195.154     18.702    27.6613 -9.990e-29
    549.750     18.549    27.6948   5.645971     0.1102    30.0000     0.0967 1.4706e+02     2.6298    205.086    35.3862    22.7861    195.155     18.445    27.6905 0.0000e+00
    550.000     18.218    27.7347   5.650152     0.0955   200.0000     0.0965 1.5070e+02     2.6299    204.214    35.3858    22.7727    195.106     18.116    27.7304 0.0000e+00
    550.250     17.853    27.7793   5.655590     0.0661    30.0000     0.0969 1.5420e+02     2.6299    203.433    35.3906    22.7618    194.984     17.753    27.7751 0.0000e+00
    550.500     17.507    27.8189   5.660421     0.0955    90.0000     0.0970 1.5808e+02     2.6317    202.924    35.3949    22.7522    194.998     17.409    27.8148 0.0000e+00
    550.750     17.231    27.8620   5.663422     0.0955    60.0000     0.0930 1.6213e+02     2.6311    202.602    35.3837    22.7296    194.773     17.135    27.8580 0.0000e+00
    551.000     17.058    27.9304   5.668155     0.0881   140.0000     0.0927 1.6256e+02     2.6314    202.618    35.3656    22.6937    194.568     16.963    27.9264 0.0000e+00
    551.250     16.978    27.9951   5.679086     0.0514   170.0000     0.0926 1.5935e+02     2.6305    202.565    35.3938    22.6937    194.209     16.883    27.9911 -9.990e-29
    551.500     16.991    28.0329   5.683512     0.0735    30.0000     0.0896 1.5195e+02     2.6298    202.367    35.3965    22.6834    193.975     16.896    28.0289 -9.990e-29
    551.750     17.080    28.0558   5.683472     0.0808    30.0000     0.0896 1.4068e+02     2.6292    202.233    35.3790    22.6627    193.829     16.985    28.0518 -9.990e-29
    552.000     17.173    28.0782   5.684127     0.0588   140.0000     0.0902 1.3481e+02     2.6301    201.912    35.3667    22.6462    193.779     17.077    28.0741 -9.990e-29
    552.250     17.249    28.0974   5.686595     0.0661    10.0000     0.0913 1.4373e+02     2.6300    201.002    35.3696    22.6420    193.620     17.153    28.0933 -9.990e-29
    552.500     17.282    28.1070   5.688047     0.0808   -20.0000     0.0916 1.5267e+02     2.6292    200.365    35.3726    22.6411    193.368     17.186    28.1029 -9.990e-29
    552.750     17.245    28.1139   5.687391     0.0735    30.0000     0.0916 1.5771e+02     2.6269    199.405    35.3628    22.6315    192.968     17.149    28.1098 -9.990e-29
    553.000     17.122    28.1224   5.688406     0.0588    90.0000     0.0916 1.6147e+02     2.6248    198.628    35.3636    22.6293    192.575     17.026    28.1184 -9.990e-29
    553.250     16.931    28.1316   5.689500     0.0661   -50.0000     0.0887 1.6475e+02     2.6224    198.043    35.3644    22.6269    192.228     16.836    28.1276 0.0000e+00
    553.500     16.678    28.1436   5.690804     0.0808    10.0000     0.0890 1.6785e+02     2.6186    197.351    35.3646    22.6231    191.816     16.585    28.1397 0.0000e+00
    553.750     16.407    28.1616   5.692257     0.0441    90.0000     0.0888 1.6956e+02     2.6150    196.831    35.3614    22.6147    191.507     16.315    28.1577 0.0000e+00
    554.000     16.133    28.1833   5.695023     0.0881   120.0000     0.0886 1.7107e+02     2.6124    196.746    35.3646    22.6100    191.352     16.043    28.1795 0.0000e+00
    554.250     15.893    28.2126   5.697243     0.0514   -50.0000     0.0886 1.7357e+02     2.6106    196.720    35.3582    22.5956    191.313     15.804    28.2088 0.0000e+00
    554.500     15.691    28.2437   5.700995     0.0514    10.0000     0.0888 1.7871e+02     2.6092    196.756    35.3613    22.5876    191.328     15.603    28.2400 0.0000e+00
    554.750     15.527    28.2671   5.704451     0.0661    90.0000     0.0864 1.8007e+02     2.6095    196.842    35.3680    22.5849    191.504     15.440    28.2634 0.0000e+00
    555.000     15.387    28.2842   5.705178     0.0661   140.0000     0.0868 1.8298e+02     2.6112    196.997    35.3603    22.5735    191.802     15.301    28.2805 0.0000e+00
    555.250     15.264    28.2989   5.706202     0.0441  -110.0000     0.0865 1.8783e+02     2.6124    197.146    35.3565    22.5658    191.989     15.179    28.2953 0.0000e+00
    555.500     15.160    28.2967   5.707657     0.0661    60.0000     0.0894 1.9012e+02     2.6139    197.505    35.3683    22.5754    192.224     15.075    28.2931 0.0000e+00
    555.750     15.071    28.3051   5.704958     0.0588   140.0000     0.0894 1.9365e+02     2.6158    197.590    35.3432    22.5538    192.364     14.987    28.3015 0.0000e+00
    556.000     14.986    28.3367   5.708134     0.0881   -20.0000     0.0896 1.9444e+02     2.6176    197.672    35.3418    22.5423    192.331     14.902    28.3331 0.0000e+00
    556.250     14.896    28.3756   5.714089     0.0588    30.0000     0.0890 1.9491e+02     2.6183    197.556    35.3543    22.5388    192.116     14.813    28.3721 0.0000e+00
    556.500     14.796    28.4227   5.718801     0.0441   -20.0000     0.0879 1.9520e+02     2.6213    197.372    35.3520    22.5216    192.063     14.713    28.4192 0.0000e+00
    556.750     14.691    28.4680   5.724659     0.0808  -130.0000     0.0879 1.9921e+02     2.6192    197.125    35.3591    22.5119    191.576     14.609    28.4645 0.0000e+00
    557.000     14.593    28.5026   5.728427     0.0441   170.0000     0.0876 2.0834e+02     2.6187    197.033    35.3595    22.5008    191.254     14.512    28.4991 0.0000e+00
    557.250     14.498    28.5258   5.730408     0.0367    30.0000     0.0894 2.0965e+02     2.6170    196.867    35.3560    22.4904    190.876     14.417    28.5223 0.0000e+00
    557.500     14.429    28.5459   5.731105     0.0588   230.0000     0.0898 2.0601e+02     2.6151    196.659    35.3459    22.4762    190.553     14.349    28.5424 0.0000e+00
    557.750     14.375    28.5674   5.733158     0.0514   200.0000     0.0894 2.1115e+02     2.6156    196.322    35.3442    22.4678    190.581     14.295    28.5640 0.0000e+00
    558.000     14.336    28.5861   5.735510     0.0441   -50.0000     0.0894 2.0762e+02     2.6125    195.986    35.3466    22.4634    190.332     14.256    28.5827 0.0000e+00
    558.250     14.291    28.5967   5.736976     0.0441    90.0000     0.0897 2.0789e+02     2.6099    195.606    35.3489    22.4616    190.205     14.211    28.5933 0.0000e+00
    558.500     14.227    28.5979   5.736865     0.0661   170.0000     0.0892 2.1248e+02     2.6096    195.057    35.3473    22.4600    190.323     14.148    28.5945 0.0000e+00
    558.750     14.118    28.6030   5.735211     0.0661   120.0000     0.0895 2.2058e+02     2.6105    194.540    35.3320    22.4468    190.548     14.039    28.5996 0.0000e+00
    559.000     13.938    28.6173   5.737194     0.0441    60.0000     0.0860 2.3118e+02     2.6126    194.109    35.3352    22.4444    190.856     13.860    28.6140 0.0000e+00
    559.250     13.698    28.6309   5.739876     0.0588  -130.0000     0.0858 2.3953e+02     2.6139    193.810    35.3438    22.4463    191.000     13.622    28.6276 0.0000e+00
    559.500     13.397    28.6418   5.740903     0.0367   170.0000     0.0860 2.3881e+02     2.6149    193.614    35.3429    22.4420    191.029     13.322    28.6386 0.0000e+00
    559.750     13.078    28.6532   5.741530     0.0367    90.0000     0.0892 2.4786e+02     2.6165    193.670    35.3389    22.4352    190.998     13.005    28.6501 0.0000e+00
    560.000     12.769    28.6647   5.742816     0.0441   120.0000     0.0890 2.5810e+02     2.6175    193.943    35.3393    22.4317    190.852     12.698    28.6616 0.0000e+00
    560.250     12.498    28.6755   5.743914     0.0367   200.0000     0.0895 2.6209e+02     2.6179    194.238    35.3390    22.4278    190.628     12.428    28.6725 0.0000e+00
    560.500     12.286    28.6915   5.744730     0.0441  -160.0000     0.0854 2.7930e+02     2.6175    194.583    35.3328    22.4179    190.274     12.218    28.6886 0.0000e+00
    560.750     12.142    28.7249   5.747342     0.0514    30.0000     0.0851 2.7828e+02     2.6143    194.944    35.3261    22.4017    189.633     12.074    28.7220 0.0000e+00
    561.000     12.073    28.7601   5.753229     0.0441    10.0000     0.0849 2.8015e+02     2.6118    195.220    35.3408    22.4010    189.125     12.006    28.7572 0.0000e+00
    561.250     12.060    28.7841   5.755921     0.0441   -50.0000     0.0898 2.7564e+02     2.6082    195.300    35.3416    22.3937    188.704     11.993    28.7812 -9.990e-29
    561.500     12.106    28.8015   5.756879     0.0294   200.0000     0.0904 2.6863e+02     2.6031    195.584    35.3353    22.3831    188.310     12.039    28.7986 -9.990e-29
    561.750     12.155    28.8149   5.757954     0.0367  -110.0000     0.0898 2.7126e+02     2.6002    195.281    35.3328    22.3768    188.238     12.087    28.8120 -9.990e-29
    562.000     12.191    28.8240   5.758684     0.0441  -130.0000     0.0896 2.8057e+02     2.5991    195.096    35.3311    22.3725    188.403     12.123    28.8211 -9.990e-29
    562.250     12.193    28.8259   5.759422     0.0441   140.0000     0.0872 2.8727e+02     2.5998    194.767    35.3348    22.3746    188.762     12.125    28.8230 -9.990e-29
    562.500     12.115    28.8306   5.758024     0.0441  -130.0000     0.0872 2.8430e+02     2.6011    194.405    35.3217    22.3632    189.113     12.048    28.8277 -9.990e-29
    562.750     11.940    28.8407   5.759650     0.0661   170.0000     0.0874 2.8783e+02     2.6028    194.291    35.3255    22.3626    189.336     11.873    28.8378 0.0000e+00
    563.000     11.682    28.8529   5.761346     0.0514    30.0000     0.0892 3.1094e+02     2.6060    193.809    35.3282    22.3606    189.541     11.617    28.8501 0.0000e+00
    563.250     11.353    28.8661   5.763153     0.0661   -50.0000     0.0894 3.3678e+02     2.6078    193.372    35.3310    22.3583    189.491     11.290    28.8634 0.0000e+00
    563.500     11.006    28.8797   5.764629     0.0367  -110.0000     0.0895 3.4481e+02     2.6079    193.199    35.3312    22.3539    189.269     10.945    28.8770 0.0000e+00
    563.750     10.679    28.8923   5.766075     0.0441   120.0000     0.0861 3.2231e+02     2.6083    193.283    35.3320    22.3502    189.066     10.620    28.8897 0.0000e+00
    564.000     10.404    28.9044   5.766994     0.0220   200.0000     0.0862 3.1671e+02     2.6063    193.531    35.3294    22.3443    188.633     10.346    28.9019 0.0000e+00
    564.250     10.219    28.9119   5.768510     0.0367   200.0000     0.0862 3.1493e+02     2.6033    193.752    35.3344    22.3455    188.152     10.162    28.9094 0.0000e+00
    564.500     10.110    28.9189   5.768290     0.0441    30.0000     0.0863 3.4118e+02     2.6026    193.963    35.3277    22.3381    187.909     10.054    28.9165 0.0000e+00
