cruises/P45_06/L2/CTD/Derived_Parameter/P45_06_CTD_07_der.cnv
* Sea-Bird SBE19plus  Data File:
* FileName = C:\Users\OA_2023-03\Desktop\Bathymetry\ctd_casts\J1_17_04_2026003.hex
* Software version 2.3.0 SB_Terminal.dll
* Temperature SN = 8460
* Conductivity SN = 8460
* System UpLoad Time = Apr 17 2026 12:58:15
* <ApplicationData>
* <SeatermAF>
# nquan = 16                                
# nvalues = 3956                        
# units = specified
# name 0 = timeS: Time, Elapsed [seconds]
# name 1 = prdM: Pressure, Strain Gauge [db]
# name 2 = tv290C: Temperature [ITS-90, deg C]
# name 3 = c0S/m: Conductivity [S/m]
# name 4 = flECO-AFL: Fluorescence, WET Labs ECO-AFL/FL [mg/m^3]
# name 5 = flECO-AFL1: Fluorescence, WET Labs ECO-AFL/FL, 2 [mg/m^3]
# name 6 = CStarAt0: Beam Attenuation, WET Labs C-Star [1/m]
# name 7 = par/sat/log: PAR/Logarithmic, Satlantic [umol photons/m^2/sec]
# name 8 = sbeox0V: Oxygen raw, SBE 43 [V]
# name 9 = sbeox0Mm/L: Oxygen, SBE 43 [umol/l]
# name 10 = sal00: Salinity, Practical [PSU]
# name 11 = sigma-é00: Density [sigma-theta, kg/m^3]
# name 12 = sbox0Mm/Kg: Oxygen, SBE 43 [umol/kg], WS = 2
# name 13 = depSM: Depth [salt water, m], lat = 5.51
# name 14 = potemp090C: Potential Temperature [ITS-90, deg C]
# name 15 = flag: flag
# span 0 =      0.000,    988.750       
# span 1 =     -0.056,     49.537       
# span 2 =    20.3079,    30.1953       
# span 3 =  -0.163806,   5.859566       
# span 4 =   -26.8607,    29.9382       
# span 5 = -1.950e+05, 40750.0000       
# span 6 =    -0.1104,    55.2620       
# span 7 = 1.8115e+01, 3.4716e+03       
# span 8 =     1.6264,     2.8041       
# span 9 =    100.339,    246.121       
# span 10 =     0.0000,    35.7946      
# span 11 =    -4.3990,    25.2751      
# span 12 =     98.895,    255.465      
# span 13 =     -0.056,     49.257      
# span 14 =    20.2986,    30.1953      
# span 15 = 0.0000e+00, 0.0000e+00      
# interval = seconds: 0.25
# start_time = Apr 17 2026 12:04:27 [Instrument's time stamp, header]
# bad_flag = -9.990e-29
*END*
[from data line 2712]
    678.000      3.996    29.6199   5.842211     0.0441   250.0000     0.0792 5.5908e+02     2.2121    153.822    35.3200    22.0958    151.843      3.974    29.6189 -9.990e-29
    678.250      4.058    29.6219   5.842772     0.0220   140.0000     0.0798 5.5235e+02     2.2147    152.638    35.3223    22.0969    151.614      4.035    29.6209 -9.990e-29
    678.500      4.218    29.6247   5.842811     0.0294    10.0000     0.0788 6.1691e+02     2.2219    152.238    35.3205    22.0946    151.426      4.195    29.6237 -9.990e-29
    678.750      4.438    29.6263   5.843333     0.0000   200.0000     0.0800 6.2673e+02     2.2218    152.071    35.3228    22.0958    150.449      4.413    29.6252 -9.990e-29
    679.000      4.658    29.6270   5.843823     0.0367  -110.0000     0.0803 5.0154e+02     2.2119    152.103    35.3256    22.0977    148.748      4.632    29.6259 -9.990e-29
    679.250      4.844    29.6275   5.843001     0.0367    10.0000     0.0800 4.9081e+02     2.1956    152.911    35.3195    22.0930    146.699      4.817    29.6263 -9.990e-29
    679.500      4.985    29.6280   5.842583     0.0220   200.0000     0.0844 6.3163e+02     2.1772    153.780    35.3163    22.0904    144.944      4.957    29.6268 -9.990e-29
    679.750      5.031    29.6269   5.843183     0.0367   120.0000     0.0847 5.3471e+02     2.1624    154.544    35.3212    22.0945    144.113      5.003    29.6257 -9.990e-29
    680.000      4.967    29.6249   5.843863     0.0294   -50.0000     0.0841 5.9117e+02     2.1539    154.185    35.3273    22.0997    144.282      4.939    29.6237 -9.990e-29
    680.250      4.824    29.6231   5.843483     0.0367    90.0000     0.0795 4.5168e+02     2.1478    153.812    35.3261    22.0994    144.912      4.797    29.6219 -9.990e-29
    680.500      4.620    29.6207   5.843562     0.0441   170.0000     0.0799 5.0634e+02     2.1527    153.459    35.3284    22.1020    146.414      4.594    29.6196 -9.990e-29
    680.750      4.393    29.6184   5.843452     0.0294   -50.0000     0.0800 6.4335e+02     2.1586    152.927    35.3294    22.1035    147.592      4.369    29.6173 -9.990e-29
    681.000      4.191    29.6170   5.843072     0.0294    10.0000     0.0803 6.2133e+02     2.1648    153.150    35.3279    22.1028    148.396      4.168    29.6160 -9.990e-29
    681.250      4.056    29.6155   5.842985     0.0220   120.0000     0.0810 5.5151e+02     2.1750    153.792    35.3285    22.1037    149.362      4.033    29.6145 -9.990e-29
    681.500      4.029    29.6144   5.842732     0.0294   120.0000     0.0810 5.7155e+02     2.1807    153.980    35.3275    22.1034    149.639      4.007    29.6134 -9.990e-29
    681.750      4.082    29.6142   5.842693     0.0220   140.0000     0.0807 6.6615e+02     2.1793    154.191    35.3274    22.1034    149.028      4.059    29.6132 -9.990e-29
    682.000      4.214    29.6143   5.842622     0.0294    60.0000     0.0780 3.9825e+02     2.1782    154.697    35.3268    22.1029    148.206      4.191    29.6133 -9.990e-29
    682.250      4.387    29.6157   5.842622     0.0220   140.0000     0.0782 3.8863e+02     2.1830    154.553    35.3257    22.1016    147.830      4.363    29.6146 -9.990e-29
    682.500      4.563    29.6172   5.842583     0.0514    90.0000     0.0782 4.3472e+02     2.1835    154.608    35.3243    22.1001    147.201      4.538    29.6161 -9.990e-29
    682.750      4.711    29.6181   5.842583     0.0294   200.0000     0.0796 3.8097e+02     2.1737    154.968    35.3236    22.0993    145.841      4.685    29.6169 -9.990e-29
    683.000      4.812    29.6197   5.842693     0.0220   200.0000     0.0797 3.9499e+02     2.1596    155.078    35.3232    22.0984    144.404      4.785    29.6185 -9.990e-29
    683.250      4.852    29.6211   5.842772     0.0147   120.0000     0.0795 6.2200e+02     2.1482    155.269    35.3227    22.0975    143.648      4.825    29.6199 -9.990e-29
    683.500      4.820    29.6224   5.842843     0.0367   120.0000     0.0798 4.5987e+02     2.1378    156.118    35.3222    22.0967    143.387      4.793    29.6212 -9.990e-29
    683.750      4.720    29.6237   5.843057     0.0294   -20.0000     0.0796 5.4937e+02     2.1309    156.239    35.3227    22.0967    143.568      4.694    29.6225 -9.990e-29
    684.000      4.562    29.6247   5.843072     0.0441   140.0000     0.0799 4.7648e+02     2.1357    155.185    35.3222    22.0959    144.636      4.537    29.6236 -9.990e-29
    684.250      4.376    29.6249   5.843302     0.0367   140.0000     0.0805 5.9258e+02     2.1482    153.222    35.3236    22.0969    146.043      4.352    29.6238 -9.990e-29
    684.500      4.193    29.6245   5.843633     0.0367    90.0000     0.0796 4.6066e+02     2.1550    150.688    35.3262    22.0990    146.696      4.170    29.6235 -9.990e-29
    684.750      4.045    29.6253   5.843420     0.0367    60.0000     0.0796 5.3483e+02     2.1540    148.337    35.3242    22.0972    146.342      4.023    29.6243 -9.990e-29
    685.000      3.996    29.6261   5.843633     0.0367   120.0000     0.0800 5.5235e+02     2.1508    146.727    35.3251    22.0976    145.485      3.974    29.6251 -9.990e-29
    685.250      4.038    29.6274   5.843783     0.0220    10.0000     0.0782 4.5003e+02     2.1453    145.556    35.3252    22.0972    144.423      4.016    29.6264 -9.990e-29
    685.500      4.165    29.6286   5.843752     0.0367   200.0000     0.0785 3.9192e+02     2.1437    145.885    35.3240    22.0960    143.950      4.142    29.6276 -9.990e-29
    685.750      4.363    29.6293   5.844084     0.0441   120.0000     0.0778 4.3566e+02     2.1400    146.932    35.3257    22.0970    143.495      4.339    29.6282 -9.990e-29
    686.000      4.571    29.6298   5.844203     0.0294   -20.0000     0.0780 4.3228e+02     2.1339    148.449    35.3261    22.0972    142.951      4.546    29.6287 -9.990e-29
    686.250      4.743    29.6298   5.843934     0.0367    10.0000     0.0823 4.3004e+02     2.1286    150.586    35.3242    22.0958    142.735      4.717    29.6286 -9.990e-29
    686.500      4.860    29.6294   5.843863     0.0294   230.0000     0.0828 4.4586e+02     2.1231    152.190    35.3240    22.0957    142.739      4.833    29.6282 -9.990e-29
    686.750      4.898    29.6285   5.843974     0.0220    90.0000     0.0823 3.9345e+02     2.1186    152.730    35.3254    22.0971    143.174      4.871    29.6273 -9.990e-29
    687.000      4.858    29.6274   5.844124     0.0220    60.0000     0.0807 3.7769e+02     2.1170    152.885    35.3273    22.0988    144.149      4.831    29.6262 -9.990e-29
    687.250      4.732    29.6254   5.844084     0.0294    90.0000     0.0811 4.7196e+02     2.1244    153.378    35.3285    22.1004    146.028      4.706    29.6242 -9.990e-29
    687.500      4.563    29.6234   5.843997     0.0294   -20.0000     0.0808 4.6376e+02     2.1367    153.178    35.3294    22.1018    148.126      4.538    29.6223 -9.990e-29
    687.750      4.383    29.6212   5.843784     0.0441   -50.0000     0.0803 4.2569e+02     2.1537    151.789    35.3296    22.1027    150.154      4.359    29.6201 -9.990e-29
    688.000      4.240    29.6201   5.843483     0.0220    90.0000     0.0804 4.5208e+02     2.1749    149.760    35.3284    22.1021    151.960      4.216    29.6191 -9.990e-29
    688.250      4.163    29.6190   5.843333     0.0367   230.0000     0.0802 3.8990e+02     2.1962    147.895    35.3282    22.1024    153.236      4.140    29.6180 -9.990e-29
    688.500      4.162    29.6184   5.843278     0.0220    60.0000     0.0865 4.8679e+02     2.2074    146.259    35.3283    22.1026    153.413      4.139    29.6174 -9.990e-29
    688.750      4.223    29.6179   5.843167     0.0294    90.0000     0.0864 4.0093e+02     2.2094    145.140    35.3279    22.1025    152.857      4.200    29.6169 -9.990e-29
    689.000      4.318    29.6176   5.843112     0.0294    30.0000     0.0866 3.8654e+02     2.2068    145.396    35.3277    22.1025    152.366      4.294    29.6165 -9.990e-29
    689.250      4.423    29.6175   5.843072     0.0441   -80.0000     0.0864 4.0810e+02     2.2038    146.814    35.3275    22.1023    152.264      4.398    29.6164 -9.990e-29
    689.500      4.507    29.6172   5.843112     0.0367   200.0000     0.0795 4.0215e+02     2.2065    148.132    35.3279    22.1028    152.951      4.482    29.6161 -9.990e-29
    689.750      4.567    29.6175   5.843073     0.0367   -80.0000     0.0792 3.8495e+02     2.2161    148.866    35.3274    22.1023    154.393      4.542    29.6164 -9.990e-29
    690.000      4.594    29.6175   5.843033     0.0441   120.0000     0.0793 4.1478e+02     2.2385    149.224    35.3272    22.1021    156.894      4.568    29.6164 -9.990e-29
    690.250      4.585    29.6178   5.843057     0.0367    10.0000     0.0798 4.2495e+02     2.2545    149.022    35.3271    22.1020    158.504      4.560    29.6167 -9.990e-29
    690.500      4.532    29.6179   5.843033     0.0220    30.0000     0.0796 4.4173e+02     2.2617    148.925    35.3269    22.1018    158.960      4.507    29.6168 -9.990e-29
    690.750      4.458    29.6172   5.843072     0.0220   140.0000     0.0798 3.8888e+02     2.2711    148.320    35.3277    22.1026    159.373      4.433    29.6161 -9.990e-29
    691.000      4.391    29.6167   5.843151     0.0294   200.0000     0.0840 4.0162e+02     2.2802    147.182    35.3286    22.1035    159.446      4.367    29.6156 -9.990e-29
    691.250      4.347    29.6160   5.843096     0.0220   140.0000     0.0838 3.9825e+02     2.2853    146.120    35.3288    22.1038    159.147      4.323    29.6149 -9.990e-29
    691.500      4.363    29.6160   5.842962     0.0367    10.0000     0.0841 3.9286e+02     2.2903    145.283    35.3278    22.1031    158.993      4.339    29.6149 -9.990e-29
    691.750      4.434    29.6161   5.842922     0.0147   -20.0000     0.0841 3.8312e+02     2.2966    144.748    35.3275    22.1028    159.343      4.409    29.6150 -9.990e-29
    692.000      4.545    29.6166   5.842922     0.0294   200.0000     0.0804 3.5944e+02     2.2914    144.605    35.3271    22.1023    159.194      4.520    29.6155 -9.990e-29
    692.250      4.676    29.6169   5.842962     0.0294    30.0000     0.0803 3.8404e+02     2.2815    145.533    35.3271    22.1023    159.045      4.650    29.6158 -9.990e-29
    692.500      4.789    29.6156   5.843002     0.0514   170.0000     0.0805 3.4721e+02     2.2799    147.167    35.3283    22.1036    159.731      4.762    29.6144 -9.990e-29
    692.750      4.847    29.6138   5.843033     0.0294    30.0000     0.0811 3.1623e+02     2.2966    149.568    35.3298    22.1054    161.963      4.820    29.6126 -9.990e-29
    693.000      4.850    29.6128   5.843073     0.0367    60.0000     0.0808 3.3489e+02     2.3201    152.660    35.3308    22.1065    164.599      4.823    29.6116 -9.990e-29
    693.250      4.790    29.6110   5.843002     0.0367    90.0000     0.0811 3.6154e+02     2.3420    155.844    35.3317    22.1077    166.480      4.763    29.6098 -9.990e-29
    693.500      4.681    29.6075   5.842812     0.0294    30.0000     0.0789 4.4240e+02     2.3555    157.890    35.3330    22.1099    166.887      4.655    29.6063 -9.990e-29
    693.750      4.525    29.6035   5.842511     0.0073    30.0000     0.0791 4.3004e+02     2.3623    158.591    35.3339    22.1119    166.155      4.500    29.6024 -9.990e-29
    694.000      4.361    29.5989   5.841934     0.0073   170.0000     0.0788 3.7193e+02     2.3623    158.270    35.3334    22.1131    164.847      4.337    29.5978 -9.990e-29
    694.250      4.232    29.5945   5.841231     0.0000   120.0000     0.0807 3.8395e+02     2.3546    157.364    35.3319    22.1134    163.258      4.209    29.5935 -9.990e-29
    694.500      4.172    29.5910   5.840781     0.0294   -80.0000     0.0805 3.8503e+02     2.3465    156.774    35.3314    22.1142    162.063      4.149    29.5900 -9.990e-29
    694.750      4.200    29.5900   5.840101     0.0000   230.0000     0.0804 4.4336e+02     2.3377    156.922    35.3275    22.1116    161.289      4.177    29.5890 -9.990e-29
    695.000      4.296    29.5904   5.839801     0.0441   170.0000     0.0809 3.7250e+02     2.3328    158.709    35.3251    22.1097    161.343      4.272    29.5893 -9.990e-29
    695.250      4.443    29.5936   5.840070     0.0514   120.0000     0.0788 3.6092e+02     2.3328    160.349    35.3245    22.1082    162.238      4.418    29.5925 -9.990e-29
    695.500      4.611    29.5969   5.840631     0.0441   120.0000     0.0788 3.5773e+02     2.3302    161.457    35.3259    22.1081    163.061      4.585    29.5958 -9.990e-29
    695.750      4.745    29.5994   5.840892     0.0294    10.0000     0.0787 3.6849e+02     2.3346    162.905    35.3258    22.1072    164.435      4.719    29.5982 -9.990e-29
    696.000      4.827    29.6005   5.841192     0.0294   120.0000     0.0801 3.4199e+02     2.3450    164.243    35.3270    22.1078    166.102      4.800    29.5993 -9.990e-29
    696.250      4.840    29.5997   5.841682     0.0367   200.0000     0.0801 3.8370e+02     2.3612    164.878    35.3309    22.1110    167.993      4.813    29.5985 -9.990e-29
    696.500      4.794    29.5975   5.841642     0.0294    90.0000     0.0803 3.0160e+02     2.3787    165.143    35.3323    22.1128    169.747      4.767    29.5963 -9.990e-29
    696.750      4.703    29.5945   5.841342     0.0367   -50.0000     0.0835 3.1020e+02     2.3909    165.278    35.3325    22.1139    170.677      4.677    29.5933 -9.990e-29
    697.000      4.576    29.5915   5.840591     0.0367    90.0000     0.0831 3.7177e+02     2.4008    164.054    35.3296    22.1127    171.157      4.551    29.5904 -9.990e-29
    697.250      4.467    29.5891   5.840093     0.0441   120.0000     0.0838 4.0215e+02     2.4079    162.381    35.3280    22.1123    171.324      4.442    29.5880 -9.990e-29
    697.500      4.400    29.5881   5.839769     0.0294   140.0000     0.0833 3.3934e+02     2.4137    161.625    35.3265    22.1116    171.444      4.376    29.5870 -9.990e-29
    697.750      4.385    29.5875   5.839769     0.0367    90.0000     0.0908 3.5076e+02     2.4196    162.937    35.3270    22.1121    171.546      4.361    29.5864 -9.990e-29
    698.000      4.401    29.5875   5.839801     0.0294    10.0000     0.0904 3.8188e+02     2.4241    165.411    35.3272    22.1123    171.395      4.377    29.5864 -9.990e-29
    698.250      4.425    29.5879   5.839951     0.0588    10.0000     0.0902 3.6889e+02     2.4305    168.177    35.3279    22.1127    171.254      4.400    29.5868 -9.990e-29
    698.500      4.443    29.5888   5.840030     0.0588    90.0000     0.0808 3.7444e+02     2.4353    170.257    35.3278    22.1123    170.992      4.418    29.5877 -9.990e-29
    698.750      4.458    29.5900   5.840180     0.0441   170.0000     0.0810 3.4273e+02     2.4307    171.629    35.3279    22.1120    170.110      4.433    29.5889 -9.990e-29
    699.000      4.474    29.5920   5.840291     0.0441    10.0000     0.0811 3.1100e+02     2.4221    172.162    35.3272    22.1108    169.091      4.449    29.5909 -9.990e-29
    699.250      4.489    29.5939   5.840481     0.0294   -20.0000     0.0809 2.8332e+02     2.4096    171.370    35.3271    22.1101    167.916      4.464    29.5928 -9.990e-29
    699.500      4.500    29.5960   5.840741     0.0367   140.0000     0.0810 3.1208e+02     2.4041    169.806    35.3273    22.1095    167.679      4.475    29.5949 -9.990e-29
    699.750      4.521    29.5980   5.840931     0.0294  -110.0000     0.0807 3.0913e+02     2.4070    167.611    35.3272    22.1087    168.553      4.496    29.5969 -9.990e-29
    700.000      4.545    29.5997   5.841247     0.0367   120.0000     0.0813 3.1154e+02     2.4090    165.810    35.3281    22.1088    169.494      4.520    29.5986 -9.990e-29
    700.250      4.580    29.6014   5.841421     0.0441    30.0000     0.0795 3.1350e+02     2.4104    164.872    35.3280    22.1082    170.360      4.555    29.6003 -9.990e-29
