cruises/P45_06/L2/CTD/Derived_Parameter/P45_06_CTD_08_der.cnv
* Sea-Bird SBE19plus  Data File:
* FileName = C:\Users\OA_2023-03\Desktop\Bathymetry\ctd_casts\J2_17_04_2026001.hex
* Software version 2.3.0 SB_Terminal.dll
* Temperature SN = 8460
* Conductivity SN = 8460
* System UpLoad Time = Apr 17 2026 17:13:47
* <ApplicationData>
* <SeatermAF>
# nquan = 16                                
# nvalues = 2934                        
# units = specified
# name 0 = timeS: Time, Elapsed [seconds]
# name 1 = prdM: Pressure, Strain Gauge [db]
# name 2 = tv290C: Temperature [ITS-90, deg C]
# name 3 = c0S/m: Conductivity [S/m]
# name 4 = flECO-AFL: Fluorescence, WET Labs ECO-AFL/FL [mg/m^3]
# name 5 = flECO-AFL1: Fluorescence, WET Labs ECO-AFL/FL, 2 [mg/m^3]
# name 6 = CStarAt0: Beam Attenuation, WET Labs C-Star [1/m]
# name 7 = par/sat/log: PAR/Logarithmic, Satlantic [umol photons/m^2/sec]
# name 8 = sbeox0V: Oxygen raw, SBE 43 [V]
# name 9 = sbeox0Mm/L: Oxygen, SBE 43 [umol/l]
# name 10 = sal00: Salinity, Practical [PSU]
# name 11 = sigma-é00: Density [sigma-theta, kg/m^3]
# name 12 = sbox0Mm/Kg: Oxygen, SBE 43 [umol/kg], WS = 2
# name 13 = depSM: Depth [salt water, m], lat = 5.51
# name 14 = potemp090C: Potential Temperature [ITS-90, deg C]
# name 15 = flag: flag
# span 0 =      0.000,    733.250       
# span 1 =     -0.083,     59.020       
# span 2 =    19.6278,    30.8273       
# span 3 =  -0.315919,   5.875385       
# span 4 =   -79.9063,    29.9382       
# span 5 = -1.864e+05, 40750.0000       
# span 6 =    -0.1020,    24.8803       
# span 7 = 3.3441e+00, 1.9408e+03       
# span 8 =     1.6516,     2.6927       
# span 9 =    123.864,    236.390       
# span 10 =     0.0000,    35.8554      
# span 11 =    -4.5474,    25.4629      
# span 12 =    120.895,    237.754      
# span 13 =     -0.083,     58.685      
# span 14 =    19.6171,    30.8273      
# span 15 = 0.0000e+00, 0.0000e+00      
# interval = seconds: 0.25
# start_time = Apr 17 2026 14:51:22 [Instrument's time stamp, header]
# bad_flag = -9.990e-29
*END*
[from data line 543]
    135.750      6.798    29.7609   5.865997     0.0220   250.0000     0.0931 1.8991e+02     2.2823    170.764    35.3777    22.0915    161.477      6.760    29.7592 -9.990e-29
    136.000      6.934    29.7402   5.865925     0.0220   200.0000     0.0931 1.8325e+02     2.2855    167.897    35.3924    22.1096    160.650      6.895    29.7385 -9.990e-29
    136.250      7.098    29.6955   5.864580     0.0220   200.0000     0.0931 1.9686e+02     2.2788    163.916    35.4160    22.1425    159.068      7.059    29.6938 -9.990e-29
    136.500      7.280    29.6467   5.857449     0.0294    10.0000     0.1016 2.7564e+02     2.2824    159.365    35.4032    22.1495    159.043      7.240    29.6449 -9.990e-29
    136.750      7.485    29.6123   5.852300     0.0220   120.0000     0.1019 2.3604e+02     2.2963    156.233    35.3934    22.1538    160.627      7.443    29.6105 -9.990e-29
    137.000      7.691    29.5874   5.852103     0.0367   -50.0000     0.1015 2.7972e+02     2.3026    155.950    35.4103    22.1749    161.894      7.648    29.5855 -9.990e-29
    137.250      7.889    29.5804   5.856067     0.0294   -20.0000     0.0895 3.5711e+02     2.3072    157.995    35.4424    22.2015    163.053      7.845    29.5785 -9.990e-29
    137.500      8.076    29.6075   5.859985     0.0441   140.0000     0.0896 2.7695e+02     2.3139    160.568    35.4492    22.1973    164.280      8.031    29.6055 -9.990e-29
    137.750      8.243    29.6477   5.862779     0.0441   140.0000     0.0898 2.9706e+02     2.3308    162.264    35.4386    22.1758    165.834      8.197    29.6457 -9.990e-29
    138.000      8.385    29.6756   5.862968     0.0294   -20.0000     0.0894 3.3919e+02     2.3493    162.262    35.4193    22.1518    167.110      8.338    29.6735 -9.990e-29
    138.250      8.521    29.6896   5.862928     0.0294   200.0000     0.0899 2.7297e+02     2.3675    161.493    35.4087    22.1391    167.823      8.474    29.6875 -9.990e-29
    138.500      8.654    29.6937   5.861914     0.0220    10.0000     0.0896 3.5665e+02     2.3942    159.497    35.3987    22.1303    168.811      8.606    29.6916 -9.990e-29
    138.750      8.790    29.6862   5.859018     0.0294    60.0000     0.0894 2.8628e+02     2.3906    156.198    35.3845    22.1221    166.830      8.741    29.6840 -9.990e-29
    139.000      8.949    29.6462   5.857989     0.0220    10.0000     0.0907 2.7785e+02     2.3769    152.136    35.4068    22.1525    164.193      8.899    29.6440 -9.990e-29
    139.250      9.134    29.5878   5.853203     0.0220   140.0000     0.0908 3.0593e+02     2.3606    147.856    35.4171    22.1800    161.726      9.083    29.5856 -9.990e-29
    139.500      9.349    29.5360   5.843225     0.0220   140.0000     0.0908 2.8683e+02     2.3436    144.778    35.3870    22.1750    159.525      9.297    29.5337 -9.990e-29
    139.750      9.585    29.4956   5.837062     0.0220    30.0000     0.0894 2.5950e+02     2.3292    144.570    35.3745    22.1794    158.017      9.532    29.4933 -9.990e-29
    140.000      9.810    29.4693   5.837253     0.0000   200.0000     0.0896 2.8727e+02     2.3218    148.061    35.3952    22.2037    157.288      9.755    29.4669 -9.990e-29
    140.250     10.019    29.4859   5.844366     0.0367   170.0000     0.0899 2.9745e+02     2.3139    154.042    35.4315    22.2254    157.007      9.963    29.4834 -9.990e-29
    140.500     10.205    29.5317   5.850415     0.0220   200.0000     0.0918 2.9083e+02     2.2980    159.726    35.4390    22.2156    156.729     10.148    29.5292 -9.990e-29
    140.750     10.347    29.5891   5.856443     0.0441   140.0000     0.0916 2.4078e+02     2.2727    163.607    35.4379    22.1953    156.062     10.289    29.5866 -9.990e-29
    141.000     10.412    29.6467   5.859536     0.0294   230.0000     0.0917 2.3143e+02     2.2579    165.742    35.4166    22.1598    156.419     10.354    29.6441 -9.990e-29
    141.250     10.349    29.6794   5.860255     0.0367    30.0000     0.0921 2.3244e+02     2.2723    165.920    35.3975    22.1343    159.309     10.291    29.6769 -9.990e-29
    141.500     10.230    29.6690   5.857990     0.0367    60.0000     0.0923 2.3933e+02     2.3046    166.128    35.3897    22.1320    163.418     10.173    29.6665 -9.990e-29
    141.750     10.110    29.6148   5.856067     0.0294    90.0000     0.0927 2.6690e+02     2.3358    166.654    35.4165    22.1705    166.502     10.054    29.6123 -9.990e-29
    142.000     10.005    29.5543   5.846244     0.0294   170.0000     0.0919 2.3537e+02     2.3556    166.114    35.3940    22.1741    167.332      9.949    29.5518 -9.990e-29
    142.250      9.941    29.5100   5.839733     0.0441   170.0000     0.0927 2.3558e+02     2.3649    165.585    35.3821    22.1802    166.287      9.886    29.5076 -9.990e-29
    142.500      9.929    29.4757   5.835491     0.0294   120.0000     0.0928 2.3229e+02     2.3610    165.844    35.3784    22.1890    164.070      9.874    29.4733 -9.990e-29
    142.750      9.969    29.4507   5.834623     0.0147    30.0000     0.0928 2.7755e+02     2.3413    167.743    35.3908    22.2068    160.994      9.914    29.4483 -9.990e-29
    143.000     10.081    29.4343   5.833913     0.0147    90.0000     0.0916 3.5611e+02     2.3185    170.188    35.3980    22.2177    158.199     10.025    29.4318 -9.990e-29
    143.250     10.254    29.4240   5.833092     0.0294  -110.0000     0.0908 3.2659e+02     2.3053    172.708    35.3999    22.2227    156.538     10.197    29.4215 -9.990e-29
    143.500     10.452    29.4174   5.833424     0.0367   120.0000     0.0914 2.2766e+02     2.3019    175.936    35.4070    22.2302    155.893     10.394    29.4148 -9.990e-29
    143.750     10.649    29.4386   5.840788     0.0220   120.0000     0.1090 2.0203e+02     2.2990    175.736    35.4417    22.2492    155.361     10.590    29.4360 -9.990e-29
    144.000     10.829    29.4800   5.844020     0.0220   -80.0000     0.1084 2.6788e+02     2.2872    174.155    35.4333    22.2288    153.902     10.769    29.4773 -9.990e-29
    144.250     10.958    29.5234   5.844803     0.0294   120.0000     0.1087 3.0626e+02     2.2643    171.691    35.4066    22.1941    151.282     10.897    29.5207 -9.990e-29
    144.500     11.007    29.5681   5.849625     0.0294   230.0000     0.1089 2.4878e+02     2.2373    168.546    35.4066    22.1790    148.553     10.946    29.5654 -9.990e-29
    144.750     10.967    29.5996   5.851546     0.0220    30.0000     0.0883 1.9690e+02     2.2184    165.363    35.3965    22.1608    147.377     10.906    29.5969 -9.990e-29
    145.000     10.847    29.6193   5.851845     0.0147    10.0000     0.0882 1.9020e+02     2.2013    163.036    35.3841    22.1448    147.317     10.787    29.6166 -9.990e-29
    145.250     10.658    29.6247   5.850603     0.0220   170.0000     0.0888 1.6683e+02     2.1858    161.060    35.3718    22.1336    147.982     10.599    29.6221 -9.990e-29
    145.500     10.447    29.5845   5.848570     0.0147    60.0000     0.0894 1.7163e+02     2.1832    158.714    35.3875    22.1591    149.610     10.389    29.5819 -9.990e-29
    145.750     10.236    29.5286   5.841795     0.0220   140.0000     0.0890 1.7610e+02     2.1961    156.089    35.3824    22.1742    151.905     10.179    29.5261 -9.990e-29
    146.000     10.078    29.4818   5.833840     0.0441   170.0000     0.0889 1.9758e+02     2.2196    154.729    35.3625    22.1751    154.353     10.022    29.4793 -9.990e-29
    146.250      9.994    29.4483   5.831400     0.0220   170.0000     0.0913 2.3907e+02     2.2420    156.678    35.3705    22.1924    155.922      9.938    29.4459 -9.990e-29
    146.500      9.989    29.4283   5.830390     0.0220    60.0000     0.0912 2.7126e+02     2.2453    161.039    35.3784    22.2050    155.125      9.933    29.4259 -9.990e-29
    146.750     10.056    29.4175   5.830723     0.0367   170.0000     0.0911 2.6580e+02     2.2349    165.756    35.3886    22.2163    152.712     10.000    29.4150 -9.990e-29
    147.000     10.192    29.4099   5.832508     0.0367    60.0000     0.0914 2.6986e+02     2.2185    169.487    35.4064    22.2323    149.836     10.135    29.4074 -9.990e-29
    147.250     10.350    29.4168   5.836015     0.0367   -80.0000     0.0896 2.6823e+02     2.2042    172.089    35.4252    22.2441    147.614     10.292    29.4143 -9.990e-29
    147.500     10.508    29.4403   5.836505     0.0220   200.0000     0.0900 2.7285e+02     2.1939    172.975    35.4112    22.2257    146.345     10.449    29.4377 -9.990e-29
    147.750     10.652    29.4850   5.839136     0.0220   -50.0000     0.0901 2.3948e+02     2.1815    171.305    35.3962    22.1993    145.128     10.593    29.4824 -9.990e-29
    148.000     10.765    29.5248   5.844115     0.0367   200.0000     0.0933 1.9444e+02     2.1694    167.942    35.4009    22.1894    143.964     10.705    29.5222 -9.990e-29
    148.250     10.823    29.5548   5.846090     0.0220  -160.0000     0.0927 1.6803e+02     2.1581    164.552    35.3923    22.1728    142.704     10.763    29.5521 -9.990e-29
    148.500     10.834    29.5797   5.846611     0.0220    90.0000     0.0929 1.9310e+02     2.1444    162.137    35.3775    22.1532    141.231     10.774    29.5770 -9.990e-29
    148.750     10.792    29.5988   5.846500     0.0367  -190.0000     0.0898 2.3537e+02     2.1301    160.422    35.3628    22.1357    139.762     10.732    29.5961 -9.990e-29
    149.000     10.687    29.6092   5.846310     0.0220    10.0000     0.0900 2.1963e+02     2.1158    158.489    35.3538    22.1255    138.399     10.627    29.6066 -9.990e-29
    149.250     10.541    29.6082   5.845297     0.0441   230.0000     0.0901 2.1230e+02     2.0965    155.852    35.3477    22.1212    136.948     10.482    29.6056 -9.990e-29
    149.500     10.365    29.5765   5.843858     0.0220   140.0000     0.0850 2.1661e+02     2.0831    153.010    35.3612    22.1421    136.640     10.307    29.5740 -9.990e-29
    149.750     10.196    29.5279   5.840444     0.0073  -130.0000     0.0852 2.2255e+02     2.0679    151.114    35.3737    22.1679    136.606     10.139    29.5254 -9.990e-29
    150.000     10.057    29.4845   5.834661     0.0073    10.0000     0.0851 2.3158e+02     2.0565    149.314    35.3662    22.1769    137.058     10.001    29.4820 -9.990e-29
    150.250      9.966    29.4540   5.831700     0.0367   170.0000     0.0852 2.5181e+02     2.0572    147.494    35.3684    22.1888    138.384      9.911    29.4516 -9.990e-29
    150.500      9.941    29.4338   5.830698     0.0294   280.0000     0.0877 2.7707e+02     2.0715    147.133    35.3764    22.2017    140.469      9.886    29.4314 -9.990e-29
    150.750      9.974    29.4220   5.830762     0.0220    90.0000     0.0876 2.7062e+02     2.0866    148.959    35.3855    22.2125    142.200      9.918    29.4196 -9.990e-29
    151.000     10.061    29.4145   5.833724     0.0367   250.0000     0.0880 2.8106e+02     2.0966    152.692    35.4113    22.2344    142.847     10.005    29.4120 -9.990e-29
    151.250     10.190    29.4282   5.836876     0.0294    10.0000     0.0835 2.6713e+02     2.0973    156.884    35.4228    22.2384    141.977     10.133    29.4257 -9.990e-29
    151.500     10.330    29.4605   5.838180     0.0294   170.0000     0.0839 2.5499e+02     2.0952    159.033    35.4078    22.2163    140.504     10.272    29.4580 -9.990e-29
    151.750     10.459    29.4932   5.838535     0.0220    30.0000     0.0837 2.6141e+02     2.0916    159.073    35.3861    22.1889    139.045     10.401    29.4906 -9.990e-29
    152.000     10.561    29.5307   5.839886     0.0294   170.0000     0.0852 2.4958e+02     2.0830    157.696    35.3677    22.1625    137.458     10.502    29.5281 -9.990e-29
    152.250     10.645    29.5576   5.842027     0.0220   140.0000     0.0855 2.0659e+02     2.0693    155.764    35.3625    22.1495    135.763     10.586    29.5550 -9.990e-29
    152.500     10.699    29.5635   5.842445     0.0220   140.0000     0.0852 2.0543e+02     2.0552    153.588    35.3610    22.1463    134.313     10.639    29.5609 -9.990e-29
    152.750     10.730    29.5635   5.842413     0.0220    90.0000     0.0848 2.0739e+02     2.0437    150.876    35.3608    22.1462    133.410     10.670    29.5609 -9.990e-29
    153.000     10.726    29.5606   5.841986     0.0220    90.0000     0.0827 2.0766e+02     2.0342    148.328    35.3600    22.1466    132.918     10.666    29.5580 -9.990e-29
    153.250     10.695    29.5576   5.841876     0.0220   -20.0000     0.0827 2.1600e+02     2.0252    146.383    35.3615    22.1487    132.518     10.635    29.5550 -9.990e-29
    153.500     10.632    29.5567   5.841725     0.0367    60.0000     0.0825 2.2575e+02     2.0183    144.822    35.3611    22.1487    132.232     10.573    29.5541 -9.990e-29
    153.750     10.537    29.5586   5.841109     0.0000   140.0000     0.0823 2.4177e+02     2.0162    143.506    35.3556    22.1439    132.212     10.478    29.5560 -9.990e-29
    154.000     10.426    29.5565   5.840058     0.0367   120.0000     0.0827 2.3264e+02     2.0122    142.212    35.3500    22.1404    132.036     10.368    29.5539 -9.990e-29
    154.250     10.315    29.5373   5.838414     0.0147    10.0000     0.0821 2.3902e+02     2.0055    140.256    35.3529    22.1491    131.673     10.258    29.5348 -9.990e-29
    154.500     10.225    29.5080   5.837814     0.0441   170.0000     0.0825 2.3234e+02     1.9998    138.830    35.3704    22.1721    131.380     10.168    29.5055 -9.990e-29
    154.750     10.168    29.4798   5.834773     0.0294   120.0000     0.0823 2.2092e+02     1.9920    137.316    35.3704    22.1816    130.937     10.111    29.4773 -9.990e-29
    155.000     10.163    29.4589   5.832862     0.0441   170.0000     0.0821 2.3400e+02     1.9908    136.263    35.3727    22.1904    131.201     10.106    29.4564 -9.990e-29
    155.250     10.194    29.4417   5.833802     0.0441    30.0000     0.1168 2.9719e+02     1.9907    136.644    35.3918    22.2106    131.850     10.137    29.4392 -9.990e-29
    155.500     10.254    29.4502   5.838116     0.0441  -110.0000     0.1162 3.4022e+02     1.9896    138.836    35.4150    22.2251    132.717     10.197    29.4477 -9.990e-29
    155.750     10.334    29.4976   5.840977     0.0073    60.0000     0.1164 3.1671e+02     1.9906    141.499    35.3996    22.1976    133.939     10.276    29.4951 -9.990e-29
    156.000     10.419    29.5438   5.841988     0.0367   200.0000     0.1167 2.5821e+02     1.9928    143.801    35.3725    22.1616    135.155     10.361    29.5412 -9.990e-29
    156.250     10.506    29.5753   5.841916     0.0367    60.0000     0.1318 2.5482e+02     2.0071    144.994    35.3488    22.1332    137.354     10.448    29.5727 -9.990e-29
    156.500     10.583    29.5956   5.841686     0.0220   170.0000     0.1315 2.4021e+02     2.0324    145.489    35.3323    22.1139    140.629     10.524    29.5930 -9.990e-29
    156.750     10.639    29.6078   5.841615     0.0073    10.0000     0.1316 2.6800e+02     2.0576    145.460    35.3229    22.1027    144.115     10.580    29.6052 -9.990e-29
    157.000     10.681    29.6160   5.841575     0.0220    90.0000     0.0818 2.4754e+02     2.0758    144.380    35.3166    22.0952    147.142     10.622    29.6134 -9.990e-29
    157.250     10.692    29.6199   5.841614     0.0294   200.0000     0.0815 2.1586e+02     2.0919    142.198    35.3140    22.0919    149.796     10.632    29.6173 -9.990e-29
    157.500     10.679    29.6193   5.841535     0.0073   200.0000     0.0814 1.8983e+02     2.1209    139.662    35.3139    22.0920    153.018     10.620    29.6167 -9.990e-29
    157.750     10.637    29.6172   5.841345     0.0367    60.0000     0.0863 1.7752e+02     2.1652    137.507    35.3141    22.0929    156.829     10.578    29.6146 -9.990e-29
