cruises/P45_06/L2/CTD/Derived_Parameter/P45_06_CTD_06_der.cnv
* Sea-Bird SBE19plus  Data File:
* FileName = C:\Users\OA_2023-03\Desktop\Bathymetry\ctd_casts\P3_16_04-25002.hex
* Software version 2.3.0 SB_Terminal.dll
* Temperature SN = 8460
* Conductivity SN = 8460
* System UpLoad Time = Apr 16 2026 15:33:25
* <ApplicationData>
* <SeatermAF>
# nquan = 16                                
# nvalues = 4320                        
# units = specified
# name 0 = timeS: Time, Elapsed [seconds]
# name 1 = prdM: Pressure, Strain Gauge [db]
# name 2 = tv290C: Temperature [ITS-90, deg C]
# name 3 = c0S/m: Conductivity [S/m]
# name 4 = flECO-AFL: Fluorescence, WET Labs ECO-AFL/FL [mg/m^3]
# name 5 = flECO-AFL1: Fluorescence, WET Labs ECO-AFL/FL, 2 [mg/m^3]
# name 6 = CStarAt0: Beam Attenuation, WET Labs C-Star [1/m]
# name 7 = par/sat/log: PAR/Logarithmic, Satlantic [umol photons/m^2/sec]
# name 8 = sbeox0V: Oxygen raw, SBE 43 [V]
# name 9 = sbeox0Mm/L: Oxygen, SBE 43 [umol/l]
# name 10 = sal00: Salinity, Practical [PSU]
# name 11 = sigma-é00: Density [sigma-theta, kg/m^3]
# name 12 = sbox0Mm/Kg: Oxygen, SBE 43 [umol/kg], WS = 2
# name 13 = depSM: Depth [salt water, m], lat = 5.51
# name 14 = potemp090C: Potential Temperature [ITS-90, deg C]
# name 15 = flag: flag
# span 0 =      0.000,   1079.750       
# span 1 =     -0.074,    168.084       
# span 2 =    15.8925,    31.9941       
# span 3 =   0.000012,   5.877904       
# span 4 =   -48.7708,    29.9382       
# span 5 = -3.024e+05, 40750.0000       
# span 6 =    -0.1114,    20.0947       
# span 7 = 1.1766e-01, 3.5613e+03       
# span 8 =     1.2441,     2.7525       
# span 9 =     86.457,    230.187       
# span 10 =     0.0142,    35.8929      
# span 11 =    -4.9596,    26.2666      
# span 12 =     84.385,    237.546      
# span 13 =     -0.074,    167.084      
# span 14 =    15.8659,    31.9941      
# span 15 = 0.0000e+00, 0.0000e+00      
# interval = seconds: 0.25
# start_time = Apr 16 2026 14:33:22 [Instrument's time stamp, header]
# bad_flag = -9.990e-29
*END*
[from data line 724]
    181.000      1.829    29.7438   5.825660    -0.0073   170.0000     0.0712 3.2008e+02     2.5444    184.950    35.1173    21.9016    180.951      1.819    29.7433 -9.990e-29
    181.250      1.858    29.7475   5.826031     0.0220    10.0000     0.0710 3.1925e+02     2.5455    185.052    35.1172    21.9002    181.049      1.848    29.7470 -9.990e-29
    181.500      1.880    29.7506   5.826780     0.0220    60.0000     0.0708 2.9399e+02     2.5459    184.907    35.1200    21.9013    181.026      1.870    29.7501 -9.990e-29
    181.750      1.889    29.7528   5.826709     0.0367   -50.0000     0.0708 3.0238e+02     2.5459    184.778    35.1179    21.8990    180.979      1.879    29.7523 -9.990e-29
    182.000      1.897    29.7533   5.826970     0.0220    10.0000     0.0710 2.8646e+02     2.5460    184.686    35.1193    21.8999    180.910      1.886    29.7528 -9.990e-29
    182.250      1.898    29.7544   5.826670     0.0441   200.0000     0.0719 3.3547e+02     2.5461    184.504    35.1165    21.8973    180.866      1.887    29.7539 -9.990e-29
    182.500      1.904    29.7546   5.827080     0.0367   200.0000     0.0716 2.8203e+02     2.5453    184.396    35.1191    21.8993    180.753      1.893    29.7541 -9.990e-29
    182.750      1.911    29.7549   5.826780     0.0147   140.0000     0.0717 3.0521e+02     2.5451    184.289    35.1168    21.8975    180.730      1.900    29.7544 -9.990e-29
    183.000      1.917    29.7564   5.826899     0.0294    60.0000     0.1125 3.4177e+02     2.5440    184.372    35.1166    21.8967    180.638      1.906    29.7559 -9.990e-29
    183.250      1.927    29.7590   5.827420     0.0220   200.0000     0.1127 2.7930e+02     2.5439    184.528    35.1182    21.8971    180.674      1.916    29.7585 -9.990e-29
    183.500      1.942    29.7618   5.827720     0.0220   170.0000     0.1124 2.3824e+02     2.5431    184.678    35.1182    21.8961    180.681      1.931    29.7613 -9.990e-29
    183.750      1.957    29.7647   5.828130     0.0294   140.0000     0.0729 3.6264e+02     2.5436    184.772    35.1189    21.8957    180.815      1.946    29.7642 -9.990e-29
    184.000      1.964    29.7706   5.828391     0.0294    10.0000     0.0729 5.2056e+02     2.5439    184.812    35.1163    21.8918    180.898      1.953    29.7701 -9.990e-29
    184.250      1.947    29.7809   5.829701     0.0294    10.0000     0.0727 3.1452e+02     2.5455    184.859    35.1178    21.8893    181.057      1.936    29.7804 -9.990e-29
    184.500      1.915    29.7960   5.831352     0.0147    60.0000     0.0723 6.6356e+02     2.5469    184.789    35.1180    21.8844    181.132      1.904    29.7955 -9.990e-29
    184.750      1.857    29.8059   5.833610     0.0588   120.0000     0.0719 4.0987e+02     2.5487    184.718    35.1261    21.8871    181.217      1.847    29.8054 -9.990e-29
    185.000      1.791    29.8082   5.833452     0.0000   170.0000     0.0722 2.6198e+02     2.5484    184.569    35.1234    21.8843    181.106      1.781    29.8078 -9.990e-29
    185.250      1.720    29.8095   5.832701     0.0220    10.0000     0.0723 2.4840e+02     2.5495    184.368    35.1174    21.8793    181.094      1.710    29.8091 -9.990e-29
    185.500      1.677    29.8108   5.833041     0.0073   120.0000     0.0723 3.5634e+02     2.5484    184.407    35.1188    21.8799    180.852      1.668    29.8104 -9.990e-29
    185.750      1.680    29.8158   5.832962     0.0000   -50.0000     0.0722 5.9168e+02     2.5489    184.395    35.1146    21.8750    180.789      1.671    29.8154 -9.990e-29
    186.000      1.742    29.8170   5.834731     0.0367   200.0000     0.0724 2.5587e+02     2.5475    184.504    35.1257    21.8830    180.600      1.732    29.8166 -9.990e-29
    186.250      1.855    29.8103   5.833341     0.0073  -160.0000     0.0727 2.4765e+02     2.5464    184.649    35.1211    21.8818    180.498      1.845    29.8098 -9.990e-29
    186.500      1.982    29.7953   5.831540     0.0294   170.0000     0.0725 2.3974e+02     2.5437    184.761    35.1198    21.8859    180.347      1.971    29.7948 -9.990e-29
    186.750      2.100    29.7832   5.828848     0.0000  -110.0000     0.0721 2.5754e+02     2.5436    184.839    35.1102    21.8829    180.434      2.088    29.7827 -9.990e-29
    187.000      2.167    29.7761   5.828430     0.0073   250.0000     0.0710 1.0963e+03     2.5429    184.919    35.1126    21.8871    180.469      2.155    29.7756 -9.990e-29
    187.250      2.180    29.7742   5.828351    -0.0073   200.0000     0.0709 5.7440e+02     2.5427    184.967    35.1134    21.8883    180.508      2.168    29.7737 -9.990e-29
    187.500      2.140    29.7757   5.829070     0.0000   120.0000     0.0708 2.5882e+02     2.5435    184.863    35.1172    21.8907    180.634      2.128    29.7752 -9.990e-29
    187.750      2.056    29.7791   5.829480     0.0073    60.0000     0.0710 2.6237e+02     2.5437    184.797    35.1175    21.8898    180.661      2.045    29.7786 -9.990e-29
    188.000      1.940    29.7831   5.830191     0.0294    60.0000     0.0719 3.2412e+02     2.5435    184.614    35.1195    21.8899    180.661      1.929    29.7826 -9.990e-29
    188.250      1.815    29.7868   5.830412     0.0220   120.0000     0.0716 3.0507e+02     2.5426    184.533    35.1183    21.8877    180.588      1.805    29.7864 -9.990e-29
    188.500      1.713    29.7913   5.831051     0.0367   -80.0000     0.0716 2.6500e+02     2.5434    184.406    35.1194    21.8870    180.656      1.703    29.7909 -9.990e-29
    188.750      1.667    29.7936   5.831612     0.0000   -20.0000     0.0735 3.0382e+02     2.5439    184.427    35.1216    21.8878    180.681      1.658    29.7932 -9.990e-29
    189.000      1.691    29.7876   5.831501     0.0220    60.0000     0.0739 2.3984e+02     2.5447    184.455    35.1252    21.8926    180.715      1.682    29.7872 -9.990e-29
    189.250      1.760    29.7800   5.829180     0.0220   120.0000     0.0737 2.3757e+02     2.5451    184.677    35.1149    21.8875    180.702      1.750    29.7796 -9.990e-29
    189.500      1.867    29.7751   5.828485     0.0220   250.0000     0.0707 2.5411e+02     2.5456    184.914    35.1137    21.8883    180.674      1.857    29.7746 -9.990e-29
    189.750      1.980    29.7754   5.828619     0.0220   200.0000     0.0707 3.1405e+02     2.5442    185.204    35.1144    21.8887    180.491      1.969    29.7749 -9.990e-29
    190.000      2.067    29.7765   5.829251     0.0294   -50.0000     0.0706 2.7666e+02     2.5419    185.251    35.1179    21.8909    180.295      2.056    29.7760 -9.990e-29
    190.250      2.116    29.7774   5.829441     0.0220    60.0000     0.0721 3.2560e+02     2.5400    185.406    35.1185    21.8911    180.211      2.104    29.7769 -9.990e-29
    190.500      2.118    29.7793   5.829551     0.0220    10.0000     0.0719 2.6249e+02     2.5400    185.303    35.1179    21.8899    180.325      2.106    29.7788 -9.990e-29
    190.750      2.074    29.7800   5.829930     0.0147   120.0000     0.0717 2.9008e+02     2.5400    185.304    35.1199    21.8913    180.474      2.062    29.7795 -9.990e-29
    191.000      1.991    29.7782   5.829630    -0.0073   -50.0000     0.0716 2.7731e+02     2.5422    185.093    35.1192    21.8913    180.791      1.980    29.7777 -9.990e-29
    191.250      1.874    29.7763   5.829172     0.0367   140.0000     0.0733 2.7749e+02     2.5445    184.872    35.1175    21.8907    181.062      1.864    29.7758 -9.990e-29
    191.500      1.733    29.7759   5.828919     0.0073   170.0000     0.0737 2.9020e+02     2.5455    184.491    35.1161    21.8898    181.148      1.723    29.7755 -9.990e-29
    191.750      1.609    29.7773   5.829290     0.0220   120.0000     0.0735 2.6858e+02     2.5468    184.377    35.1177    21.8905    181.197      1.600    29.7769 -9.990e-29
    192.000      1.518    29.7784   5.829590    -0.0147   250.0000     0.0716 2.8640e+02     2.5469    184.269    35.1189    21.8910    181.074      1.510    29.7780 -9.990e-29
    192.250      1.483    29.7810   5.829551    -0.0147   -50.0000     0.0716 3.2715e+02     2.5476    184.211    35.1168    21.8885    180.997      1.475    29.7806 -9.990e-29
    192.500      1.507    29.7900   5.830151     0.0294    90.0000     0.0717 2.5219e+02     2.5482    184.313    35.1143    21.8836    180.925      1.499    29.7896 -9.990e-29
    192.750      1.600    29.7922   5.832402     0.0220   140.0000     0.0749 9.2852e+02     2.5475    184.362    35.1280    21.8931    180.754      1.591    29.7918 -9.990e-29
    193.000      1.760    29.7876   5.831051     0.0220    30.0000     0.0748 9.4780e+02     2.5460    184.410    35.1221    21.8903    180.573      1.750    29.7872 -9.990e-29
    193.250      1.954    29.7854   5.829101     0.0220   -80.0000     0.0747 9.0316e+02     2.5443    184.399    35.1104    21.8823    180.398      1.943    29.7849 -9.990e-29
    193.500      2.129    29.7851   5.830112     0.0294    60.0000     0.0746 8.0393e+02     2.5436    184.543    35.1174    21.8877    180.366      2.117    29.7846 -9.990e-29
    193.750      2.247    29.7851   5.830380     0.0000    10.0000     0.0750 2.8696e+02     2.5428    184.613    35.1192    21.8890    180.405      2.235    29.7845 0.0000e+00
    194.000      2.298    29.7806   5.830191     0.0294   -20.0000     0.0751 3.6516e+02     2.5413    184.727    35.1212    21.8920    180.428      2.285    29.7800 -9.990e-29
    194.250      2.287    29.7752   5.828690     0.0294   170.0000     0.0745 2.9546e+02     2.5410    184.792    35.1149    21.8892    180.593      2.274    29.7746 -9.990e-29
    194.500      2.212    29.7702   5.828540     0.0000   120.0000     0.0719 3.8487e+02     2.5428    184.867    35.1176    21.8928    180.861      2.200    29.7697 -9.990e-29
    194.750      2.076    29.7684   5.827751     0.0220   -20.0000     0.0721 2.6951e+02     2.5447    184.749    35.1136    21.8904    181.105      2.064    29.7679 -9.990e-29
    195.000      1.903    29.7743   5.828627     0.0294   -50.0000     0.0718 2.8833e+02     2.5464    184.482    35.1153    21.8897    181.229      1.892    29.7738 -9.990e-29
    195.250      1.732    29.7810   5.830080     0.0220   140.0000     0.0751 3.9006e+02     2.5492    184.209    35.1203    21.8912    181.365      1.722    29.7806 -9.990e-29
    195.500      1.589    29.7875   5.830751     0.0000   120.0000     0.0756 2.8088e+02     2.5485    184.094    35.1202    21.8889    181.131      1.580    29.7871 -9.990e-29
    195.750      1.498    29.7920   5.831351     0.0000    10.0000     0.0752 2.6840e+02     2.5490    184.020    35.1210    21.8879    181.024      1.490    29.7916 -9.990e-29
    196.000      1.474    29.7915   5.831541     0.0220    90.0000     0.0760 2.8344e+02     2.5477    184.211    35.1227    21.8894    180.778      1.466    29.7911 -9.990e-29
    196.250      1.525    29.7804   5.830640     0.0220    30.0000     0.0743 2.8130e+02     2.5468    184.514    35.1246    21.8946    180.655      1.517    29.7800 -9.990e-29
    196.500      1.649    29.7728   5.827450     0.0367   170.0000     0.0741 3.7065e+02     2.5453    184.743    35.1084    21.8851    180.566      1.640    29.7724 -9.990e-29
    196.750      1.810    29.7656   5.828840     0.0294    60.0000     0.0751 3.5557e+02     2.5448    185.049    35.1231    21.8985    180.565      1.800    29.7652 -9.990e-29
    197.000      1.972    29.7544   5.826291     0.0147    10.0000     0.0733 3.2793e+02     2.5432    185.217    35.1139    21.8954    180.576      1.961    29.7539 -9.990e-29
    197.250      2.118    29.7468   5.825470     0.0367    60.0000     0.0729 2.9848e+02     2.5434    185.367    35.1138    21.8979    180.708      2.106    29.7463 -9.990e-29
    197.500      2.209    29.7429   5.825131     0.0294   140.0000     0.0728 3.5106e+02     2.5430    185.451    35.1143    21.8997    180.772      2.197    29.7424 -9.990e-29
    197.750      2.236    29.7427   5.825241     0.0441    30.0000     0.0753 4.8954e+02     2.5440    185.347    35.1152    21.9004    180.897      2.224    29.7421 -9.990e-29
    198.000      2.199    29.7430   5.825841     0.0220    90.0000     0.0755 4.1005e+02     2.5459    185.085    35.1190    21.9032    181.080      2.187    29.7425 -9.990e-29
    198.250      2.107    29.7438   5.825691     0.0220    30.0000     0.0755 5.6162e+02     2.5458    184.795    35.1175    21.9017    181.040      2.095    29.7433 -9.990e-29
    198.500      1.949    29.7465   5.825928     0.0000    30.0000     0.0729 3.7704e+02     2.5464    184.615    35.1172    21.9006    181.043      1.938    29.7460 -9.990e-29
    198.750      1.770    29.7517   5.826559     0.0294   140.0000     0.0728 2.9393e+02     2.5456    184.444    35.1177    21.8992    180.890      1.760    29.7513 -9.990e-29
    199.000      1.599    29.7582   5.827491     0.0294  -240.0000     0.0729 2.9374e+02     2.5455    184.215    35.1194    21.8982    180.807      1.590    29.7578 -9.990e-29
    199.250      1.469    29.7647   5.828320     0.0294    90.0000     0.0732 3.0527e+02     2.5453    184.124    35.1203    21.8967    180.746      1.461    29.7643 -9.990e-29
    199.500      1.436    29.7768   5.828880     0.0294   250.0000     0.0732 5.6333e+02     2.5450    184.299    35.1153    21.8888    180.636      1.428    29.7764 -9.990e-29
    199.750      1.507    29.7913   5.831612     0.0220   230.0000     0.0736 6.1918e+02     2.5448    184.553    35.1233    21.8899    180.485      1.499    29.7909 -9.990e-29
    200.000      1.679    29.7958   5.832852     0.0220  -110.0000     0.0729 3.7492e+02     2.5446    184.818    35.1284    21.8922    180.372      1.670    29.7954 -9.990e-29
    200.250      1.878    29.7822   5.831264     0.0294    90.0000     0.0798 3.4414e+02     2.5439    185.227    35.1274    21.8961    180.299      1.868    29.7817 -9.990e-29
    200.500      2.050    29.7703   5.827040     0.0147   -20.0000     0.0795 4.2514e+02     2.5419    185.285    35.1074    21.8851    180.183      2.039    29.7698 -9.990e-29
    200.750      2.176    29.7641   5.827080     0.0220   200.0000     0.0798 7.6507e+02     2.5387    185.440    35.1121    21.8908    179.972      2.164    29.7636 -9.990e-29
    201.000      2.236    29.7622   5.827420     0.0220    90.0000     0.0772 8.6286e+02     2.5378    185.338    35.1158    21.8942    180.009      2.224    29.7616 -9.990e-29
    201.250      2.221    29.7620   5.827641     0.0367   140.0000     0.0768 8.7850e+02     2.5371    185.181    35.1174    21.8955    180.100      2.209    29.7615 -9.990e-29
    201.500      2.154    29.7634   5.827680     0.0367    60.0000     0.0768 6.1318e+02     2.5381    184.901    35.1167    21.8945    180.377      2.142    29.7629 -9.990e-29
    201.750      2.036    29.7654   5.828091     0.0367    60.0000     0.0769 1.0726e+03     2.5397    184.709    35.1181    21.8948    180.666      2.025    29.7649 -9.990e-29
    202.000      1.885    29.7715   5.828343     0.0220    10.0000     0.0721 7.8333e+02     2.5414    184.431    35.1154    21.8907    180.850      1.875    29.7710 -9.990e-29
    202.250      1.750    29.7810   5.829812     0.0220   -80.0000     0.0725 8.7300e+02     2.5429    184.348    35.1185    21.8898    180.903      1.740    29.7806 -9.990e-29
    202.500      1.676    29.7872   5.831351     0.0147    90.0000     0.0725 8.9577e+02     2.5452    184.287    35.1245    21.8922    180.962      1.667    29.7868 -9.990e-29
    202.750      1.658    29.7907   5.830980     0.0294    90.0000     0.0742 4.5433e+02     2.5462    184.391    35.1194    21.8872    180.902      1.649    29.7903 -9.990e-29
    203.000      1.661    29.7949   5.831312     0.0294   230.0000     0.0742 6.7749e+02     2.5460    184.657    35.1186    21.8852    180.724      1.652    29.7945 -9.990e-29
