cruises/P45_06/L2/CTD/Derived_Parameter/P45_06_CTD_08_der.cnv
* Sea-Bird SBE19plus  Data File:
* FileName = C:\Users\OA_2023-03\Desktop\Bathymetry\ctd_casts\J2_17_04_2026001.hex
* Software version 2.3.0 SB_Terminal.dll
* Temperature SN = 8460
* Conductivity SN = 8460
* System UpLoad Time = Apr 17 2026 17:13:47
* <ApplicationData>
* <SeatermAF>
# nquan = 16                                
# nvalues = 2934                        
# units = specified
# name 0 = timeS: Time, Elapsed [seconds]
# name 1 = prdM: Pressure, Strain Gauge [db]
# name 2 = tv290C: Temperature [ITS-90, deg C]
# name 3 = c0S/m: Conductivity [S/m]
# name 4 = flECO-AFL: Fluorescence, WET Labs ECO-AFL/FL [mg/m^3]
# name 5 = flECO-AFL1: Fluorescence, WET Labs ECO-AFL/FL, 2 [mg/m^3]
# name 6 = CStarAt0: Beam Attenuation, WET Labs C-Star [1/m]
# name 7 = par/sat/log: PAR/Logarithmic, Satlantic [umol photons/m^2/sec]
# name 8 = sbeox0V: Oxygen raw, SBE 43 [V]
# name 9 = sbeox0Mm/L: Oxygen, SBE 43 [umol/l]
# name 10 = sal00: Salinity, Practical [PSU]
# name 11 = sigma-é00: Density [sigma-theta, kg/m^3]
# name 12 = sbox0Mm/Kg: Oxygen, SBE 43 [umol/kg], WS = 2
# name 13 = depSM: Depth [salt water, m], lat = 5.51
# name 14 = potemp090C: Potential Temperature [ITS-90, deg C]
# name 15 = flag: flag
# span 0 =      0.000,    733.250       
# span 1 =     -0.083,     59.020       
# span 2 =    19.6278,    30.8273       
# span 3 =  -0.315919,   5.875385       
# span 4 =   -79.9063,    29.9382       
# span 5 = -1.864e+05, 40750.0000       
# span 6 =    -0.1020,    24.8803       
# span 7 = 3.3441e+00, 1.9408e+03       
# span 8 =     1.6516,     2.6927       
# span 9 =    123.864,    236.390       
# span 10 =     0.0000,    35.8554      
# span 11 =    -4.5474,    25.4629      
# span 12 =    120.895,    237.754      
# span 13 =     -0.083,     58.685      
# span 14 =    19.6171,    30.8273      
# span 15 = 0.0000e+00, 0.0000e+00      
# interval = seconds: 0.25
# start_time = Apr 17 2026 14:51:22 [Instrument's time stamp, header]
# bad_flag = -9.990e-29
*END*
[from data line 633]
    158.250     10.524    29.5906   5.838721     0.0441    90.0000     0.0862 1.6912e+02     2.2599    134.643    35.3158    22.1032    162.355     10.465    29.5880 -9.990e-29
    158.500     10.475    29.5626   5.838390     0.0294    60.0000     0.0864 1.7140e+02     2.2790    133.846    35.3341    22.1264    161.267     10.417    29.5600 -9.990e-29
    158.750     10.444    29.5323   5.837703     0.0220   230.0000     0.0852 1.8349e+02     2.2762    133.824    35.3517    22.1499    157.970     10.386    29.5297 -9.990e-29
    159.000     10.437    29.5060   5.836692     0.0367    60.0000     0.0852 1.9584e+02     2.2618    133.866    35.3641    22.1681    154.194     10.379    29.5034 -9.990e-29
    159.250     10.464    29.4856   5.835713     0.0220    10.0000     0.0851 1.9690e+02     2.2426    133.717    35.3724    22.1812    150.953     10.406    29.4830 -9.990e-29
    159.500     10.524    29.4709   5.835318     0.0073    30.0000     0.0912 1.9618e+02     2.2209    133.586    35.3805    22.1923    148.535     10.465    29.4683 -9.990e-29
    159.750     10.619    29.4622   5.835753     0.0294   140.0000     0.0914 1.9554e+02     2.2047    133.074    35.3899    22.2023    147.330     10.560    29.4596 -9.990e-29
    160.000     10.728    29.4731   5.838234     0.0294    90.0000     0.0915 1.9289e+02     2.1989    133.163    35.3988    22.2053    147.219     10.668    29.4705 -9.990e-29
    160.250     10.824    29.5226   5.839926     0.0367   170.0000     0.0832 1.7515e+02     2.1927    133.360    35.3739    22.1698    146.952     10.764    29.5199 -9.990e-29
    160.500     10.888    29.5782   5.841000     0.0367    30.0000     0.0829 1.7515e+02     2.1845    133.412    35.3403    22.1258    146.745     10.827    29.5755 -9.990e-29
    160.750     10.908    29.6198   5.841142     0.0294   170.0000     0.0828 1.7115e+02     2.1782    133.617    35.3108    22.0895    147.353     10.847    29.6171 -9.990e-29
    161.000     10.866    29.6395   5.840974     0.0220   120.0000     0.0839 1.7840e+02     2.1667    134.057    35.2952    22.0712    148.246     10.805    29.6368 -9.990e-29
    161.250     10.766    29.6402   5.840594     0.0294    60.0000     0.0843 1.9119e+02     2.1544    135.939    35.2921    22.0686    149.572     10.706    29.6376 -9.990e-29
    161.500     10.619    29.6310   5.838942     0.0367   120.0000     0.0839 1.9810e+02     2.1639    139.232    35.2876    22.0684    152.748     10.560    29.6284 -9.990e-29
    161.750     10.450    29.5937   5.837559     0.0220    60.0000     0.0843 1.8807e+02     2.2022    142.783    35.3056    22.0945    158.013     10.392    29.5911 -9.990e-29
    162.000     10.290    29.5433   5.836201     0.0367   230.0000     0.0846 1.8690e+02     2.2535    145.598    35.3334    22.1324    163.752     10.233    29.5408 -9.990e-29
    162.250     10.166    29.4970   5.832149     0.0367    60.0000     0.0846 1.8465e+02     2.2964    148.166    35.3398    22.1528    167.574     10.109    29.4945 -9.990e-29
    162.500     10.106    29.4609   5.829860     0.0073   120.0000     0.0848 1.8136e+02     2.3221    152.016    35.3507    22.1732    168.543     10.050    29.4584 -9.990e-29
    162.750     10.097    29.4374   5.829450     0.0367   170.0000     0.0845 1.9934e+02     2.3370    157.479    35.3652    22.1921    167.427     10.041    29.4349 -9.990e-29
    163.000     10.144    29.4243   5.830312     0.0147    30.0000     0.0845 2.3274e+02     2.3465    163.666    35.3807    22.2081    165.495     10.088    29.4218 -9.990e-29
    163.250     10.243    29.4151   5.831813     0.0294   -50.0000     0.0843 2.5681e+02     2.3442    169.021    35.3977    22.2240    162.845     10.186    29.4126 -9.990e-29
    163.500     10.368    29.4080   5.833353     0.0220    10.0000     0.0815 3.0833e+02     2.3408    171.446    35.4135    22.2383    160.857     10.310    29.4055 -9.990e-29
    163.750     10.508    29.4108   5.834775     0.0220   -80.0000     0.0815 3.1283e+02     2.3227    171.041    35.4211    22.2431    158.412     10.449    29.4082 -9.990e-29
    164.000     10.655    29.4370   5.835154     0.0220   200.0000     0.0811 2.7481e+02     2.3000    168.670    35.4044    22.2216    156.529     10.596    29.4344 -9.990e-29
    164.250     10.784    29.4696   5.835376     0.0367   120.0000     0.0814 2.3829e+02     2.2779    164.841    35.3818    22.1937    155.507     10.724    29.4670 -9.990e-29
    164.500     10.877    29.5128   5.836465     0.0367    60.0000     0.0894 2.3476e+02     2.2682    159.831    35.3574    22.1608    155.756     10.816    29.5101 -9.990e-29
    164.750     10.910    29.5473   5.838472     0.0220    60.0000     0.0898 2.5285e+02     2.2724    155.054    35.3458    22.1404    157.196     10.849    29.5446 -9.990e-29
    165.000     10.881    29.5704   5.838755     0.0220    10.0000     0.0895 2.3169e+02     2.2911    151.830    35.3307    22.1213    159.492     10.820    29.5677 -9.990e-29
    165.250     10.793    29.5836   5.838834     0.1322   170.0000     0.0831 2.2796e+02     2.3082    149.603    35.3216    22.1099    161.005     10.733    29.5809 -9.990e-29
    165.500     10.650    29.5795   5.837292     0.0220   170.0000     0.0833 2.1605e+02     2.3108    148.311    35.3141    22.1057    160.510     10.591    29.5769 -9.990e-29
    165.750     10.486    29.5445   5.835941     0.0294    90.0000     0.0829 1.9239e+02     2.3038    147.951    35.3307    22.1300    158.826     10.428    29.5419 -9.990e-29
    166.000     10.341    29.4997   5.833650     0.0294    10.0000     0.0859 1.8565e+02     2.2937    147.361    35.3480    22.1581    156.896     10.283    29.4972 -9.990e-29
    166.250     10.242    29.4605   5.829900     0.0367   230.0000     0.0856 1.8397e+02     2.2821    146.708    35.3512    22.1738    155.143     10.185    29.4580 -9.990e-29
    166.500     10.213    29.4337   5.828400     0.0294   230.0000     0.0850 1.9331e+02     2.2676    148.308    35.3607    22.1899    153.406     10.156    29.4312 -9.990e-29
    166.750     10.253    29.4204   5.828551     0.0367   250.0000     0.0937 2.2860e+02     2.2579    153.187    35.3715    22.2026    152.192     10.196    29.4179 -9.990e-29
    167.000     10.310    29.4248   5.831063     0.0147   170.0000     0.0939 2.0428e+02     2.2507    159.957    35.3854    22.2115    151.237     10.253    29.4223 -9.990e-29
    167.250     10.366    29.4530   5.832792     0.0294   200.0000     0.0938 2.2924e+02     2.2376    166.424    35.3765    22.1953    150.024     10.308    29.4505 -9.990e-29
    167.500     10.395    29.4937   5.836055     0.4627    30.0000     0.0940 2.8350e+02     2.2185    171.132    35.3688    22.1758    148.642     10.337    29.4912 -9.990e-29
    167.750     10.404    29.5263   5.837168     0.0514   120.0000     0.0999 2.3522e+02     2.1991    174.220    35.3524    22.1525    147.400     10.346    29.5237 -9.990e-29
    168.000     10.337    29.5580   5.837934     0.0367   120.0000     0.0996 2.2776e+02     2.1839    176.015    35.3344    22.1282    146.509     10.279    29.5555 -9.990e-29
    168.250     10.217    29.5730   5.837704     0.0000    90.0000     0.1000 2.1675e+02     2.1817    175.555    35.3218    22.1137    146.651     10.160    29.5705 -9.990e-29
    168.500     10.031    29.5681   5.836463     0.0294   170.0000     0.0849 2.1892e+02     2.1879    173.693    35.3170    22.1117    147.216      9.975    29.5656 -9.990e-29
    168.750      9.808    29.5348   5.835396     0.0220    10.0000     0.0849 2.0498e+02     2.1895    169.444    35.3343    22.1359    146.945      9.753    29.5324 -9.990e-29
    169.000      9.570    29.4928   5.833089     0.0220  -110.0000     0.0852 2.0565e+02     2.1807    164.545    35.3494    22.1615    145.476      9.517    29.4905 -9.990e-29
    169.250      9.350    29.4572   5.829939     0.0441    30.0000     0.0837 2.2555e+02     2.1622    160.127    35.3542    22.1770    143.128      9.298    29.4549 -9.990e-29
    169.500      9.164    29.4344   5.828960     0.0073   120.0000     0.0837 2.1521e+02     2.1381    157.614    35.3643    22.1923    140.642      9.113    29.4322 -9.990e-29
    169.750      9.022    29.4206   5.828819     0.0220   170.0000     0.0841 2.0503e+02     2.1137    157.245    35.3736    22.2039    138.819      8.972    29.4184 -9.990e-29
    170.000      8.930    29.4143   5.830722     0.0220   170.0000     0.0839 2.8547e+02     2.0975    159.197    35.3912    22.2193    138.253      8.880    29.4121 -9.990e-29
    170.250      8.879    29.4295   5.832002     0.0220   120.0000     0.0839 3.2694e+02     2.0912    161.817    35.3888    22.2124    138.725      8.830    29.4273 -9.990e-29
    170.500      8.848    29.4566   5.832863     0.0000   120.0000     0.0831 3.9662e+02     2.0906    163.307    35.3748    22.1926    139.613      8.799    29.4544 -9.990e-29
    170.750      8.831    29.4895   5.834095     0.0220   -50.0000     0.0833 3.9756e+02     2.0951    163.798    35.3590    22.1697    140.642      8.782    29.4873 -9.990e-29
    171.000      8.815    29.5262   5.835492     0.0147   -20.0000     0.0860 3.7306e+02     2.0967    163.493    35.3415    22.1442    141.095      8.766    29.5240 -9.990e-29
    171.250      8.782    29.5588   5.836052     0.0073   120.0000     0.0854 3.5045e+02     2.0934    162.365    35.3214    22.1180    140.904      8.733    29.5566 -9.990e-29
    171.500      8.708    29.5767   5.836352     0.0367   170.0000     0.0852 3.1283e+02     2.0909    160.181    35.3103    22.1037    140.788      8.660    29.5746 -9.990e-29
    171.750      8.595    29.5827   5.836083     0.0220   200.0000     0.0829 2.5681e+02     2.0883    158.066    35.3041    22.0970    140.785      8.547    29.5806 -9.990e-29
    172.000      8.433    29.5805   5.835071     0.0441    60.0000     0.0829 2.1958e+02     2.0912    156.234    35.2989    22.0938    141.438      8.386    29.5784 -9.990e-29
    172.250      8.239    29.5645   5.833839     0.0000  -110.0000     0.0833 2.1197e+02     2.0951    154.204    35.3023    22.1017    142.178      8.193    29.5625 -9.990e-29
    172.500      8.015    29.5293   5.833459     0.0220   120.0000     0.0831 2.1488e+02     2.1012    151.961    35.3256    22.1311    142.903      7.970    29.5273 -9.990e-29
    172.750      7.773    29.4944   5.832141     0.0220    90.0000     0.0880 2.7285e+02     2.1094    149.850    35.3423    22.1554    143.508      7.730    29.4925 -9.990e-29
    173.000      7.539    29.4672   5.830759     0.0367   200.0000     0.0885 5.3645e+02     2.1157    148.229    35.3529    22.1726    143.775      7.497    29.4654 -9.990e-29
    173.250      7.328    29.4493   5.830239     0.0220   -50.0000     0.0884 3.6682e+02     2.1174    148.119    35.3626    22.1859    143.725      7.287    29.4475 -9.990e-29
    173.500      7.159    29.4386   5.830421     0.0220   -20.0000     0.0997 2.9317e+02     2.1146    149.160    35.3718    22.1964    143.533      7.119    29.4368 -9.990e-29
    173.750      7.026    29.4295   5.831740     0.0514   120.0000     0.0996 3.3344e+02     2.1075    149.903    35.3876    22.2113    143.437      6.987    29.4278 -9.990e-29
    174.000      6.951    29.4252   5.832490     0.0220   140.0000     0.0995 3.0107e+02     2.1073    149.659    35.3959    22.2190    144.306      6.912    29.4235 -9.990e-29
    174.250      6.909    29.4528   5.833501     0.0073   120.0000     0.0894 2.5537e+02     2.1142    148.345    35.3825    22.1996    145.797      6.871    29.4511 -9.990e-29
    174.500      6.877    29.4886   5.834101     0.0073  -110.0000     0.0890 4.2578e+02     2.1289    146.134    35.3602    22.1708    147.991      6.839    29.4869 -9.990e-29
    174.750      6.844    29.5270   5.834377     0.0220    60.0000     0.0890 5.2033e+02     2.1540    143.363    35.3339    22.1380    151.925      6.806    29.5253 -9.990e-29
    175.000      6.786    29.5612   5.835641     0.0220    60.0000     0.0923 4.1388e+02     2.1742    141.023    35.3174    22.1141    155.932      6.748    29.5595 -9.990e-29
    175.250      6.689    29.5805   5.835821     0.0367   -20.0000     0.0920 4.0705e+02     2.1849    139.596    35.3045    22.0978    158.911      6.652    29.5789 -9.990e-29
    175.500      6.555    29.5846   5.834889     0.0147   -80.0000     0.0920 5.2315e+02     2.2011    139.126    35.2952    22.0894    161.590      6.519    29.5830 -9.990e-29
    175.750      6.395    29.5739   5.833569     0.0367    60.0000     0.0925 3.3064e+02     2.2662    139.853    35.2941    22.0922    167.674      6.359    29.5723 -9.990e-29
    176.000      6.211    29.5570   5.833348     0.0367   120.0000     0.1053 3.9243e+02     2.3388    140.900    35.3050    22.1061    173.499      6.176    29.5555 -9.990e-29
    176.250      6.019    29.5418   5.833759     0.0588   170.0000     0.1050 6.0777e+02     2.3864    141.689    35.3190    22.1218    175.998      5.986    29.5403 -9.990e-29
    176.500      5.813    29.5305   5.834288     0.0220   120.0000     0.1051 6.2375e+02     2.4060    142.497    35.3310    22.1346    174.737      5.781    29.5291 -9.990e-29
    176.750      5.599    29.5237   5.834470     0.0220   170.0000     0.0888 5.9889e+02     2.4101    142.984    35.3373    22.1416    171.058      5.568    29.5223 -9.990e-29
    177.000      5.384    29.5187   5.834549     0.0220    90.0000     0.0890 5.6479e+02     2.4022    143.650    35.3416    22.1465    166.814      5.354    29.5174 -9.990e-29
    177.250      5.193    29.5147   5.834659     0.0000   250.0000     0.0894 4.8438e+02     2.3853    144.193    35.3453    22.1506    163.001      5.164    29.5134 -9.990e-29
    177.500      5.044    29.5110   5.834738     0.0147   200.0000     0.0851 5.4747e+02     2.3631    144.895    35.3486    22.1543    159.708      5.016    29.5098 -9.990e-29
    177.750      4.944    29.5086   5.835244     0.0294    10.0000     0.0855 5.5056e+02     2.3368    145.901    35.3539    22.1591    156.651      4.917    29.5074 -9.990e-29
    178.000      4.906    29.5117   5.835821     0.0073   -80.0000     0.0852 5.7540e+02     2.3150    146.880    35.3556    22.1593    154.432      4.879    29.5105 -9.990e-29
    178.250      4.928    29.5161   5.836129     0.0220    30.0000     0.0858 5.1887e+02     2.2980    147.404    35.3544    22.1569    153.085      4.901    29.5149 -9.990e-29
    178.500      4.984    29.5274   5.834920     0.0588    90.0000     0.0916 3.5565e+02     2.2778    147.263    35.3378    22.1407    151.685      4.956    29.5262 -9.990e-29
    178.750      5.037    29.5451   5.834415     0.0073   140.0000     0.0917 4.7699e+02     2.2563    146.406    35.3214    22.1223    150.171      5.009    29.5439 -9.990e-29
    179.000      5.046    29.5620   5.835110     0.0220   -50.0000     0.0912 6.0829e+02     2.2358    146.001    35.3137    22.1109    148.467      5.018    29.5608 -9.990e-29
    179.250      4.988    29.5822   5.834698     0.0147   -50.0000     0.0847 7.7961e+02     2.2240    146.363    35.2961    22.0908    147.352      4.960    29.5810 -9.990e-29
    179.500      4.839    29.5942   5.834358     0.0073    60.0000     0.0850 3.8973e+02     2.2122    147.714    35.2850    22.0784    146.172      4.812    29.5930 -9.990e-29
    179.750      4.599    29.6085   5.834232     0.0220    90.0000     0.0847 4.8806e+02     2.1976    150.515    35.2737    22.0651    144.647      4.573    29.6074 -9.990e-29
    180.000      4.297    29.6586   5.838189     0.0441   -80.0000     0.0911 6.5770e+02     2.1755    153.198    35.2641    22.0408    142.364      4.273    29.6575 -9.990e-29
    180.250      3.982    29.7040   5.865119    -0.0073   230.0000     0.0912 5.5187e+02     2.1529    154.932    35.4144    22.1381    140.043      3.960    29.7030 -9.990e-29
    180.500      3.760    29.7277   5.867541     0.0073   -20.0000     0.0908 6.4363e+02     2.1298    157.239    35.4135    22.1294    138.423      3.739    29.7268 -9.990e-29
