cruises/P45_06/L2/CTD/Derived_Parameter/P45_06_CTD_06_der.cnv
* Sea-Bird SBE19plus  Data File:
* FileName = C:\Users\OA_2023-03\Desktop\Bathymetry\ctd_casts\P3_16_04-25002.hex
* Software version 2.3.0 SB_Terminal.dll
* Temperature SN = 8460
* Conductivity SN = 8460
* System UpLoad Time = Apr 16 2026 15:33:25
* <ApplicationData>
* <SeatermAF>
# nquan = 16                                
# nvalues = 4320                        
# units = specified
# name 0 = timeS: Time, Elapsed [seconds]
# name 1 = prdM: Pressure, Strain Gauge [db]
# name 2 = tv290C: Temperature [ITS-90, deg C]
# name 3 = c0S/m: Conductivity [S/m]
# name 4 = flECO-AFL: Fluorescence, WET Labs ECO-AFL/FL [mg/m^3]
# name 5 = flECO-AFL1: Fluorescence, WET Labs ECO-AFL/FL, 2 [mg/m^3]
# name 6 = CStarAt0: Beam Attenuation, WET Labs C-Star [1/m]
# name 7 = par/sat/log: PAR/Logarithmic, Satlantic [umol photons/m^2/sec]
# name 8 = sbeox0V: Oxygen raw, SBE 43 [V]
# name 9 = sbeox0Mm/L: Oxygen, SBE 43 [umol/l]
# name 10 = sal00: Salinity, Practical [PSU]
# name 11 = sigma-é00: Density [sigma-theta, kg/m^3]
# name 12 = sbox0Mm/Kg: Oxygen, SBE 43 [umol/kg], WS = 2
# name 13 = depSM: Depth [salt water, m], lat = 5.51
# name 14 = potemp090C: Potential Temperature [ITS-90, deg C]
# name 15 = flag: flag
# span 0 =      0.000,   1079.750       
# span 1 =     -0.074,    168.084       
# span 2 =    15.8925,    31.9941       
# span 3 =   0.000012,   5.877904       
# span 4 =   -48.7708,    29.9382       
# span 5 = -3.024e+05, 40750.0000       
# span 6 =    -0.1114,    20.0947       
# span 7 = 1.1766e-01, 3.5613e+03       
# span 8 =     1.2441,     2.7525       
# span 9 =     86.457,    230.187       
# span 10 =     0.0142,    35.8929      
# span 11 =    -4.9596,    26.2666      
# span 12 =     84.385,    237.546      
# span 13 =     -0.074,    167.084      
# span 14 =    15.8659,    31.9941      
# span 15 = 0.0000e+00, 0.0000e+00      
# interval = seconds: 0.25
# start_time = Apr 16 2026 14:33:22 [Instrument's time stamp, header]
# bad_flag = -9.990e-29
*END*
[from data line 3255]
    813.750     74.084    18.7760   4.773141     0.1910   200.0000     0.0337 1.8185e+00     1.4766    104.011    35.8587    25.7383    105.446     73.660    18.7629 0.0000e+00
    814.000     74.022    18.7794   4.773365     0.1689   250.0000     0.0339 1.8976e+00     1.4820    104.160    35.8576    25.7366    105.930     73.599    18.7663 0.0000e+00
    814.250     73.929    18.7853   4.774119     0.1983   250.0000     0.0337 1.9316e+00     1.4825    104.242    35.8589    25.7361    105.891     73.506    18.7722 0.0000e+00
    814.500     73.804    18.7916   4.775191     0.1763   230.0000     0.0358 1.9653e+00     1.4843    104.283    35.8625    25.7372    105.996     73.382    18.7785 0.0000e+00
    814.750     73.645    18.7983   4.775764     0.1763   250.0000     0.0358 1.9662e+00     1.4853    104.351    35.8616    25.7348    105.988     73.224    18.7852 0.0000e+00
    815.000     73.464    18.8087   4.776546     0.1616   280.0000     0.0354 1.9526e+00     1.4868    104.420    35.8592    25.7303    105.929     73.044    18.7957 0.0000e+00
    815.250     73.264    18.8246   4.778475     0.1763   250.0000     0.0360 1.9777e+00     1.4873    104.460    35.8618    25.7282    105.981     72.845    18.8116 0.0000e+00
    815.500     73.074    18.8427   4.780809     0.1763   170.0000     0.0349 2.0109e+00     1.4888    104.589    35.8658    25.7267    106.096     72.656    18.8297 0.0000e+00
    815.750     72.887    18.8665   4.782643     0.2057   310.0000     0.0355 2.0500e+00     1.4895    104.732    35.8607    25.7167    106.107     72.470    18.8535 0.0000e+00
    816.000     72.725    18.8881   4.786596     0.2130   340.0000     0.0354 2.0840e+00     1.4901    104.858    35.8753    25.7223    106.061     72.309    18.8751 0.0000e+00
    816.250     72.589    18.9060   4.788025     0.1983   250.0000     0.0364 2.0831e+00     1.4925    104.943    35.8718    25.7151    106.256     72.174    18.8931 0.0000e+00
    816.500     72.471    18.9193   4.788939     0.1983   250.0000     0.0364 2.0442e+00     1.4935    105.291    35.8680    25.7088    106.291     72.057    18.9064 0.0000e+00
    816.750     72.358    18.9288   4.789984     0.1689   250.0000     0.0362 2.0118e+00     1.4937    105.653    35.8686    25.7068    106.233     71.944    18.9159 0.0000e+00
    817.000     72.251    18.9377   4.790332     0.1763   200.0000     0.0371 2.0953e+00     1.4939    106.107    35.8638    25.7009    106.163     71.838    18.9248 0.0000e+00
    817.250     72.143    18.9476   4.791413     0.1763   280.0000     0.0373 2.1094e+00     1.4948    106.459    35.8644    25.6988    106.155     71.731    18.9347 0.0000e+00
    817.500     72.040    18.9566   4.792647     0.2277   280.0000     0.0371 2.1420e+00     1.4957    106.790    35.8670    25.6985    106.270     71.628    18.9437 0.0000e+00
    817.750     71.938    18.9643   4.793213     0.1763   250.0000     0.0352 2.1714e+00     1.4957    107.129    35.8651    25.6951    106.299     71.527    18.9515 0.0000e+00
    818.000     71.845    18.9716   4.793815     0.2424   250.0000     0.0351 2.1625e+00     1.4961    107.598    35.8639    25.6922    106.368     71.434    18.9588 0.0000e+00
    818.250     71.767    18.9783   4.794548     0.1910   250.0000     0.0353 2.2036e+00     1.4968    107.834    35.8643    25.6908    106.517     71.357    18.9655 0.0000e+00
    818.500     71.709    18.9834   4.795151     0.1910   250.0000     0.0354 2.2242e+00     1.4985    107.955    35.8650    25.6900    106.803     71.299    18.9706 0.0000e+00
    818.750     71.683    18.9873   4.795369     0.2057   250.0000     0.0387 2.2026e+00     1.4989    107.830    35.8634    25.6878    106.969     71.273    18.9745 0.0000e+00
    819.000     71.676    18.9903   4.795623     0.1983   250.0000     0.0387 2.1481e+00     1.4999    108.461    35.8630    25.6867    107.179     71.266    18.9775 0.0000e+00
    819.250     71.689    18.9919   4.795848     0.2203   230.0000     0.0382 2.1181e+00     1.5024    108.474    35.8634    25.6867    107.547     71.279    18.9791 -9.990e-29
    819.500     71.702    18.9921   4.795753     0.2130   230.0000     0.0366 2.1208e+00     1.5040    108.626    35.8625    25.6859    107.856     71.292    18.9793 -9.990e-29
    819.750     71.703    18.9919   4.795594     0.2203   250.0000     0.0358 2.1277e+00     1.5056    108.642    35.8613    25.6851    108.179     71.293    18.9791 -9.990e-29
    820.000     71.669    18.9929   4.795594     0.2203   280.0000     0.0356 2.2084e+00     1.5075    108.704    35.8605    25.6841    108.501     71.259    18.9801 0.0000e+00
    820.250     71.591    18.9941   4.795913     0.1689   390.0000     0.0373 2.2976e+00     1.5098    108.680    35.8621    25.6851    108.837     71.182    18.9813 0.0000e+00
    820.500     71.462    18.9955   4.796036     0.2057   250.0000     0.0376 2.2743e+00     1.5132    108.773    35.8620    25.6846    109.302     71.054    18.9827 0.0000e+00
    820.750     71.287    18.9972   4.796196     0.2130   200.0000     0.0376 2.2847e+00     1.5155    108.741    35.8619    25.6842    109.642     70.880    18.9845 0.0000e+00
    821.000     71.071    18.9989   4.796421     0.1763   250.0000     0.0376 2.2523e+00     1.5185    108.597    35.8624    25.6841    110.080     70.665    18.9862 0.0000e+00
    821.250     70.845    19.0011   4.796639     0.1763   340.0000     0.0359 2.2469e+00     1.5215    108.889    35.8624    25.6835    110.443     70.440    18.9884 0.0000e+00
    821.500     70.625    19.0042   4.796987     0.1983   310.0000     0.0368 2.3005e+00     1.5240    108.984    35.8628    25.6830    110.776     70.222    18.9916 0.0000e+00
    821.750     70.429    19.0071   4.797307     0.2424   310.0000     0.0356 2.3437e+00     1.5273    108.972    35.8630    25.6824    111.248     70.027    18.9945 0.0000e+00
    822.000     70.250    19.0096   4.797561     0.1836   140.0000     0.0370 2.3442e+00     1.5317    108.933    35.8630    25.6818    111.826     69.849    18.9970 0.0000e+00
    822.250     70.101    19.0123   4.797720     0.1836   280.0000     0.0370 2.3841e+00     1.5340    108.996    35.8621    25.6804    112.130     69.701    18.9998 0.0000e+00
    822.500     69.976    19.0147   4.798163     0.1983   280.0000     0.0368 2.3929e+00     1.5384    109.041    35.8638    25.6810    112.648     69.576    19.0022 0.0000e+00
    822.750     69.870    19.0168   4.798257     0.2277   310.0000     0.0362 2.3559e+00     1.5426    108.979    35.8628    25.6797    113.150     69.471    19.0043 0.0000e+00
    823.000     69.783    19.0210   4.798446     0.1836   230.0000     0.0367 2.3641e+00     1.5467    108.939    35.8608    25.6771    113.649     69.385    19.0085 0.0000e+00
    823.250     69.703    19.0258   4.799245     0.2203   250.0000     0.0364 2.4002e+00     1.5496    108.922    35.8634    25.6778    114.041     69.305    19.0133 0.0000e+00
    823.500     69.629    19.0296   4.799717     0.2057   420.0000     0.0362 2.4137e+00     1.5533    109.149    35.8641    25.6774    114.553     69.231    19.0171 0.0000e+00
    823.750     69.552    19.0339   4.799942     0.2130   250.0000     0.0377 2.4644e+00     1.5582    109.228    35.8623    25.6749    115.279     69.155    19.0214 0.0000e+00
    824.000     69.460    19.0390   4.800516     0.2130   340.0000     0.0377 2.4638e+00     1.5629    109.368    35.8627    25.6739    116.064     69.063    19.0266 0.0000e+00
    824.250     69.347    19.0443   4.801177     0.2057   230.0000     0.0377 2.4820e+00     1.5670    109.726    35.8637    25.6733    116.774     68.951    19.0319 0.0000e+00
    824.500     69.209    19.0506   4.801751     0.1910   200.0000     0.0364 2.5490e+00     1.5737    110.007    35.8631    25.6713    117.742     68.814    19.0382 0.0000e+00
    824.750     69.038    19.0566   4.802448     0.2057   250.0000     0.0361 2.5112e+00     1.5802    110.304    35.8638    25.6703    118.555     68.644    19.0442 0.0000e+00
    825.000     68.841    19.0642   4.803087     0.2130   250.0000     0.0362 2.5259e+00     1.5875    110.610    35.8627    25.6674    119.331     68.448    19.0519 0.0000e+00
    825.250     68.621    19.0728   4.804133     0.2130   280.0000     0.0362 2.5661e+00     1.5934    110.936    35.8641    25.6663    119.834     68.229    19.0605 0.0000e+00
    825.500     68.408    19.0831   4.805027     0.1836   170.0000     0.0366 2.5996e+00     1.6009    111.432    35.8628    25.6626    120.319     68.018    19.0708 0.0000e+00
    825.750     68.210    19.0915   4.806393     0.1983   230.0000     0.0368 2.6611e+00     1.6058    111.813    35.8670    25.6637    120.492     67.821    19.0793 0.0000e+00
    826.000     68.045    19.0979   4.806770     0.2130   230.0000     0.0385 2.7058e+00     1.6098    112.240    35.8647    25.6603    120.579     67.657    19.0857 0.0000e+00
    826.250     67.914    19.1073   4.807184     0.1983   250.0000     0.0388 2.7794e+00     1.6139    112.655    35.8601    25.6543    120.719     67.527    19.0951 0.0000e+00
    826.500     67.828    19.1182   4.808936     0.2203   310.0000     0.0383 2.7518e+00     1.6168    113.007    35.8654    25.6556    120.708     67.441    19.1060 0.0000e+00
    826.750     67.774    19.1257   4.809728     0.1983   250.0000     0.0386 2.7087e+00     1.6201    113.459    35.8656    25.6538    120.908     67.387    19.1135 0.0000e+00
    827.000     67.741    19.1324   4.809888     0.2277   310.0000     0.0371 2.6588e+00     1.6236    114.045    35.8611    25.6486    121.218     67.355    19.1202 0.0000e+00
    827.250     67.719    19.1389   4.810782     0.2203   250.0000     0.0371 2.6900e+00     1.6265    114.329    35.8630    25.6484    121.453     67.333    19.1267 0.0000e+00
    827.500     67.701    19.1524   4.811516     0.2203   280.0000     0.0370 2.7704e+00     1.6286    114.876    35.8575    25.6407    121.642     67.315    19.1402 0.0000e+00
    827.750     67.672    19.1735   4.814221     0.2277   200.0000     0.0381 2.8303e+00     1.6319    115.441    35.8619    25.6386    121.908     67.286    19.1613 0.0000e+00
    828.000     67.627    19.1954   4.817444     0.2203   280.0000     0.0379 2.9383e+00     1.6356    115.967    35.8700    25.6392    122.205     67.241    19.1832 0.0000e+00
    828.250     67.556    19.2164   4.819451     0.1983   280.0000     0.0381 2.9491e+00     1.6379    116.303    35.8686    25.6327    122.423     67.171    19.2042 0.0000e+00
    828.500     67.463    19.2370   4.821561     0.2130   280.0000     0.0400 2.9465e+00     1.6411    116.708    35.8685    25.6273    122.734     67.078    19.2248 0.0000e+00
    828.750     67.338    19.2562   4.823708     0.2130   230.0000     0.0400 2.9805e+00     1.6436    117.260    35.8699    25.6234    122.928     66.954    19.2440 0.0000e+00
    829.000     67.190    19.2737   4.825585     0.1983   310.0000     0.0400 2.9934e+00     1.6460    117.792    35.8706    25.6194    123.126     66.807    19.2616 0.0000e+00
    829.250     67.010    19.2921   4.827085     0.2057   250.0000     0.0404 3.0045e+00     1.6497    118.295    35.8673    25.6121    123.503     66.628    19.2800 0.0000e+00
    829.500     66.816    19.3100   4.829291     0.2130   310.0000     0.0402 3.0071e+00     1.6525    119.113    35.8703    25.6098    123.802     66.435    19.2979 0.0000e+00
    829.750     66.610    19.3281   4.830958     0.2203   230.0000     0.0404 3.0444e+00     1.6553    119.991    35.8687    25.6038    123.995     66.230    19.3160 0.0000e+00
    830.000     66.419    19.3442   4.832881     0.2203   390.0000     0.0401 3.0642e+00     1.6581    121.034    35.8709    25.6014    124.198     66.040    19.3322 0.0000e+00
    830.250     66.248    19.3589   4.834097     0.2130   280.0000     0.0377 3.1893e+00     1.6610    121.932    35.8685    25.5957    124.405     65.870    19.3469 0.0000e+00
    830.500     66.119    19.3705   4.835503     0.2350   230.0000     0.0379 3.2177e+00     1.6651    122.977    35.8702    25.5940    124.718     65.742    19.3585 0.0000e+00
    830.750     66.037    19.3800   4.836144     0.2277   280.0000     0.0383 3.2080e+00     1.6651    123.608    35.8674    25.5894    124.562     65.661    19.3680 0.0000e+00
    831.000     65.994    19.3892   4.837164     0.2203   280.0000     0.0401 3.1653e+00     1.6682    124.035    35.8680    25.5874    124.738     65.618    19.3772 0.0000e+00
    831.250     65.981    19.3954   4.838067     0.2277   310.0000     0.0400 3.0103e+00     1.6710    124.355    35.8702    25.5875    124.933     65.605    19.3834 0.0000e+00
    831.500     65.988    19.3980   4.837972     0.2130   340.0000     0.0401 3.0071e+00     1.6719    124.348    35.8672    25.5845    124.924     65.612    19.3860 -9.990e-29
    831.750     66.003    19.3974   4.838002     0.2497   230.0000     0.0402 3.0649e+00     1.6730    124.365    35.8679    25.5852    125.079     65.627    19.3854 -9.990e-29
    832.000     66.003    19.3991   4.837360     0.2130   340.0000     0.0387 3.1523e+00     1.6746    124.431    35.8611    25.5796    125.235     65.627    19.3871 -9.990e-29
    832.250     65.974    19.4034   4.838264     0.2277   370.0000     0.0386 3.2025e+00     1.6771    124.451    35.8650    25.5814    125.484     65.598    19.3914 0.0000e+00
    832.500     65.899    19.4084   4.839095     0.2203   370.0000     0.0388 3.3188e+00     1.6779    124.383    35.8676    25.5821    125.666     65.523    19.3964 0.0000e+00
    832.750     65.783    19.4126   4.839641     0.2350   230.0000     0.0398 3.3210e+00     1.6805    124.592    35.8686    25.5818    125.975     65.408    19.4007 0.0000e+00
    833.000     65.621    19.4163   4.839991     0.2130   230.0000     0.0399 3.3145e+00     1.6830    124.923    35.8684    25.5806    126.228     65.247    19.4044 0.0000e+00
    833.250     65.432    19.4189   4.840217     0.2203   340.0000     0.0398 3.2860e+00     1.6839    125.112    35.8681    25.5797    126.262     65.059    19.4070 0.0000e+00
    833.500     65.239    19.4218   4.840413     0.2203   250.0000     0.0397 3.2860e+00     1.6873    125.449    35.8673    25.5784    126.588     64.867    19.4100 0.0000e+00
    833.750     65.054    19.4253   4.840792     0.2057   170.0000     0.0394 3.3644e+00     1.6885    125.669    35.8675    25.5776    126.601     64.683    19.4135 0.0000e+00
    834.000     64.903    19.4291   4.841273     0.2057   340.0000     0.0398 3.4506e+00     1.6901    125.883    35.8683    25.5772    126.598     64.533    19.4173 0.0000e+00
    834.250     64.817    19.4340   4.841784     0.2350   340.0000     0.0412 3.5246e+00     1.6911    126.309    35.8684    25.5760    126.483     64.448    19.4222 0.0000e+00
    834.500     64.790    19.4398   4.842564     0.2203   280.0000     0.0417 3.3966e+00     1.6927    126.614    35.8699    25.5756    126.382     64.421    19.4280 0.0000e+00
    834.750     64.797    19.4462   4.843139     0.1983   250.0000     0.0415 3.1962e+00     1.6937    126.887    35.8691    25.5734    126.290     64.428    19.4344 -9.990e-29
    835.000     64.850    19.4507   4.844036     0.2203   310.0000     0.0415 2.9766e+00     1.6929    127.167    35.8727    25.5750    126.017     64.480    19.4389 -9.990e-29
    835.250     64.916    19.4531   4.844036     0.2130   280.0000     0.0406 2.8891e+00     1.6917    127.485    35.8706    25.5728    125.743     64.546    19.4413 -9.990e-29
    835.500     64.970    19.4541   4.844073     0.2350   250.0000     0.0403 3.0032e+00     1.6915    127.978    35.8700    25.5721    125.581     64.600    19.4423 -9.990e-29
    835.750     64.987    19.4554   4.843781     0.1983   310.0000     0.0400 3.2443e+00     1.6910    127.911    35.8665    25.5690    125.445     64.617    19.4436 -9.990e-29
