cruises/P45_06/L2/CTD/Derived_Parameter/P45_06_CTD_09_der.cnv
* Sea-Bird SBE19plus  Data File:
* FileName = C:\Users\OA_2023-03\Desktop\Bathymetry\ctd_casts\S1_18_04_26001.hex
* Software version 2.3.0 SB_Terminal.dll
* Temperature SN = 8460
* Conductivity SN = 8460
* System UpLoad Time = Apr 18 2026 10:40:32
* <ApplicationData>
* <SeatermAF>
# nquan = 16                                
# nvalues = 2744                        
# units = specified
# name 0 = timeS: Time, Elapsed [seconds]
# name 1 = prdM: Pressure, Strain Gauge [db]
# name 2 = tv290C: Temperature [ITS-90, deg C]
# name 3 = c0S/m: Conductivity [S/m]
# name 4 = flECO-AFL: Fluorescence, WET Labs ECO-AFL/FL [mg/m^3]
# name 5 = flECO-AFL1: Fluorescence, WET Labs ECO-AFL/FL, 2 [mg/m^3]
# name 6 = CStarAt0: Beam Attenuation, WET Labs C-Star [1/m]
# name 7 = par/sat/log: PAR/Logarithmic, Satlantic [umol photons/m^2/sec]
# name 8 = sbeox0V: Oxygen raw, SBE 43 [V]
# name 9 = sbeox0Mm/L: Oxygen, SBE 43 [umol/l]
# name 10 = sal00: Salinity, Practical [PSU]
# name 11 = sigma-é00: Density [sigma-theta, kg/m^3]
# name 12 = sbox0Mm/Kg: Oxygen, SBE 43 [umol/kg], WS = 2
# name 13 = depSM: Depth [salt water, m], lat = 5.51
# name 14 = potemp090C: Potential Temperature [ITS-90, deg C]
# name 15 = flag: flag
# span 0 =      0.000,    685.750       
# span 1 =     -0.100,     37.847       
# span 2 =    22.6161,    29.3172       
# span 3 =  -0.312213,   5.811900       
# span 4 =   -15.2482,    29.9382       
# span 5 = -1.033e+05, 40750.0000       
# span 6 =    -0.0660,    24.8803       
# span 7 = 5.6337e+00, 3.4091e+03       
# span 8 =     1.6497,     2.8063       
# span 9 =    102.454,    251.190       
# span 10 =     0.0000,    35.7755      
# span 11 =    -3.9694,    24.6074      
# span 12 =    101.296,    261.623      
# span 13 =     -0.099,     37.634      
# span 14 =    22.6085,    29.3168      
# span 15 = 0.0000e+00, 0.0000e+00      
# interval = seconds: 0.25
# start_time = Apr 18 2026 09:40:24 [Instrument's time stamp, header]
# bad_flag = -9.990e-29
*END*
[from data line 904]
    226.000     11.555    28.9544   5.693114     0.0294   -80.0000     0.0876 1.3971e+02     2.1026    139.448    34.7829    21.9172    142.489     11.491    28.9516 -9.990e-29
    226.250     11.531    28.9520   5.694857     0.0514   200.0000     0.0866 1.4333e+02     2.1021    140.540    34.7966    21.9283    142.795     11.467    28.9492 -9.990e-29
    226.500     11.451    28.9507   5.713199     0.0441   120.0000     0.0865 1.3438e+02     2.1021    142.291    34.9239    22.0243    142.839     11.387    28.9479 -9.990e-29
    226.750     11.319    28.9489   5.725634     0.0294    10.0000     0.0866 1.3385e+02     2.1024    144.696    35.0110    22.0903    142.732     11.256    28.9462 -9.990e-29
    227.000     11.159    28.9458   5.716408     0.0367    30.0000     0.0847 1.3749e+02     2.0979    147.090    34.9497    22.0453    142.249     11.097    28.9431 -9.990e-29
    227.250     10.995    28.9414   5.721498     0.0220    90.0000     0.0845 1.3932e+02     2.0896    149.079    34.9880    22.0756    141.410     10.934    28.9387 -9.990e-29
    227.500     10.857    28.9383   5.737696     0.0367   140.0000     0.0844 1.3881e+02     2.0851    149.960    35.1020    22.1622    140.985     10.797    28.9357 -9.990e-29
    227.750     10.746    28.9356   5.745383     0.0661  -110.0000     0.0849 1.3655e+02     2.0846    150.647    35.1571    22.2044    141.229     10.686    28.9330 -9.990e-29
    228.000     10.679    28.9345   5.749393     0.0294   170.0000     0.0847 1.3540e+02     2.0828    151.990    35.1856    22.2262    141.873     10.620    28.9319 -9.990e-29
    228.250     10.650    28.9333   5.751277     0.0514    60.0000     0.0847 1.3299e+02     2.0812    153.686    35.1995    22.2370    142.963     10.591    28.9307 -9.990e-29
    228.500     10.662    28.9329   5.751756     0.0294   120.0000     0.0848 1.3273e+02     2.0831    154.812    35.2031    22.2399    144.786     10.603    28.9303 -9.990e-29
    228.750     10.710    28.9326   5.752415     0.0367   -80.0000     0.0851 1.3259e+02     2.0905    155.180    35.2078    22.2435    147.442     10.650    28.9300 -9.990e-29
    229.000     10.804    28.9335   5.754001     0.0294    90.0000     0.0854 1.3368e+02     2.1110    154.833    35.2181    22.2509    151.216     10.744    28.9309 -9.990e-29
    229.250     10.932    28.9346   5.756364     0.0367    30.0000     0.0852 1.3412e+02     2.1385    154.124    35.2335    22.2622    154.982     10.871    28.9320 -9.990e-29
    229.500     11.090    28.9351   5.756914     0.0441   -20.0000     0.0892 1.3113e+02     2.1785    153.126    35.2369    22.2646    159.235     11.028    28.9324 -9.990e-29
    229.750     11.253    28.9348   5.745933     0.0441   120.0000     0.0895 1.3133e+02     2.2224    152.055    35.1613    22.2079    163.233     11.190    28.9321 -9.990e-29
    230.000     11.410    28.9309   5.728964     0.0441   -80.0000     0.0892 1.3102e+02     2.2544    150.089    35.0471    22.1235    165.511     11.346    28.9281 -9.990e-29
    230.250     11.542    28.9269   5.712064     0.0441    60.0000     0.0869 1.3354e+02     2.2687    147.805    34.9335    22.0395    165.676     11.478    28.9241 -9.990e-29
    230.500     11.637    28.9233   5.717035     0.0367    10.0000     0.0866 1.3406e+02     2.2857    145.347    34.9704    22.0684    165.507     11.572    28.9205 -9.990e-29
    230.750     11.688    28.9210   5.719924     0.0367    30.0000     0.0863 1.3740e+02     2.3014    144.134    34.9920    22.0854    165.243     11.623    28.9182 -9.990e-29
    231.000     11.690    28.9209   5.714984     0.0367   -50.0000     0.0867 1.3525e+02     2.3135    144.013    34.9580    22.0599    165.221     11.625    28.9181 -9.990e-29
    231.250     11.631    28.9209   5.714326     0.0514  -190.0000     0.0872 1.2722e+02     2.3194    144.082    34.9535    22.0565    165.320     11.566    28.9181 -9.990e-29
    231.500     11.508    28.9210   5.721898     0.0441   -80.0000     0.0873 1.2506e+02     2.3171    144.382    35.0056    22.0956    165.149     11.444    28.9182 -9.990e-29
    231.750     11.344    28.9202   5.727906     0.0367  -110.0000     0.0868 1.2675e+02     2.3124    144.895    35.0477    22.1275    165.265     11.281    28.9175 -9.990e-29
    232.000     11.162    28.9177   5.730320     0.0294    30.0000     0.0861 1.3000e+02     2.3157    145.031    35.0662    22.1422    166.324     11.100    28.9150 -9.990e-29
    232.250     10.982    28.9155   5.732193     0.0441    30.0000     0.0858 1.3555e+02     2.3331    144.614    35.0808    22.1539    168.459     10.921    28.9129 -9.990e-29
    232.500     10.822    28.9145   5.739649     0.0441    60.0000     0.0857 1.4132e+02     2.3604    144.318    35.1331    22.1934    170.899     10.762    28.9119 -9.990e-29
    232.750     10.699    28.9145   5.745054     0.0514   -50.0000     0.0889 1.4643e+02     2.3855    144.181    35.1704    22.2215    172.498     10.639    28.9119 -9.990e-29
    233.000     10.615    28.9150   5.748514     0.0661    60.0000     0.0886 1.3989e+02     2.3998    143.854    35.1939    22.2390    172.610     10.556    28.9124 -9.990e-29
    233.250     10.590    28.9162   5.752015     0.0514   -20.0000     0.0889 1.3791e+02     2.3995    143.624    35.2172    22.2560    171.147     10.531    28.9136 -9.990e-29
    233.500     10.639    28.9185   5.756176     0.0294    30.0000     0.0872 1.3452e+02     2.3874    143.857    35.2442    22.2756    168.594     10.580    28.9159 -9.990e-29
    233.750     10.762    28.9228   5.760786     0.0294   -50.0000     0.0873 1.2880e+02     2.3761    144.856    35.2728    22.2956    166.320     10.702    28.9202 -9.990e-29
    234.000     10.970    28.9280   5.763929     0.0441    10.0000     0.0872 1.2361e+02     2.3719    147.590    35.2906    22.3073    165.179     10.909    28.9254 -9.990e-29
    234.250     11.215    28.9319   5.766774     0.0441   -50.0000     0.0866 1.1698e+02     2.3706    151.387    35.3073    22.3185    164.828     11.153    28.9292 -9.990e-29
    234.500     11.455    28.9319   5.763968     0.0367   -20.0000     0.0953 1.1502e+02     2.3619    156.797    35.2879    22.3039    164.511     11.391    28.9291 -9.990e-29
    234.750     11.655    28.9249   5.748695     0.0661    60.0000     0.0955 1.2223e+02     2.3450    162.985    35.1876    22.2310    163.965     11.590    28.9221 -9.990e-29
    235.000     11.770    28.9178   5.735352     0.0441   -20.0000     0.0954 1.3076e+02     2.3326    168.015    35.1007    22.1681    164.071     11.704    28.9150 -9.990e-29
    235.250     11.771    28.9144   5.727648     0.0441  -130.0000     0.0870 1.3333e+02     2.3264    170.727    35.0501    22.1312    164.685     11.705    28.9116 -9.990e-29
    235.500     11.655    28.9127   5.716847     0.0441   -50.0000     0.0868 1.3201e+02     2.3398    173.039    34.9768    22.0768    166.812     11.590    28.9099 -9.990e-29
    235.750     11.422    28.9120   5.699697     0.0514    60.0000     0.0873 1.3758e+02     2.3597    174.554    34.8592    21.9886    168.992     11.358    28.9092 -9.990e-29
    236.000     11.124    28.9125   5.710820     0.0367   -80.0000     0.0868 1.4745e+02     2.3792    174.819    34.9356    22.0458    170.148     11.062    28.9098 -9.990e-29
    236.250     10.815    28.9159   5.729183     0.0441   120.0000     0.0864 1.4960e+02     2.3850    173.939    35.0598    22.1380    169.565     10.755    28.9133 -9.990e-29
    236.500     10.541    28.9224   5.753114     0.0441   -50.0000     0.0866 1.4536e+02     2.3764    171.835    35.2202    22.2562    167.595     10.482    28.9199 -9.990e-29
    236.750     10.373    28.9284   5.764777     0.0441    10.0000     0.0870 1.4482e+02     2.3611    169.608    35.2964    22.3114    165.588     10.315    28.9259 -9.990e-29
    237.000     10.361    28.9340   5.768101     0.0367   -20.0000     0.1063 1.4345e+02     2.3450    168.695    35.3152    22.3237    163.941     10.303    28.9315 -9.990e-29
    237.250     10.444    28.9388   5.769437     0.0294    30.0000     0.1061 1.4163e+02     2.3398    169.836    35.3208    22.3263    163.638     10.386    28.9363 -9.990e-29
    237.500     10.628    28.9420   5.769807     0.0441   -50.0000     0.1065 1.2919e+02     2.3476    172.450    35.3210    22.3253    164.600     10.569    28.9394 -9.990e-29
    237.750     10.895    28.9436   5.769359     0.0367  -130.0000     0.0882 1.1645e+02     2.3588    175.369    35.3166    22.3216    165.961     10.834    28.9410 -9.990e-29
    238.000     11.151    28.9390   5.767292     0.0441    60.0000     0.0882 1.1032e+02     2.3562    177.492    35.3057    22.3149    166.175     11.089    28.9363 -9.990e-29
    238.250     11.373    28.9316   5.760158     0.0514   -50.0000     0.0881 1.1584e+02     2.3471    178.093    35.2618    22.2845    165.803     11.310    28.9289 -9.990e-29
    238.500     11.499    28.9248   5.738512     0.0294   120.0000     0.0929 1.2855e+02     2.3355    177.149    35.1174    22.1783    165.263     11.435    28.9220 -9.990e-29
    238.750     11.504    28.9208   5.698102     0.0441    90.0000     0.0927 1.3557e+02     2.3377    175.752    34.8417    21.9726    165.948     11.440    28.9180 -9.990e-29
    239.000     11.402    28.9188   5.685880     0.0367   170.0000     0.0930 1.3684e+02     2.3509    174.278    34.7590    21.9112    167.171     11.338    28.9161 -9.990e-29
    239.250     11.219    28.9177   5.695514     0.0514    90.0000     0.0872 1.4218e+02     2.3666    172.650    34.8263    21.9620    167.834     11.157    28.9150 -9.990e-29
    239.500     11.001    28.9179   5.707792     0.0294    10.0000     0.0872 1.5070e+02     2.3765    170.315    34.9108    22.0254    167.403     10.940    28.9152 -9.990e-29
    239.750     10.790    28.9218   5.725046     0.0220   230.0000     0.0872 1.5343e+02     2.3686    167.390    35.0270    22.1113    164.929     10.730    28.9192 -9.990e-29
    240.000     10.635    28.9284   5.745862     0.0514    60.0000     0.0873 1.5267e+02     2.3478    165.351    35.1657    22.2133    161.392     10.576    28.9258 -9.990e-29
    240.250     10.590    28.9343   5.759129     0.0441   -80.0000     0.0878 1.4789e+02     2.3185    164.470    35.2530    22.2768    157.676     10.531    28.9317 -9.990e-29
    240.500     10.624    28.9385   5.764479     0.0367   170.0000     0.0874 1.4108e+02     2.2946    166.123    35.2868    22.3008    155.108     10.565    28.9359 -9.990e-29
    240.750     10.744    28.9411   5.764777     0.0661    10.0000     0.0868 1.3505e+02     2.2776    168.823    35.2869    22.3000    153.756     10.684    28.9385 -9.990e-29
    241.000     10.937    28.9421   5.762302     0.0367   200.0000     0.0881 1.3048e+02     2.2666    171.784    35.2690    22.2863    153.144     10.876    28.9395 -9.990e-29
    241.250     11.122    28.9390   5.754700     0.0735    10.0000     0.0879 1.2728e+02     2.2576    173.506    35.2188    22.2496    152.613     11.060    28.9363 -9.990e-29
    241.500     11.281    28.9329   5.745014     0.0441   170.0000     0.0881 1.2981e+02     2.2431    173.619    35.1564    22.2048    151.292     11.218    28.9302 -9.990e-29
    241.750     11.393    28.9260   5.713747     0.0367   140.0000     0.0886 1.3362e+02     2.2263    172.680    34.9458    22.0490    149.724     11.330    28.9233 -9.990e-29
    242.000     11.435    28.9218   5.693912     0.0441    60.0000     0.0892 1.3797e+02     2.2069    170.795    34.8122    21.9501    147.746     11.371    28.9190 -9.990e-29
    242.250     11.390    28.9193   5.681054     0.0367    30.0000     0.0888 1.3824e+02     2.1858    169.430    34.7254    21.8858    145.600     11.327    28.9166 -9.990e-29
    242.500     11.273    28.9182   5.672039     0.0588   140.0000     0.0885 1.3881e+02     2.1671    169.198    34.6642    21.8401    143.813     11.210    28.9155 -9.990e-29
    242.750     11.104    28.9178   5.685521     0.0514    90.0000     0.0845 1.4320e+02     2.1507    169.622    34.7574    21.9102    142.229     11.042    28.9151 -9.990e-29
    243.000     10.908    28.9200   5.693513     0.0367   -50.0000     0.0841 1.4735e+02     2.1317    169.170    34.8109    21.9497    140.533     10.847    28.9174 -9.990e-29
    243.250     10.726    28.9248   5.716847     0.0661    90.0000     0.0842 1.5611e+02     2.1108    168.355    34.9682    22.0662    138.622     10.666    28.9222 -9.990e-29
    243.500     10.595    28.9296   5.743359     0.0441   -80.0000     0.0854 1.5367e+02     2.0912    167.378    35.1476    22.1993    136.776     10.536    28.9270 -9.990e-29
    243.750     10.526    28.9336   5.754111     0.0514   120.0000     0.0851 1.5416e+02     2.0742    167.843    35.2189    22.2515    135.256     10.467    28.9311 -9.990e-29
    244.000     10.530    28.9368   5.758351     0.0367   -20.0000     0.0850 1.5162e+02     2.0574    169.456    35.2458    22.2706    133.897     10.471    28.9343 -9.990e-29
    244.250     10.597    28.9389   5.758202     0.0294   140.0000     0.0855 1.5077e+02     2.0419    171.295    35.2432    22.2679    132.863     10.538    28.9363 -9.990e-29
    244.500     10.713    28.9398   5.739609     0.0441   -50.0000     0.0854 1.4476e+02     2.0252    172.679    35.1142    22.1708    132.040     10.653    28.9372 -9.990e-29
    244.750     10.861    28.9353   5.731354     0.0441   120.0000     0.0856 1.4068e+02     2.0080    172.186    35.0605    22.1320    131.268     10.801    28.9327 -9.990e-29
    245.000     11.001    28.9300   5.731824     0.0294   -20.0000     0.0855 1.3887e+02     1.9936    170.184    35.0676    22.1391    130.705     10.940    28.9273 -9.990e-29
    245.250     11.133    28.9255   5.727428     0.0441    60.0000     0.0937 1.3619e+02     1.9866    166.811    35.0406    22.1203    130.721     11.071    28.9228 -9.990e-29
    245.500     11.253    28.9219   5.707353     0.0441   -80.0000     0.0939 1.3655e+02     1.9866    163.475    34.9048    22.0196    131.382     11.190    28.9192 -9.990e-29
    245.750     11.328    28.9189   5.697953     0.0073   -20.0000     0.0939 1.3866e+02     1.9871    160.310    34.8422    21.9735    132.066     11.265    28.9162 -9.990e-29
    246.000     11.368    28.9169   5.696718     0.0441    30.0000     0.0874 1.4392e+02     1.9825    157.773    34.8351    21.9689    132.238     11.305    28.9142 -9.990e-29
    246.250     11.377    28.9164   5.698532     0.0367  -130.0000     0.0872 1.4599e+02     1.9749    155.949    34.8480    21.9787    132.188     11.314    28.9137 -9.990e-29
    246.500     11.351    28.9165   5.712722     0.0588   120.0000     0.0874 1.4586e+02     1.9699    154.151    34.9457    22.0521    132.497     11.288    28.9138 -9.990e-29
    246.750     11.301    28.9169   5.723872     0.0441   120.0000     0.0846 1.4111e+02     1.9747    152.726    35.0223    22.1095    133.986     11.238    28.9142 -9.990e-29
    247.000     11.239    28.9174   5.727389     0.0367   -20.0000     0.0854 1.4148e+02     1.9835    151.282    35.0462    22.1273    135.974     11.176    28.9147 -9.990e-29
    247.250     11.168    28.9177   5.728564     0.0661   170.0000     0.0855 1.4188e+02     1.9988    149.551    35.0541    22.1331    138.402     11.106    28.9150 -9.990e-29
    247.500     11.095    28.9183   5.726582     0.0367   120.0000     0.0876 1.4264e+02     2.0181    147.742    35.0400    22.1223    141.083     11.033    28.9156 -9.990e-29
    247.750     11.017    28.9188   5.725853     0.0441    90.0000     0.0871 1.4492e+02     2.0391    145.958    35.0347    22.1181    144.037     10.956    28.9161 -9.990e-29
    248.000     10.948    28.9194   5.725375     0.0441   140.0000     0.0876 1.4218e+02     2.0560    143.839    35.0309    22.1151    146.884     10.887    28.9168 -9.990e-29
    248.250     10.893    28.9197   5.725227     0.0514   -50.0000     0.0876 1.4050e+02     2.0712    141.579    35.0297    22.1141    149.546     10.832    28.9171 -9.990e-29
