cruises/P45_06/L2/CTD/Derived_Parameter/P45_06_CTD_09_der.cnv
* Sea-Bird SBE19plus  Data File:
* FileName = C:\Users\OA_2023-03\Desktop\Bathymetry\ctd_casts\S1_18_04_26001.hex
* Software version 2.3.0 SB_Terminal.dll
* Temperature SN = 8460
* Conductivity SN = 8460
* System UpLoad Time = Apr 18 2026 10:40:32
* <ApplicationData>
* <SeatermAF>
# nquan = 16                                
# nvalues = 2744                        
# units = specified
# name 0 = timeS: Time, Elapsed [seconds]
# name 1 = prdM: Pressure, Strain Gauge [db]
# name 2 = tv290C: Temperature [ITS-90, deg C]
# name 3 = c0S/m: Conductivity [S/m]
# name 4 = flECO-AFL: Fluorescence, WET Labs ECO-AFL/FL [mg/m^3]
# name 5 = flECO-AFL1: Fluorescence, WET Labs ECO-AFL/FL, 2 [mg/m^3]
# name 6 = CStarAt0: Beam Attenuation, WET Labs C-Star [1/m]
# name 7 = par/sat/log: PAR/Logarithmic, Satlantic [umol photons/m^2/sec]
# name 8 = sbeox0V: Oxygen raw, SBE 43 [V]
# name 9 = sbeox0Mm/L: Oxygen, SBE 43 [umol/l]
# name 10 = sal00: Salinity, Practical [PSU]
# name 11 = sigma-é00: Density [sigma-theta, kg/m^3]
# name 12 = sbox0Mm/Kg: Oxygen, SBE 43 [umol/kg], WS = 2
# name 13 = depSM: Depth [salt water, m], lat = 5.51
# name 14 = potemp090C: Potential Temperature [ITS-90, deg C]
# name 15 = flag: flag
# span 0 =      0.000,    685.750       
# span 1 =     -0.100,     37.847       
# span 2 =    22.6161,    29.3172       
# span 3 =  -0.312213,   5.811900       
# span 4 =   -15.2482,    29.9382       
# span 5 = -1.033e+05, 40750.0000       
# span 6 =    -0.0660,    24.8803       
# span 7 = 5.6337e+00, 3.4091e+03       
# span 8 =     1.6497,     2.8063       
# span 9 =    102.454,    251.190       
# span 10 =     0.0000,    35.7755      
# span 11 =    -3.9694,    24.6074      
# span 12 =    101.296,    261.623      
# span 13 =     -0.099,     37.634      
# span 14 =    22.6085,    29.3168      
# span 15 = 0.0000e+00, 0.0000e+00      
# interval = seconds: 0.25
# start_time = Apr 18 2026 09:40:24 [Instrument's time stamp, header]
# bad_flag = -9.990e-29
*END*
      0.000     -0.096    28.4874   0.000152    -0.0367    90.0000     0.4536 5.6675e+02     2.7263    250.118     0.0130    -3.8946    251.090     -0.095    28.4874 -9.990e-29
      0.250     -0.098    28.4871   0.000167     0.0220   230.0000     0.4536 5.6443e+02     2.7257    250.098     0.0130    -3.8945    251.023     -0.097    28.4871 -9.990e-29
      0.500     -0.100    28.4864   0.000161    -0.0147    10.0000     2.3331 5.6663e+02     2.7269    250.217     0.0130    -3.8943    251.162     -0.099    28.4864 -9.990e-29
      0.750     -0.098    28.4858   0.000173     0.0000  -190.0000     2.3343 5.7378e+02     2.7264    250.073     0.0130    -3.8941    251.108     -0.097    28.4858 -9.990e-29
      1.000     -0.094    28.4849   0.000155    -0.0147    10.0000     2.3336 5.7465e+02     2.7264    250.085     0.0130    -3.8938    251.123     -0.093    28.4849 -9.990e-29
      1.250     -0.098    28.4843   0.000161    -0.0147    60.0000     5.2651 5.8216e+02     2.7262    250.081     0.0130    -3.8937    251.100     -0.097    28.4843 -9.990e-29
      1.500     -0.100    28.4839   0.000161    -0.0220    60.0000     5.2622 5.9207e+02     2.7262    250.123     0.0130    -3.8936    251.068     -0.099    28.4839 -9.990e-29
      1.750     -0.098    28.4833   0.000155    -0.0955  -470.0000     5.2617 6.0554e+02     2.7266    250.204     0.0130    -3.8934    251.146     -0.097    28.4833 -9.990e-29
      2.000     -0.100    28.4828   0.000161    -0.0367  -190.0000     0.6900 6.1945e+02     2.7264    250.124     0.0130    -3.8932    251.126     -0.099    28.4828 -9.990e-29
      2.250     -0.100    28.4817   0.000161     0.0000   -20.0000     0.6894 6.2781e+02     2.7263    250.167     0.0130    -3.8929    251.125     -0.099    28.4817 -9.990e-29
      2.500     -0.098    28.4814   0.000155    -0.0367  -300.0000     0.6900 6.1398e+02     2.7259    250.147     0.0130    -3.8928    251.069     -0.097    28.4814 -9.990e-29
      2.750     -0.096    28.4810   0.000161    -0.0367    10.0000     0.3798 6.0227e+02     2.7268    250.195     0.0130    -3.8927    251.173     -0.095    28.4810 -9.990e-29
      3.000     -0.098    28.4803   0.000155     0.0147    10.0000     0.3800 5.8785e+02     2.7263    250.166     0.0130    -3.8925    251.119     -0.097    28.4803 -9.990e-29
      3.250     -0.098    28.4796   0.000161     0.0000   -80.0000     0.3798 5.7652e+02     2.7265    250.137     0.0130    -3.8923    251.155     -0.097    28.4796 -9.990e-29
      3.500     -0.096    28.4790   0.000155     0.0000   -20.0000     0.5354 5.6958e+02     2.7261    250.145     0.0130    -3.8921    251.126     -0.095    28.4790 -9.990e-29
      3.750     -0.100    28.4784   0.000161    -0.0073    30.0000     0.5355 5.6577e+02     2.7265    250.070     0.0130    -3.8920    251.165     -0.099    28.4784 -9.990e-29
      4.000     -0.100    28.4780   0.000161     0.0073  -190.0000     0.5351 5.6430e+02     2.7261    250.141     0.0130    -3.8919    251.142     -0.099    28.4780 -9.990e-29
      4.250     -0.096    28.4771   0.000152    -0.0367   -20.0000     1.5329 5.6175e+02     2.7266    250.098     0.0130    -3.8916    251.185     -0.095    28.4771 -9.990e-29
      4.500     -0.096    28.4768   0.000161    -0.0367  -220.0000     1.5330 5.6150e+02     2.7269    250.186     0.0130    -3.8915    251.227     -0.095    28.4768 -9.990e-29
      4.750     -0.094    28.4760   0.000161    -0.0147  -160.0000     1.5328 5.6394e+02     2.7267    250.158     0.0130    -3.8913    251.180     -0.093    28.4760 -9.990e-29
      5.000     -0.098    28.4755   0.000155    -0.0073   230.0000     2.1478 5.6126e+02     2.7269    250.158     0.0130    -3.8911    251.213     -0.097    28.4755 -9.990e-29
      5.250     -0.098    28.4751   0.000161    -0.0220  -440.0000     2.1482 5.6443e+02     2.7261    250.090     0.0130    -3.8910    251.103     -0.097    28.4751 -9.990e-29
      5.500     -0.096    28.4744   0.000155    -0.0220  -410.0000     2.1475 5.7316e+02     2.7267    250.252     0.0130    -3.8908    251.167     -0.095    28.4744 -9.990e-29
      5.750     -0.096    28.4737   0.000155    -0.0367  -330.0000     0.8166 5.8241e+02     2.7260    250.202     0.0130    -3.8906    251.100     -0.095    28.4737 -9.990e-29
      6.000     -0.096    28.4732   0.000155    -0.0514   -50.0000     0.8169 5.9066e+02     2.7268    250.194     0.0130    -3.8905    251.225     -0.095    28.4732 -9.990e-29
      6.250     -0.096    28.4723   0.000161    -0.0073  -190.0000     0.8170 5.9605e+02     2.7263    250.167     0.0130    -3.8902    251.189     -0.095    28.4723 -9.990e-29
      6.500     -0.092    28.4720   0.000155    -0.0294  -160.0000     0.8173 5.9812e+02     2.7262    250.156     0.0130    -3.8901    251.161     -0.091    28.4720 -9.990e-29
      6.750     -0.094    28.4717   0.000152    -0.0220  -110.0000     0.4580 5.9450e+02     2.7264    250.219     0.0130    -3.8900    251.185     -0.093    28.4717 -9.990e-29
      7.000     -0.096    28.4710   0.000155     0.0000   200.0000     0.4580 5.8747e+02     2.7273    250.206     0.0130    -3.8898    251.305     -0.095    28.4710 -9.990e-29
      7.250     -0.094    28.4703   0.000155     0.0220    10.0000     0.4587 5.7977e+02     2.7267    250.195     0.0130    -3.8896    251.254     -0.093    28.4703 -9.990e-29
      7.500     -0.094    28.4696   0.000161    -0.0220  -190.0000     0.3604 5.6835e+02     2.7263    250.113     0.0130    -3.8894    251.205     -0.093    28.4696 -9.990e-29
      7.750     -0.094    28.4694   0.000155     0.0661  -130.0000     0.3605 5.5247e+02     2.7263    250.251     0.0130    -3.8894    251.175     -0.093    28.4694 -9.990e-29
      8.000     -0.096    28.4684   0.000155     0.0073  -220.0000     0.3602 5.4499e+02     2.7276    250.193     0.0130    -3.8891    251.293     -0.095    28.4684 -9.990e-29
      8.250     -0.096    28.4678   0.000155    -0.0220   -80.0000     1.3199 5.3796e+02     2.7270    250.226     0.0130    -3.8889    251.256     -0.095    28.4678 -9.990e-29
      8.500     -0.098    28.4674   0.000161    -0.0220   200.0000     1.3206 5.3819e+02     2.7269    250.176     0.0130    -3.8888    251.246     -0.097    28.4674 -9.990e-29
      8.750     -0.094    28.4671   0.000155    -0.0588    10.0000     1.3204 5.4463e+02     2.7263    250.221     0.0130    -3.8887    251.165     -0.093    28.4671 -9.990e-29
      9.000     -0.092    28.4663   0.000152    -0.0073   -80.0000    18.9677 5.5775e+02     2.7259    250.179     0.0130    -3.8885    251.111     -0.091    28.4663 -9.990e-29
      9.250     -0.094    28.4656   0.000155    -0.0367    30.0000    18.9826 5.6945e+02     2.7270    250.242     0.0130    -3.8883    251.259     -0.093    28.4656 -9.990e-29
      9.500     -0.096    28.4650   0.000128     0.0073  -160.0000    18.9752 5.8481e+02     2.7266    250.305     0.0130    -3.8881    251.238     -0.095    28.4650 -9.990e-29
      9.750     -0.096    28.4648   0.000161    -0.0220    10.0000     1.9543 6.0253e+02     2.7266    250.274     0.0130    -3.8880    251.228     -0.095    28.4648 -9.990e-29
     10.000     -0.096    28.4637   0.000155    -0.0220  -380.0000     1.9544 6.2456e+02     2.7267    250.325     0.0130    -3.8877    251.224     -0.095    28.4637 -9.990e-29
     10.250     -0.098    28.4634   0.000155    -0.0735   250.0000     1.9532 6.4628e+02     2.7264    250.211     0.0130    -3.8876    251.178     -0.097    28.4634 -9.990e-29
     10.500     -0.096    28.4628   0.000155    -0.0588   -80.0000     0.3572 6.5970e+02     2.7269    250.291     0.0130    -3.8875    251.236     -0.095    28.4628 -9.990e-29
     10.750     -0.100    28.4621   0.000161     0.0441   250.0000     0.3572 6.4558e+02     2.7258    250.187     0.0130    -3.8873    251.115     -0.099    28.4621 -9.990e-29
     11.000     -0.096    28.4618   0.000155     0.0000  -270.0000     0.3573 6.1425e+02     2.7259    250.284     0.0130    -3.8872    251.132     -0.095    28.4618 -9.990e-29
     11.250     -0.094    28.4617   0.000155    -0.0367  -380.0000     0.3231 5.7590e+02     2.7266    250.203     0.0130    -3.8872    251.231     -0.093    28.4617 -9.990e-29
     11.500     -0.096    28.4609   0.000161    -0.0661  -270.0000     0.3234 5.8279e+02     2.7258    250.186     0.0130    -3.8869    251.141     -0.095    28.4609 -9.990e-29
     11.750     -0.092    28.4603   0.000155    -0.0073   140.0000     0.3234 5.7316e+02     2.7261    250.224     0.0130    -3.8868    251.206     -0.091    28.4603 -9.990e-29
     12.000     -0.098    28.4598   0.000155    -0.0735    60.0000     2.3644 5.6394e+02     2.7261    250.363     0.0130    -3.8866    251.193     -0.097    28.4598 -9.990e-29
     12.250     -0.096    28.4588   0.000161    -0.0220  -110.0000     2.3638 5.5968e+02     2.7264    250.316     0.0130    -3.8863    251.224     -0.095    28.4588 -9.990e-29
     12.500     -0.094    28.4589   0.000155    -0.0441   -80.0000     2.3647 5.6102e+02     2.7259    250.246     0.0130    -3.8863    251.168     -0.093    28.4589 -9.990e-29
     12.750     -0.096    28.4582   0.000146    -0.0881  -440.0000     2.3642 5.8266e+02     2.7263    250.261     0.0130    -3.8862    251.217     -0.095    28.4582 -9.990e-29
     13.000     -0.094    28.4576   0.000152    -0.0881    30.0000     8.2582 1.3043e+03     2.7259    250.413     0.0130    -3.8860    251.167     -0.093    28.4576 -9.990e-29
     13.250     -0.096    28.4572   0.000152    -0.0220   -50.0000     8.2597 1.2575e+03     2.7261    250.370     0.0130    -3.8859    251.193     -0.095    28.4572 -9.990e-29
     13.500     -0.098    28.4570   0.000167    -0.0220   140.0000     8.2587 1.0454e+03     2.7256    250.358     0.0130    -3.8858    251.153     -0.097    28.4570 -9.990e-29
     13.750     -0.096    28.4561   0.000161    -0.0220   -20.0000     4.3634 1.1049e+03     2.7263    250.250     0.0130    -3.8855    251.217     -0.095    28.4561 -9.990e-29
     14.000     -0.096    28.4560   0.000161    -0.1028  -110.0000     4.3640 6.2106e+02     2.7258    250.183     0.0130    -3.8855    251.190     -0.095    28.4560 -9.990e-29
     14.250     -0.092    28.4555   0.000152    -0.1102  -130.0000     4.3646 5.6114e+02     2.7260    250.337     0.0130    -3.8854    251.223     -0.091    28.4555 -9.990e-29
     14.500     -0.098    28.4549   0.000155    -0.0441  -160.0000     0.6803 1.1404e+03     2.7262    250.284     0.0130    -3.8852    251.244     -0.097    28.4549 -9.990e-29
     14.750     -0.092    28.4546   0.000152    -0.0294  -130.0000     0.6806 1.1929e+03     2.7254    250.271     0.0130    -3.8851    251.156     -0.091    28.4546 -9.990e-29
     15.000     -0.096    28.4540   0.000155    -0.0367    10.0000     0.6806 1.0796e+03     2.7266    250.280     0.0130    -3.8849    251.306     -0.095    28.4540 -9.990e-29
     15.250     -0.098    28.4538   0.000161    -0.0514  -130.0000     4.0252 1.0079e+03     2.7264    250.265     0.0130    -3.8849    251.292     -0.097    28.4538 -9.990e-29
     15.500     -0.094    28.4533   0.000134    -0.0294  -160.0000     4.0252 4.9540e+02     2.7258    250.352     0.0130    -3.8847    251.222     -0.093    28.4533 -9.990e-29
     15.750     -0.098    28.4526   0.000155    -0.0294  -300.0000     4.0259 7.2214e+02     2.7266    250.213     0.0130    -3.8845    251.333     -0.097    28.4526 -9.990e-29
     16.000     -0.098    28.4523   0.000155    -0.0441   120.0000    19.5343 3.8139e+02     2.7263    250.212     0.0130    -3.8844    251.277     -0.097    28.4523 -9.990e-29
     16.250     -0.098    28.4519   0.000161    -0.0220  -240.0000    19.5687 3.8695e+02     2.7268    250.283     0.0130    -3.8843    251.333     -0.097    28.4519 -9.990e-29
     16.500     -0.096    28.4517   0.000152     0.0735   390.0000    19.5860 3.9499e+02     2.7264    250.187     0.0130    -3.8843    251.281     -0.095    28.4517 -9.990e-29
     16.750     -0.098    28.4508   0.000152    -0.0441  1390.0000     4.1247 4.4615e+02     2.7270    250.222     0.0130    -3.8840    251.314     -0.097    28.4508 -9.990e-29
     17.000     -0.100    28.4506   0.000155    -0.0220   140.0000     4.1260 7.8486e+02     2.7267    250.225     0.0130    -3.8840    251.288     -0.099    28.4506 -9.990e-29
     17.250     -0.096    28.4505   0.000179     0.0441   390.0000     4.1249 4.9593e+02     2.7263    250.282     0.0130    -3.8839    251.241     -0.095    28.4505 -9.990e-29
     17.500     -0.096    28.4499   0.000155     0.0220  -110.0000     5.9365 4.8753e+02     2.7263    250.229     0.0130    -3.8838    251.235     -0.095    28.4499 -9.990e-29
     17.750     -0.098    28.4495   0.000161    -0.1028  -240.0000     5.9385 4.6719e+02     2.7258    250.302     0.0130    -3.8836    251.189     -0.097    28.4495 -9.990e-29
     18.000     -0.098    28.4481   0.000155     0.0000  -700.0000     5.9382 4.5227e+02     2.7266    250.247     0.0130    -3.8832    251.319     -0.097    28.4481 -9.990e-29
     18.250     -0.096    28.4485   0.000173    -0.0220   120.0000     0.2852 4.4760e+02     2.7266    250.259     0.0130    -3.8833    251.324     -0.095    28.4485 -9.990e-29
     18.500     -0.094    28.4481   0.000155     0.0220  -270.0000     0.2857 4.1130e+02     2.7258    250.216     0.0130    -3.8832    251.236     -0.093    28.4481 -9.990e-29
     18.750     -0.096    28.4478   0.000155    -0.0588    60.0000     0.2853 4.0128e+02     2.7267    250.291     0.0130    -3.8832    251.353     -0.095    28.4478 -9.990e-29
     19.000     -0.094    28.4472   0.000155    -0.1322  1700.0000     0.9521 3.9354e+02     2.7269    250.224     0.0130    -3.8830    251.368     -0.093    28.4472 -9.990e-29
     19.250     -0.096    28.4465   0.000155     0.0147  -350.0000     0.9526 3.9176e+02     2.7263    250.252     0.0130    -3.8828    251.296     -0.095    28.4465 -9.990e-29
     19.500     -0.096    28.4459   0.000155    -0.1542  -410.0000     0.9521 3.9396e+02     2.7265    250.287     0.0130    -3.8826    251.316     -0.095    28.4459 -9.990e-29
     19.750     -0.094    28.4458   0.000161    -0.2791 -1560.0000     0.9523 3.8973e+02     2.7270    250.184     0.0130    -3.8826    251.356     -0.093    28.4458 -9.990e-29
     20.000     -0.096    28.4451   0.000155    -0.0735   170.0000     3.2108 3.9696e+02     2.7269    250.344     0.0130    -3.8824    251.355     -0.095    28.4451 -9.990e-29
     20.250     -0.092    28.4443   0.000161    -0.0441 -2150.0000     3.2105 4.0996e+02     2.7263    250.337     0.0130    -3.8821    251.284     -0.091    28.4443 -9.990e-29
     20.500     -0.096    28.4440   0.000161    -0.0661  -350.0000     3.2124 4.3013e+02     2.7263    250.266     0.0130    -3.8821    251.281     -0.095    28.4440 -9.990e-29
     20.750     -0.096    28.4435   0.000155    -0.0294   120.0000     7.2467 4.5987e+02     2.7268    250.358     0.0130    -3.8819    251.323     -0.095    28.4435 -9.990e-29
     21.000     -0.094    28.4431   0.000152    -0.0220  -110.0000     7.2487 5.1340e+02     2.7268    250.336     0.0130    -3.8818    251.328     -0.093    28.4431 -9.990e-29
     21.250     -0.094    28.4416   0.000155     0.0147  -220.0000     7.2475 6.9335e+02     2.7261    250.406     0.0130    -3.8814    251.258     -0.093    28.4416 -9.990e-29
     21.500     -0.096    28.4395   0.000155    -0.0147  -300.0000     0.2093 8.2418e+02     2.7267    250.363     0.0130    -3.8808    251.354     -0.095    28.4395 -9.990e-29
     21.750     -0.094    28.4371   0.000155     0.0220   -20.0000     0.2091 6.7122e+02     2.7261    250.457     0.0130    -3.8801    251.286     -0.093    28.4371 -9.990e-29
     22.000     -0.096    28.4347   0.000155     0.0000   170.0000     0.2095 4.2717e+02     2.7261    250.410     0.0130    -3.8794    251.316     -0.095    28.4347 -9.990e-29
     22.250     -0.092    28.4318   0.000161    -0.1028  -520.0000     0.5175 3.7073e+02     2.7260    250.376     0.0130    -3.8785    251.336     -0.091    28.4318 -9.990e-29
