cruises/P45_06/L2/CTD/Derived_Parameter/P45_06_CTD_01_der.cnv
* Sea-Bird SBE19plus  Data File:
* FileName = C:\Users\OA_2023-03\Desktop\Bathymetry\ctd_casts\J1_15_04_25001.hex
* Software version 2.3.0 SB_Terminal.dll
* Temperature SN = 8460
* Conductivity SN = 8460
* System UpLoad Time = Apr 15 2026 12:50:42
* <ApplicationData>
* <SeatermAF>
** FIRST MAURIE_CAST
# nquan = 16                                
# nvalues = 2883                        
# units = specified
# name 0 = timeS: Time, Elapsed [seconds]
# name 1 = prdM: Pressure, Strain Gauge [db]
# name 2 = tv290C: Temperature [ITS-90, deg C]
# name 3 = c0S/m: Conductivity [S/m]
# name 4 = flECO-AFL: Fluorescence, WET Labs ECO-AFL/FL [mg/m^3]
# name 5 = flECO-AFL1: Fluorescence, WET Labs ECO-AFL/FL, 2 [mg/m^3]
# name 6 = CStarAt0: Beam Attenuation, WET Labs C-Star [1/m]
# name 7 = par/sat/log: PAR/Logarithmic, Satlantic [umol photons/m^2/sec]
# name 8 = sbeox0V: Oxygen raw, SBE 43 [V]
# name 9 = sbeox0Mm/L: Oxygen, SBE 43 [umol/l]
# name 10 = sal00: Salinity, Practical [PSU]
# name 11 = sigma-é00: Density [sigma-theta, kg/m^3]
# name 12 = sbox0Mm/Kg: Oxygen, SBE 43 [umol/kg], WS = 2
# name 13 = depSM: Depth [salt water, m], lat = 5.51
# name 14 = potemp090C: Potential Temperature [ITS-90, deg C]
# name 15 = flag: flag
# span 0 =      0.000,    720.500       
# span 1 =     -0.056,     41.138       
# span 2 =    22.3111,    31.1502       
# span 3 =  -0.033667,   5.831016       
# span 4 =   -87.4128,    29.9382       
# span 5 = -3.101e+05, 3.0876e+05       
# span 6 =     0.1279,    14.8299       
# span 7 = 1.1776e-01, 1.1830e-01       
# span 8 =     0.9902,     2.5253       
# span 9 =     50.237,    194.461       
# span 10 =     0.0000,    35.7314      
# span 11 =    -4.6408,    24.6852      
# span 12 =     50.480,    191.529      
# span 13 =     -0.056,     40.906      
# span 14 =    22.3029,    31.1502      
# span 15 = 0.0000e+00, 0.0000e+00      
# interval = seconds: 0.25
# start_time = Apr 15 2026 11:42:49 [Instrument's time stamp, header]
# bad_flag = -9.990e-29
*END*
[from data line 1447]
    361.750     10.891    29.0569   5.769215     0.0220   170.0000     0.1433 1.1805e-01     2.4111    176.526    35.2319    22.2200    171.067     10.830    29.0543 -9.990e-29
    362.000     10.845    29.0572   5.769247     0.0220   120.0000     0.1439 1.1805e-01     2.4109    175.903    35.2319    22.2199    170.988     10.785    29.0546 -9.990e-29
    362.250     10.763    29.0578   5.769325     0.0441   -80.0000     0.1439 1.1810e-01     2.4113    175.313    35.2320    22.2198    170.960     10.703    29.0552 -9.990e-29
    362.500     10.649    29.0583   5.769435     0.0220    10.0000     0.1438 1.1784e-01     2.4114    174.942    35.2324    22.2200    170.953     10.590    29.0557 -9.990e-29
    362.750     10.511    29.0587   5.769396     0.0073    30.0000     0.1438 1.1805e-01     2.4103    174.598    35.2319    22.2194    170.881     10.452    29.0562 -9.990e-29
    363.000     10.354    29.0590   5.769325     0.0294    30.0000     0.1438 1.1797e-01     2.4103    174.493    35.2312    22.2188    170.919     10.296    29.0565 -9.990e-29
    363.250     10.198    29.0598   5.769396     0.0441    30.0000     0.1434 1.1802e-01     2.4102    174.378    35.2312    22.2185    170.952     10.141    29.0573 -9.990e-29
    363.500     10.060    29.0601   5.769466     0.0294    60.0000     0.1458 1.1815e-01     2.4102    174.287    35.2315    22.2186    171.009     10.004    29.0577 -9.990e-29
    363.750      9.976    29.0604   5.769466     0.0147   140.0000     0.1462 1.1799e-01     2.4122    174.221    35.2313    22.2183    171.227      9.920    29.0580 -9.990e-29
    364.000      9.956    29.0604   5.769435     0.0367   -80.0000     0.1458 1.1789e-01     2.4126    174.192    35.2311    22.2182    171.236      9.901    29.0580 -9.990e-29
    364.250     10.022    29.0608   5.769435     0.0220   170.0000     0.1446 1.1794e-01     2.4135    174.249    35.2308    22.2178    171.234      9.966    29.0584 -9.990e-29
    364.500     10.167    29.0601   5.769395     0.0441   140.0000     0.1448 1.1797e-01     2.4143    174.265    35.2310    22.2182    171.197     10.110    29.0576 -9.990e-29
    364.750     10.367    29.0592   5.769286     0.0073   -20.0000     0.1448 1.1805e-01     2.4139    174.414    35.2308    22.2184    171.046     10.309    29.0567 -9.990e-29
    365.000     10.596    29.0578   5.769215     0.0147   170.0000     0.1446 1.1802e-01     2.4127    174.574    35.2313    22.2193    170.888     10.537    29.0552 -9.990e-29
    365.250     10.803    29.0567   5.769136     0.0294    30.0000     0.1479 1.1802e-01     2.4106    174.658    35.2315    22.2198    170.689     10.743    29.0541 -9.990e-29
    365.500     10.958    29.0563   5.769066     0.0220   120.0000     0.1484 1.1805e-01     2.4093    174.877    35.2313    22.2198    170.630     10.897    29.0536 -9.990e-29
    365.750     11.029    29.0558   5.769066     0.0367  -110.0000     0.1479 1.1802e-01     2.4087    174.914    35.2316    22.2202    170.676     10.968    29.0531 -9.990e-29
    366.000     11.018    29.0560   5.769097     0.0367   230.0000     0.1451 1.1797e-01     2.4089    174.939    35.2317    22.2202    170.828     10.957    29.0533 -9.990e-29
    366.250     10.921    29.0568   5.769247     0.0367    30.0000     0.1450 1.1794e-01     2.4096    175.140    35.2322    22.2203    170.993     10.860    29.0542 -9.990e-29
    366.500     10.749    29.0572   5.769325     0.0294   230.0000     0.1457 1.1810e-01     2.4111    175.098    35.2325    22.2204    171.192     10.689    29.0546 -9.990e-29
    366.750     10.543    29.0583   5.769286     0.0367   200.0000     0.1448 1.1792e-01     2.4116    175.075    35.2314    22.2192    171.229     10.484    29.0557 -9.990e-29
    367.000     10.329    29.0594   5.769435     0.0367    10.0000     0.1453 1.1789e-01     2.4132    174.988    35.2317    22.2190    171.303     10.272    29.0569 -9.990e-29
    367.250     10.147    29.0601   5.769466     0.0147   200.0000     0.1452 1.1792e-01     2.4132    174.980    35.2315    22.2186    171.189     10.091    29.0576 -9.990e-29
    367.500     10.027    29.0606   5.769505     0.0220    30.0000     0.1446 1.1797e-01     2.4141    174.926    35.2314    22.2184    171.167      9.971    29.0582 -9.990e-29
    367.750      9.982    29.0609   5.769505     0.0367    90.0000     0.1441 1.1802e-01     2.4132    174.770    35.2312    22.2181    171.047      9.926    29.0585 -9.990e-29
    368.000     10.000    29.0608   5.769435     0.0220    10.0000     0.1441 1.1797e-01     2.4120    174.701    35.2308    22.2178    170.919      9.944    29.0584 -9.990e-29
    368.250     10.081    29.0608   5.769435     0.0294   140.0000     0.1445 1.1807e-01     2.4104    174.633    35.2308    22.2178    170.793     10.025    29.0584 -9.990e-29
    368.500     10.212    29.0603   5.769356     0.0441    10.0000     0.1435 1.1807e-01     2.4103    174.624    35.2305    22.2178    170.808     10.155    29.0578 -9.990e-29
    368.750     10.380    29.0596   5.769325     0.0367   120.0000     0.1433 1.1797e-01     2.4116    174.851    35.2308    22.2183    170.994     10.322    29.0571 -9.990e-29
    369.000     10.545    29.0585   5.769246     0.0367   140.0000     0.1432 1.1794e-01     2.4119    174.926    35.2310    22.2188    171.076     10.486    29.0559 -9.990e-29
    369.250     10.689    29.0577   5.769176     0.0294   200.0000     0.1509 1.1799e-01     2.4118    175.071    35.2311    22.2192    171.086     10.629    29.0551 -9.990e-29
    369.500     10.785    29.0570   5.769136     0.0441    90.0000     0.1505 1.1792e-01     2.4116    175.209    35.2313    22.2196    171.044     10.725    29.0544 -9.990e-29
    369.750     10.825    29.0570   5.769137     0.0220   140.0000     0.1501 1.1799e-01     2.4121    175.218    35.2313    22.2196    171.030     10.765    29.0544 -9.990e-29
    370.000     10.796    29.0573   5.769176     0.0220    30.0000     0.1439 1.1799e-01     2.4121    175.079    35.2313    22.2195    170.995     10.736    29.0547 -9.990e-29
    370.250     10.716    29.0575   5.769246     0.0294   140.0000     0.1445 1.1792e-01     2.4116    174.793    35.2317    22.2197    170.920     10.656    29.0549 -9.990e-29
    370.500     10.594    29.0578   5.769356     0.0294   250.0000     0.1444 1.1807e-01     2.4115    174.560    35.2323    22.2200    170.894     10.535    29.0552 -9.990e-29
    370.750     10.472    29.0580   5.769356     0.0147   140.0000     0.1448 1.1799e-01     2.4104    174.367    35.2322    22.2198    170.768     10.414    29.0555 -9.990e-29
    371.000     10.374    29.0582   5.769325     0.0073   200.0000     0.1545 1.1802e-01     2.4100    174.327    35.2318    22.2195    170.704     10.316    29.0557 -9.990e-29
    371.250     10.323    29.0584   5.769286     0.0000   140.0000     0.1545 1.1787e-01     2.4096    174.371    35.2314    22.2191    170.650     10.266    29.0559 -9.990e-29
    371.500     10.332    29.0583   5.769246     0.0294   170.0000     0.1545 1.1802e-01     2.4098    174.568    35.2312    22.2190    170.653     10.274    29.0558 -9.990e-29
    371.750     10.378    29.0584   5.769246     0.0147   120.0000     0.1445 1.1787e-01     2.4090    174.710    35.2311    22.2189    170.570     10.320    29.0559 -9.990e-29
    372.000     10.450    29.0583   5.769286     0.0294   120.0000     0.1444 1.1802e-01     2.4077    174.997    35.2315    22.2192    170.443     10.392    29.0558 -9.990e-29
    372.250     10.527    29.0583   5.769246     0.0000   140.0000     0.1445 1.1797e-01     2.4070    175.117    35.2312    22.2190    170.385     10.468    29.0558 -9.990e-29
    372.500     10.600    29.0580   5.769286     0.0220   230.0000     0.1452 1.1797e-01     2.4064    175.265    35.2316    22.2195    170.352     10.541    29.0554 -9.990e-29
    372.750     10.645    29.0580   5.769215     0.0147    30.0000     0.1450 1.1805e-01     2.4054    175.190    35.2311    22.2191    170.346     10.586    29.0554 -9.990e-29
    373.000     10.663    29.0575   5.769215     0.0294    30.0000     0.1446 1.1805e-01     2.4053    175.013    35.2315    22.2195    170.452     10.604    29.0549 -9.990e-29
    373.250     10.658    29.0580   5.769246     0.0220    90.0000     0.1451 1.1789e-01     2.4052    174.755    35.2314    22.2193    170.570     10.599    29.0554 -9.990e-29
    373.500     10.630    29.0579   5.769246     0.0367  -130.0000     0.1441 1.1789e-01     2.4053    174.638    35.2314    22.2193    170.680     10.571    29.0553 -9.990e-29
    373.750     10.589    29.0583   5.769325     0.0220   -20.0000     0.1439 1.1792e-01     2.4070    174.725    35.2317    22.2194    170.923     10.530    29.0557 -9.990e-29
    374.000     10.536    29.0588   5.769356     0.0367   200.0000     0.1437 1.1797e-01     2.4088    174.731    35.2316    22.2191    171.115     10.477    29.0562 -9.990e-29
    374.250     10.480    29.0590   5.769356     0.0294   140.0000     0.1425 1.1797e-01     2.4111    174.730    35.2314    22.2190    171.324     10.422    29.0565 -9.990e-29
    374.500     10.436    29.0592   5.769286     0.0441   200.0000     0.1433 1.1797e-01     2.4115    174.728    35.2308    22.2184    171.331     10.378    29.0567 -9.990e-29
    374.750     10.403    29.0588   5.769286     0.0220    60.0000     0.1429 1.1802e-01     2.4129    174.839    35.2311    22.2188    171.392     10.345    29.0563 -9.990e-29
    375.000     10.380    29.0590   5.769286     0.0220   -20.0000     0.1441 1.1802e-01     2.4129    174.889    35.2310    22.2186    171.305     10.322    29.0565 -9.990e-29
    375.250     10.374    29.0594   5.769286     0.0220   -50.0000     0.1441 1.1794e-01     2.4135    174.854    35.2307    22.2183    171.263     10.316    29.0569 -9.990e-29
    375.500     10.380    29.0596   5.769356     0.0220  -190.0000     0.1442 1.1802e-01     2.4142    174.817    35.2310    22.2184    171.239     10.322    29.0571 -9.990e-29
    375.750     10.394    29.0597   5.769356     0.0294   120.0000     0.1437 1.1802e-01     2.4145    174.657    35.2309    22.2183    171.175     10.336    29.0572 -9.990e-29
    376.000     10.412    29.0598   5.769396     0.0220   230.0000     0.1425 1.1794e-01     2.4137    174.580    35.2311    22.2185    171.021     10.354    29.0573 -9.990e-29
    376.250     10.421    29.0598   5.769396     0.0367   140.0000     0.1425 1.1805e-01     2.4127    174.519    35.2311    22.2185    170.897     10.363    29.0573 -9.990e-29
    376.500     10.431    29.0597   5.769396     0.0441   170.0000     0.1422 1.1797e-01     2.4112    174.527    35.2312    22.2185    170.759     10.373    29.0572 -9.990e-29
    376.750     10.432    29.0596   5.769356     0.0220   140.0000     0.1436 1.1810e-01     2.4105    174.424    35.2310    22.2184    170.707     10.374    29.0571 -9.990e-29
    377.000     10.429    29.0589   5.769325     0.0294    10.0000     0.1431 1.1810e-01     2.4090    174.288    35.2313    22.2189    170.636     10.371    29.0564 -9.990e-29
    377.250     10.416    29.0589   5.769246     0.0147    30.0000     0.1437 1.1797e-01     2.4103    174.201    35.2308    22.2185    170.805     10.358    29.0564 -9.990e-29
    377.500     10.398    29.0587   5.769286     0.0367   250.0000     0.1433 1.1799e-01     2.4104    174.128    35.2312    22.2189    170.886     10.340    29.0562 -9.990e-29
    377.750     10.383    29.0584   5.769246     0.0294   140.0000     0.1431 1.1792e-01     2.4094    174.024    35.2311    22.2189    170.872     10.325    29.0559 -9.990e-29
    378.000     10.374    29.0583   5.769286     0.0220   140.0000     0.1431 1.1797e-01     2.4103    174.007    35.2315    22.2192    171.001     10.316    29.0558 -9.990e-29
    378.250     10.376    29.0587   5.769286     0.0220   230.0000     0.1429 1.1802e-01     2.4097    174.004    35.2312    22.2189    170.912     10.318    29.0562 -9.990e-29
    378.500     10.389    29.0588   5.769286     0.0220   -50.0000     0.1426 1.1797e-01     2.4110    174.031    35.2311    22.2188    171.007     10.331    29.0563 -9.990e-29
    378.750     10.427    29.0592   5.769325     0.0441   120.0000     0.1430 1.1797e-01     2.4126    174.270    35.2311    22.2186    171.104     10.369    29.0567 -9.990e-29
    379.000     10.481    29.0592   5.769356     0.0294    10.0000     0.1426 1.1815e-01     2.4125    174.556    35.2313    22.2188    170.999     10.423    29.0567 -9.990e-29
    379.250     10.556    29.0587   5.769356     0.0220    60.0000     0.1583 1.1797e-01     2.4109    174.901    35.2316    22.2192    170.776     10.497    29.0561 -9.990e-29
    379.500     10.649    29.0584   5.769325     0.0294  -110.0000     0.1584 1.1805e-01     2.4103    175.041    35.2316    22.2193    170.656     10.590    29.0558 -9.990e-29
    379.750     10.740    29.0578   5.769246     0.0441    90.0000     0.1580 1.1799e-01     2.4090    175.264    35.2315    22.2194    170.512     10.680    29.0552 -9.990e-29
    380.000     10.809    29.0572   5.769176     0.0294    90.0000     0.1431 1.1794e-01     2.4075    175.306    35.2314    22.2196    170.430     10.749    29.0546 -9.990e-29
    380.250     10.856    29.0563   5.769137     0.0367   170.0000     0.1433 1.1805e-01     2.4067    175.369    35.2318    22.2202    170.458     10.796    29.0537 -9.990e-29
    380.500     10.869    29.0559   5.769066     0.0441    90.0000     0.1437 1.1789e-01     2.4071    175.398    35.2316    22.2202    170.600     10.808    29.0533 -9.990e-29
    380.750     10.840    29.0560   5.769066     0.0367    30.0000     0.1419 1.1797e-01     2.4067    175.369    35.2315    22.2201    170.678     10.780    29.0534 -9.990e-29
    381.000     10.778    29.0564   5.769215     0.0220   170.0000     0.1419 1.1802e-01     2.4075    175.201    35.2323    22.2205    170.854     10.718    29.0538 -9.990e-29
    381.250     10.687    29.0564   5.769246     0.0367   120.0000     0.1417 1.1802e-01     2.4086    175.010    35.2325    22.2207    170.997     10.627    29.0538 -9.990e-29
    381.500     10.585    29.0567   5.769246     0.0441    90.0000     0.1421 1.1792e-01     2.4100    174.777    35.2323    22.2204    171.121     10.526    29.0541 -9.990e-29
    381.750     10.481    29.0568   5.769215     0.0147    30.0000     0.1474 1.1802e-01     2.4110    174.618    35.2321    22.2202    171.179     10.423    29.0543 -9.990e-29
    382.000     10.389    29.0569   5.769215     0.0294    10.0000     0.1482 1.1784e-01     2.4124    174.398    35.2320    22.2201    171.252     10.331    29.0544 -9.990e-29
    382.250     10.300    29.0572   5.769176     0.0367    60.0000     0.1477 1.1805e-01     2.4122    174.474    35.2316    22.2196    171.173     10.243    29.0547 -9.990e-29
    382.500     10.191    29.0572   5.769175     0.0220   -50.0000     0.1431 1.1799e-01     2.4122    174.484    35.2316    22.2197    171.118     10.134    29.0547 -9.990e-29
    382.750     10.085    29.0573   5.769215     0.0367   120.0000     0.1429 1.1802e-01     2.4116    174.400    35.2318    22.2198    171.037     10.029    29.0549 -9.990e-29
    383.000      9.989    29.0575   5.769246     0.0441    60.0000     0.1430 1.1792e-01     2.4122    174.539    35.2319    22.2198    171.099      9.933    29.0551 -9.990e-29
    383.250      9.931    29.0577   5.769285     0.0147    30.0000     0.1513 1.1802e-01     2.4122    174.541    35.2321    22.2198    171.160      9.876    29.0553 -9.990e-29
    383.500      9.883    29.0579   5.769246     0.0220    30.0000     0.1512 1.1802e-01     2.4123    174.725    35.2317    22.2194    171.211      9.828    29.0555 -9.990e-29
    383.750      9.861    29.0583   5.769246     0.0294   120.0000     0.1518 1.1802e-01     2.4129    174.949    35.2314    22.2191    171.299      9.806    29.0559 -9.990e-29
