cruises/P45_06/L2/CTD/Derived_Parameter/P45_06_CTD_07_der.cnv
* Sea-Bird SBE19plus  Data File:
* FileName = C:\Users\OA_2023-03\Desktop\Bathymetry\ctd_casts\J1_17_04_2026003.hex
* Software version 2.3.0 SB_Terminal.dll
* Temperature SN = 8460
* Conductivity SN = 8460
* System UpLoad Time = Apr 17 2026 12:58:15
* <ApplicationData>
* <SeatermAF>
# nquan = 16                                
# nvalues = 3956                        
# units = specified
# name 0 = timeS: Time, Elapsed [seconds]
# name 1 = prdM: Pressure, Strain Gauge [db]
# name 2 = tv290C: Temperature [ITS-90, deg C]
# name 3 = c0S/m: Conductivity [S/m]
# name 4 = flECO-AFL: Fluorescence, WET Labs ECO-AFL/FL [mg/m^3]
# name 5 = flECO-AFL1: Fluorescence, WET Labs ECO-AFL/FL, 2 [mg/m^3]
# name 6 = CStarAt0: Beam Attenuation, WET Labs C-Star [1/m]
# name 7 = par/sat/log: PAR/Logarithmic, Satlantic [umol photons/m^2/sec]
# name 8 = sbeox0V: Oxygen raw, SBE 43 [V]
# name 9 = sbeox0Mm/L: Oxygen, SBE 43 [umol/l]
# name 10 = sal00: Salinity, Practical [PSU]
# name 11 = sigma-é00: Density [sigma-theta, kg/m^3]
# name 12 = sbox0Mm/Kg: Oxygen, SBE 43 [umol/kg], WS = 2
# name 13 = depSM: Depth [salt water, m], lat = 5.51
# name 14 = potemp090C: Potential Temperature [ITS-90, deg C]
# name 15 = flag: flag
# span 0 =      0.000,    988.750       
# span 1 =     -0.056,     49.537       
# span 2 =    20.3079,    30.1953       
# span 3 =  -0.163806,   5.859566       
# span 4 =   -26.8607,    29.9382       
# span 5 = -1.950e+05, 40750.0000       
# span 6 =    -0.1104,    55.2620       
# span 7 = 1.8115e+01, 3.4716e+03       
# span 8 =     1.6264,     2.8041       
# span 9 =    100.339,    246.121       
# span 10 =     0.0000,    35.7946      
# span 11 =    -4.3990,    25.2751      
# span 12 =     98.895,    255.465      
# span 13 =     -0.056,     49.257      
# span 14 =    20.2986,    30.1953      
# span 15 = 0.0000e+00, 0.0000e+00      
# interval = seconds: 0.25
# start_time = Apr 17 2026 12:04:27 [Instrument's time stamp, header]
# bad_flag = -9.990e-29
*END*
[from data line 272]
     68.000     -0.042    29.8362   0.000846    -0.0147    60.0000     0.7572 6.1093e+02     2.7385    245.202     0.0148    -4.2905    246.227     -0.042    29.8362 -9.990e-29
     68.250     -0.044    29.8356   0.000819    -0.1028    10.0000     3.6453 6.1279e+02     2.7388    245.267     0.0148    -4.2904    246.271     -0.044    29.8356 -9.990e-29
     68.500     -0.045    29.8347   0.000825    -0.0661  -130.0000     3.6451 6.1252e+02     2.7388    245.261     0.0148    -4.2901    246.285     -0.045    29.8347 -9.990e-29
     68.750     -0.044    29.8339   0.000825    -0.0441   -20.0000     3.6466 6.1584e+02     2.7391    245.359     0.0148    -4.2899    246.345     -0.044    29.8339 -9.990e-29
     69.000     -0.044    29.8327   0.000813    -0.0220  -330.0000     0.2241 6.1651e+02     2.7384    245.281     0.0147    -4.2896    246.278     -0.044    29.8327 -9.990e-29
     69.250     -0.045    29.8317   0.000828     0.0220   250.0000     0.2237 6.1851e+02     2.7388    245.254     0.0148    -4.2892    246.322     -0.045    29.8317 -9.990e-29
     69.500     -0.042    29.8313   0.000825    -0.0514  -440.0000     0.2241 6.1891e+02     2.7389    245.359     0.0148    -4.2891    246.335     -0.042    29.8313 -9.990e-29
     69.750     -0.044    29.8307   0.000828    -0.0220   -20.0000    -0.1097 6.2079e+02     2.7393    245.275     0.0148    -4.2889    246.402     -0.044    29.8307 -9.990e-29
     70.000     -0.044    29.8299   0.000819    -0.0367  -110.0000    -0.1092 6.1678e+02     2.7388    245.259     0.0148    -4.2887    246.364     -0.044    29.8299 -9.990e-29
     70.250     -0.042    29.8290   0.000819    -0.0367    30.0000    -0.1089 6.1318e+02     2.7390    245.293     0.0148    -4.2884    246.369     -0.042    29.8290 -9.990e-29
     70.500     -0.042    29.8281   0.000825     0.0000   -50.0000    -0.1077 6.0961e+02     2.7390    245.245     0.0148    -4.2881    246.368     -0.042    29.8281 -9.990e-29
     70.750     -0.045    29.8274   0.000819    -0.0220  -110.0000    -0.1078 6.0554e+02     2.7398    245.341     0.0148    -4.2879    246.452     -0.045    29.8274 -9.990e-29
     71.000     -0.042    29.8264   0.000819     0.0073    10.0000    -0.1078 6.0006e+02     2.7395    245.268     0.0148    -4.2876    246.401     -0.042    29.8264 -9.990e-29
     71.250     -0.042    29.8259   0.000828    -0.0220  -190.0000     0.7023 6.0136e+02     2.7390    245.264     0.0148    -4.2875    246.319     -0.042    29.8259 -9.990e-29
     71.500     -0.040    29.8250   0.000834     0.0000   -50.0000     1.8535 5.9928e+02     2.7393    245.297     0.0148    -4.2872    246.355     -0.040    29.8250 -9.990e-29
     71.750     -0.044    29.8246   0.000828    -0.0147  -220.0000     1.8530 5.9928e+02     2.7392    245.308     0.0148    -4.2871    246.349     -0.044    29.8246 -9.990e-29
     72.000     -0.042    29.8234   0.000840     0.0073   140.0000     1.8528 5.9618e+02     2.7382    245.350     0.0148    -4.2867    246.272     -0.042    29.8234 -9.990e-29
     72.250     -0.044    29.8224   0.000834    -0.0735    10.0000     5.0447 5.9079e+02     2.7383    245.341     0.0148    -4.2864    246.303     -0.044    29.8224 -9.990e-29
     72.500     -0.042    29.8219   0.000825     0.0000   170.0000     5.0420 5.8166e+02     2.7390    245.353     0.0148    -4.2863    246.386     -0.042    29.8219 -9.990e-29
     72.750     -0.040    29.8214   0.000825    -0.0367   -20.0000     5.0415 5.7465e+02     2.7392    245.332     0.0148    -4.2861    246.443     -0.040    29.8214 -9.990e-29
     73.000     -0.042    29.8207   0.000825     0.0220    30.0000    -0.0625 5.7927e+02     2.7393    245.274     0.0148    -4.2859    246.465     -0.042    29.8207 -9.990e-29
     73.250     -0.042    29.8197   0.000825    -0.0073   -80.0000    -0.0625 5.8456e+02     2.7390    245.300     0.0148    -4.2856    246.425     -0.042    29.8197 -9.990e-29
     73.500     -0.044    29.8190   0.000813    -0.0367    30.0000    -0.0627 5.9219e+02     2.7390    245.281     0.0147    -4.2854    246.407     -0.044    29.8190 -9.990e-29
     73.750     -0.040    29.8184   0.000819    -0.0441  -130.0000     0.0205 5.8052e+02     2.7398    245.334     0.0148    -4.2852    246.475     -0.040    29.8184 -9.990e-29
     74.000     -0.042    29.8178   0.000828    -0.0514    10.0000     0.0204 5.9015e+02     2.7391    245.236     0.0148    -4.2850    246.385     -0.042    29.8178 -9.990e-29
     74.250     -0.042    29.8167   0.000825    -0.0441    10.0000     0.0204 5.9181e+02     2.7395    245.288     0.0148    -4.2847    246.424     -0.042    29.8167 -9.990e-29
     74.500     -0.038    29.8160   0.000828    -0.0294   140.0000     1.3233 5.8735e+02     2.7393    245.319     0.0148    -4.2845    246.405     -0.038    29.8160 -9.990e-29
     74.750     -0.044    29.8153   0.000828    -0.0294    10.0000     1.3241 5.8798e+02     2.7386    245.388     0.0148    -4.2843    246.342     -0.044    29.8153 -9.990e-29
     75.000     -0.042    29.8144   0.000828    -0.0147   -20.0000     1.3236 5.8887e+02     2.7386    245.347     0.0148    -4.2840    246.367     -0.042    29.8144 -9.990e-29
     75.250     -0.044    29.8138   0.000828    -0.0661    90.0000     4.8831 5.8709e+02     2.7385    245.362     0.0148    -4.2838    246.337     -0.044    29.8138 -9.990e-29
     75.500     -0.042    29.8130   0.000825     0.0000    90.0000     4.8822 5.8241e+02     2.7391    245.368     0.0148    -4.2836    246.433     -0.042    29.8130 -9.990e-29
     75.750     -0.044    29.8123   0.000834     0.0073    10.0000     4.8836 5.8519e+02     2.7396    245.472     0.0148    -4.2834    246.514     -0.044    29.8123 -9.990e-29
     76.000     -0.044    29.8116   0.000819    -0.0220   170.0000     0.8630 5.8052e+02     2.7391    245.457     0.0148    -4.2832    246.449     -0.044    29.8116 -9.990e-29
     76.250     -0.044    29.8109   0.000834    -0.0588  -220.0000     0.8625 5.7366e+02     2.7381    245.387     0.0148    -4.2830    246.315     -0.044    29.8109 -9.990e-29
     76.500     -0.046    29.8100   0.000828    -0.0220  -220.0000     0.8627 5.7940e+02     2.7393    245.419     0.0148    -4.2827    246.433     -0.046    29.8100 -9.990e-29
     76.750     -0.042    29.8092   0.000840    -0.0514  -130.0000    -0.0971 5.7990e+02     2.7393    245.407     0.0148    -4.2824    246.464     -0.042    29.8092 -9.990e-29
     77.000     -0.038    29.8085   0.000834    -0.0147  -160.0000    -0.0973 5.7440e+02     2.7388    245.270     0.0148    -4.2822    246.431     -0.038    29.8085 -9.990e-29
     77.250     -0.040    29.8074   0.000828     0.0147  -160.0000    -0.0979 5.7229e+02     2.7383    245.264     0.0148    -4.2819    246.408     -0.040    29.8074 -9.990e-29
     77.500     -0.042    29.8071   0.000828    -0.0220    90.0000    -0.1050 5.7242e+02     2.7386    245.342     0.0148    -4.2818    246.405     -0.042    29.8071 -9.990e-29
     77.750     -0.046    29.8062   0.000828    -0.0367  -190.0000    -0.1049 5.7465e+02     2.7398    245.376     0.0148    -4.2816    246.558     -0.046    29.8062 -9.990e-29
     78.000     -0.046    29.8055   0.000834    -0.0294   140.0000    -0.1047 5.8140e+02     2.7390    245.415     0.0148    -4.2813    246.480     -0.046    29.8055 -9.990e-29
     78.250     -0.042    29.8046   0.000828    -0.0073   140.0000    -0.1047 5.8216e+02     2.7398    245.399     0.0148    -4.2811    246.577     -0.042    29.8046 -9.990e-29
     78.500     -0.040    29.8040   0.000825    -0.0073  -160.0000     0.8232 5.8304e+02     2.7386    245.405     0.0148    -4.2809    246.431     -0.040    29.8040 -9.990e-29
     78.750     -0.042    29.8032   0.000828    -0.0220  -350.0000     0.8230 5.8494e+02     2.7394    245.535     0.0148    -4.2807    246.492     -0.042    29.8032 -9.990e-29
     79.000     -0.042    29.8023   0.000828    -0.0073    10.0000     0.8229 5.8544e+02     2.7391    245.472     0.0148    -4.2804    246.472     -0.042    29.8023 -9.990e-29
     79.250     -0.040    29.8019   0.000825    -0.0588  -110.0000     4.2093 5.8722e+02     2.7395    245.505     0.0148    -4.2803    246.508     -0.040    29.8019 -9.990e-29
     79.500     -0.044    29.8009   0.000828    -0.0441    90.0000     4.2097 5.8773e+02     2.7395    245.462     0.0148    -4.2800    246.524     -0.044    29.8009 -9.990e-29
     79.750     -0.042    29.8000   0.000828    -0.0808   230.0000     4.2092 5.8595e+02     2.7388    245.364     0.0148    -4.2797    246.428     -0.042    29.8000 -9.990e-29
     80.000     -0.042    29.7993   0.000825    -0.0220  -190.0000     0.8438 5.8329e+02     2.7390    245.354     0.0148    -4.2795    246.455     -0.042    29.7993 -9.990e-29
     80.250     -0.044    29.7982   0.000819    -0.0220   -50.0000     0.8437 5.7415e+02     2.7390    245.329     0.0148    -4.2792    246.467     -0.044    29.7982 -9.990e-29
     80.500     -0.042    29.7978   0.000825     0.0000   310.0000     0.8435 5.7615e+02     2.7389    245.409     0.0148    -4.2791    246.482     -0.042    29.7978 -9.990e-29
     80.750     -0.042    29.7970   0.000819    -0.0147  -220.0000    -0.1028 5.7341e+02     2.7388    245.475     0.0148    -4.2788    246.499     -0.042    29.7970 -9.990e-29
     81.000     -0.040    29.7966   0.000813     0.0073    10.0000    -0.1030 5.7168e+02     2.7388    245.438     0.0147    -4.2787    246.503     -0.040    29.7966 -9.990e-29
     81.250     -0.044    29.7958   0.000807    -0.0220   280.0000    -0.1026 5.7415e+02     2.7393    245.311     0.0147    -4.2785    246.547     -0.044    29.7958 -9.990e-29
     81.500     -0.044    29.7948   0.000807     0.0073   -20.0000    -0.1021 5.8317e+02     2.7395    245.474     0.0147    -4.2782    246.567     -0.044    29.7948 -9.990e-29
     81.750     -0.042    29.7942   0.000813    -0.0073    30.0000    -0.1026 5.8027e+02     2.7395    245.500     0.0147    -4.2780    246.556     -0.042    29.7942 -9.990e-29
     82.000     -0.042    29.7935   0.000819    -0.0367    10.0000    -0.1018 5.8040e+02     2.7395    245.433     0.0148    -4.2778    246.552     -0.042    29.7935 -9.990e-29
     82.250     -0.042    29.7927   0.000819     0.0147   250.0000     1.9983 5.8456e+02     2.7387    245.360     0.0148    -4.2775    246.448     -0.042    29.7927 -9.990e-29
     82.500     -0.040    29.7920   0.000828    -0.0514   140.0000     1.9980 5.8722e+02     2.7390    245.377     0.0148    -4.2773    246.476     -0.040    29.7920 -9.990e-29
     82.750     -0.042    29.7911   0.000834    -0.0147  -160.0000     1.9988 5.8811e+02     2.7388    245.545     0.0148    -4.2770    246.474     -0.042    29.7911 -9.990e-29
     83.000     -0.042    29.7903   0.000840    -0.0147    90.0000     5.4210 5.8811e+02     2.7392    245.475     0.0148    -4.2768    246.531     -0.042    29.7903 -9.990e-29
     83.250     -0.042    29.7898   0.000834     0.0073  -110.0000     5.4200 5.9117e+02     2.7388    245.589     0.0148    -4.2766    246.524     -0.042    29.7898 -9.990e-29
     83.500     -0.042    29.7886   0.000834     0.0147  -110.0000     5.4185 5.9463e+02     2.7386    245.428     0.0148    -4.2763    246.507     -0.042    29.7886 -9.990e-29
     83.750     -0.046    29.7881   0.000840     0.0000   140.0000     0.3263 5.9091e+02     2.7392    245.531     0.0148    -4.2761    246.568     -0.046    29.7881 -9.990e-29
     84.000     -0.042    29.7873   0.000819     0.0367    60.0000     0.3267 5.8595e+02     2.7388    245.520     0.0148    -4.2759    246.537     -0.042    29.7873 -9.990e-29
     84.250     -0.046    29.7867   0.000825    -0.0367   200.0000     0.3272 5.9309e+02     2.7397    245.558     0.0148    -4.2757    246.647     -0.046    29.7867 -9.990e-29
     84.500     -0.040    29.7858   0.000819    -0.0441  -330.0000     0.3269 5.9271e+02     2.7393    245.544     0.0148    -4.2755    246.595     -0.040    29.7858 -9.990e-29
     84.750     -0.040    29.7851   0.000819     0.0147    30.0000     0.6014 5.8608e+02     2.7388    245.440     0.0148    -4.2753    246.544     -0.040    29.7851 -9.990e-29
     85.000     -0.040    29.7842   0.000825    -0.0294  -350.0000     0.6014 5.8557e+02     2.7397    245.480     0.0148    -4.2750    246.652     -0.040    29.7842 -9.990e-29
     85.250     -0.044    29.7836   0.000828    -0.0220    60.0000     0.6010 5.8380e+02     2.7393    245.473     0.0148    -4.2748    246.604     -0.044    29.7836 -9.990e-29
     85.500     -0.039    29.7824   0.000834     0.0000   140.0000     0.9179 5.8027e+02     2.7391    245.481     0.0148    -4.2744    246.590     -0.039    29.7824 -9.990e-29
     85.750     -0.042    29.7819   0.000834     0.0147   120.0000     0.9176 5.7689e+02     2.7399    245.455     0.0148    -4.2743    246.652     -0.042    29.7819 -9.990e-29
     86.000     -0.046    29.7813   0.000834    -0.0514   140.0000     0.9174 5.8115e+02     2.7396    245.452     0.0148    -4.2741    246.585     -0.046    29.7813 -9.990e-29
     86.250     -0.039    29.7805   0.000834    -0.0147  -190.0000     4.8930 5.8317e+02     2.7398    245.523     0.0148    -4.2738    246.624     -0.039    29.7805 -9.990e-29
     86.500     -0.040    29.7796   0.000828    -0.0441    10.0000     4.8924 5.8494e+02     2.7393    245.576     0.0148    -4.2736    246.571     -0.040    29.7796 -9.990e-29
     86.750     -0.042    29.7791   0.000828    -0.0735  -350.0000     4.8922 5.8595e+02     2.7384    245.592     0.0148    -4.2734    246.464     -0.042    29.7791 -9.990e-29
     87.000     -0.042    29.7783   0.000825    -0.0073   -80.0000     1.3509 5.8684e+02     2.7385    245.607     0.0148    -4.2732    246.502     -0.042    29.7783 -9.990e-29
     87.250     -0.044    29.7775   0.000828    -0.0661   230.0000     1.3503 5.8532e+02     2.7393    245.501     0.0148    -4.2730    246.607     -0.044    29.7775 -9.990e-29
     87.500     -0.040    29.7768   0.000819     0.0073    90.0000     1.3513 5.8329e+02     2.7391    245.532     0.0148    -4.2728    246.603     -0.040    29.7768 -9.990e-29
     87.750     -0.042    29.7760   0.000828    -0.0441   -50.0000    -0.0942 5.8696e+02     2.7390    245.506     0.0148    -4.2725    246.611     -0.042    29.7760 -9.990e-29
     88.000     -0.042    29.7751   0.000825    -0.0073   200.0000    -0.0939 5.8393e+02     2.7393    245.546     0.0148    -4.2722    246.612     -0.042    29.7751 -9.990e-29
     88.250     -0.042    29.7744   0.000825     0.0220  -130.0000    -0.0939 5.8279e+02     2.7391    245.478     0.0148    -4.2720    246.593     -0.042    29.7744 -9.990e-29
     88.500     -0.041    29.7737   0.000813    -0.0588  -160.0000    -0.0969 5.7877e+02     2.7388    245.457     0.0147    -4.2718    246.552     -0.041    29.7737 -9.990e-29
     88.750     -0.041    29.7729   0.000828     0.0000  -190.0000    -0.0970 5.7565e+02     2.7392    245.545     0.0148    -4.2716    246.606     -0.041    29.7729 -9.990e-29
     89.000     -0.042    29.7719   0.000801    -0.0220  -220.0000    -0.0972 5.7366e+02     2.7382    245.504     0.0147    -4.2713    246.503     -0.042    29.7719 -9.990e-29
     89.250     -0.042    29.7711   0.000825    -0.0220    30.0000     2.2062 5.7366e+02     2.7395    245.644     0.0148    -4.2710    246.652     -0.042    29.7711 -9.990e-29
     89.500     -0.044    29.7705   0.000828    -0.0588    60.0000     2.2060 5.7552e+02     2.7383    245.606     0.0148    -4.2709    246.528     -0.044    29.7705 -9.990e-29
     89.750     -0.041    29.7696   0.000819    -0.0514    60.0000     2.2060 5.7615e+02     2.7390    245.552     0.0147    -4.2706    246.617     -0.041    29.7696 -9.990e-29
     90.000     -0.042    29.7690   0.000828    -0.0220  -190.0000     4.4296 5.7852e+02     2.7390    245.658     0.0148    -4.2704    246.637     -0.042    29.7690 -9.990e-29
