cruises/P45_06/L2/CTD/CTD_1m_down/P45_06_CTD_11_1m_down.cnv
* Sea-Bird SBE19plus  Data File:
* FileName = C:\Users\OA_2023-03\Desktop\Bathymetry\ctd_casts\S2_18_04_26001.hex
* Software version 2.3.0 SB_Terminal.dll
* Temperature SN = 8460
* Conductivity SN = 8460
* System UpLoad Time = Apr 18 2026 16:37:44
* <ApplicationData>
* <SeatermAF>
** cast at s3
# nquan = 17
# nvalues = 197                         
# units = specified
# name 0 = timeS: Time, Elapsed [seconds]
# name 1 = prdM: Pressure, Strain Gauge [db]
# name 2 = tv290C: Temperature [ITS-90, deg C]
# name 3 = c0S/m: Conductivity [S/m]
# name 4 = flECO-AFL: Fluorescence, WET Labs ECO-AFL/FL [mg/m^3]
# name 5 = flECO-AFL1: Fluorescence, WET Labs ECO-AFL/FL, 2 [mg/m^3]
# name 6 = CStarAt0: Beam Attenuation, WET Labs C-Star [1/m]
# name 7 = par/sat/log: PAR/Logarithmic, Satlantic [umol photons/m^2/sec]
# name 8 = sbeox0V: Oxygen raw, SBE 43 [V]
# name 9 = sbeox0Mm/L: Oxygen, SBE 43 [umol/l]
# name 10 = sal00: Salinity, Practical [PSU]
# name 11 = sigma-é00: Density [sigma-theta, kg/m^3]
# name 12 = sbox0Mm/Kg: Oxygen, SBE 43 [umol/kg], WS = 2
# name 13 = depSM: Depth [salt water, m], lat = 5.51
# name 14 = potemp090C: Potential Temperature [ITS-90, deg C]
# name 15 = nbin: number of scans per bin
# name 16 = flag: flag
# span 0 =    282.886,    685.029       
# span 1 =      2.011,    199.200       
# span 2 =    14.0629,    29.8288       
# span 3 =   4.251699,   5.875941       
# span 4 =    -0.0207,     0.8236       
# span 5 =   -26.0687,   935.5407       
# span 6 =     0.0165,     0.1049       
# span 7 = 1.1798e-01, 8.3844e+02       
# span 8 =     1.0329,     2.6738       
# span 9 =     63.579,    212.737       
# span 10 =    35.2673,    35.8924      
# span 11 =    22.0824,    26.4891      
# span 12 =     62.304,    203.421      
# span 13 =      2.000,    198.000      
# span 14 =    14.0339,    29.8283      
# span 15 =          3,         13      
# span 16 = 0.0000e+00, 0.0000e+00      
# interval = meters: 1                  
# start_time = Apr 18 2026 13:32:54 [Instrument's time stamp, header]
# bad_flag = -9.990e-29
*END*
    282.886      2.011    29.8288   5.875941     0.0042    32.9920     0.0714 6.9553e+02     2.5932    189.330    35.3970    22.0824    184.984      2.000    29.8283          3 0.0000e+00
    293.737      3.017    29.7850   5.870643     0.0144    12.5876     0.0723 7.3419e+02     2.5998    190.347    35.3928    22.0943    185.372      3.000    29.7842          5 0.0000e+00
    315.094      4.022    29.6933   5.859808     0.0166    65.6047     0.0734 8.3844e+02     2.6152    190.483    35.3860    22.1204    187.129      4.000    29.6924          4 0.0000e+00
    315.695      5.028    29.6039   5.850677     0.0184    98.3897     0.0721 5.8545e+02     2.6111    190.620    35.3892    22.1533    186.970      5.000    29.6026         10 0.0000e+00
    317.391      6.034    29.5375   5.843392     0.0739   117.6838     0.0765 5.8694e+02     2.6147    190.700    35.3880    22.1749    187.521      6.000    29.5361          4 0.0000e+00
    318.317      7.039    29.4919   5.838736     0.0337    96.3072     0.0748 6.0760e+02     2.6110    191.910    35.3894    22.1916    187.186      7.000    29.4902          4 0.0000e+00
    320.103      8.045    29.4619   5.836084     0.0238   171.3335     0.0747 4.6540e+02     2.6124    191.807    35.3931    22.2046    187.765      8.000    29.4600          8 0.0000e+00
    321.529      9.051    29.4376   5.833265     0.0534    19.5541     0.0769 5.0043e+02     2.6115    191.760    35.3914    22.2116    187.458      9.000    29.4354          5 0.0000e+00
    323.021     10.056    29.4296   5.832668     0.0248   190.8669     0.0750 4.8265e+02     2.6132    192.002    35.3929    22.2155    188.186     10.000    29.4271          7 0.0000e+00
    324.482     11.061    29.4220   5.831814     0.0416    66.1231     0.0773 4.6000e+02     2.6220    191.549    35.3924    22.2178    188.788     11.000    29.4193          4 0.0000e+00
    325.806     12.067    29.4179   5.831507     0.0386   115.6202     0.0746 4.3175e+02     2.6167    192.051    35.3930    22.2197    188.091     12.000    29.4150          9 0.0000e+00
    328.026     13.073    29.4116   5.830734     0.0297    71.1913     0.0743 3.4697e+02     2.6158    191.785    35.3921    22.2212    188.410     13.000    29.4084          5 0.0000e+00
    328.750     14.079    29.4019   5.829478     0.0269   133.3168     0.0747 3.0723e+02     2.6201    192.959    35.3904    22.2233    188.788     14.000    29.3984          3 0.0000e+00
    330.726     15.084    29.3974   5.829124     0.1036    84.7757     0.0718 3.0619e+02     2.6179    192.575    35.3910    22.2253    188.626     15.000    29.3937          7 0.0000e+00
    332.412     16.090    29.3865   5.827790     0.0336   189.5368     0.0740 3.5475e+02     2.6250    192.431    35.3896    22.2281    189.124     16.000    29.3825          4 0.0000e+00
    333.411     17.095    29.3673   5.825371     0.0311   120.1774     0.0783 3.1894e+02     2.6109    192.940    35.3869    22.2326    183.725     17.000    29.3631          4 0.0000e+00
    335.286     18.101    29.3491   5.823170     0.0348    94.6516     0.0741 3.3824e+02     2.5442    192.752    35.3849    22.2373    183.575     18.000    29.3447         10 0.0000e+00
    336.855     19.107    29.3302   5.821188     0.0395   110.8401     0.0731 2.2171e+02     2.6143    193.264    35.3850    22.2439    188.349     19.000    29.3256          3 0.0000e+00
    337.742     20.113    29.2825   5.814253     0.0426   117.9389     0.0737 4.3471e+01     2.5699    194.252    35.3723    22.2504    180.969     20.000    29.2776          5 0.0000e+00
    339.311     21.118    29.2612   5.812341     0.0465   126.5460     0.0722 1.5324e+02     2.5444    190.819    35.3747    22.2595    182.430     21.000    29.2560          3 0.0000e+00
    341.522     22.124    29.2134   5.806190     0.0400   162.4010     0.0743 5.7228e+01     2.6028    196.485    35.3675    22.2702    188.913     22.000    29.2080          4 0.0000e+00
    343.093     23.130    29.1459   5.799463     0.0382   150.0392     0.0736 1.1933e+02     2.6100    190.799    35.3707    22.2955    189.142     23.000    29.1403          5 0.0000e+00
    344.947     24.135    29.0574   5.785951     0.0415   153.2401     0.0757 1.2868e+02     2.6229    190.017    35.3429    22.3043    190.333     24.000    29.0516          3 0.0000e+00
    346.403     25.141    28.9823   5.778047     0.0426   186.0809     0.0778 1.2878e+02     2.6315    194.114    35.3437    22.3301    191.578     25.000    28.9762          5 0.0000e+00
    349.013     26.147    28.7940   5.753943     0.0662   126.3692     0.0805 8.8825e+01     2.6713    195.742    35.3164    22.3726    196.112     26.000    28.7877          3 0.0000e+00
    350.047     27.152    28.4046   5.710276     0.0771   181.5193     0.0845 1.3370e+01     2.6738    197.171    35.3025    22.4912    197.250     27.000    28.3981          4 0.0000e+00
    351.439     28.158    27.8380   5.644804     0.0884   203.2482     0.0856 1.4895e+02     2.6651    199.133    35.2673    22.6506    197.977     28.000    27.8314          9 0.0000e+00
    353.334     29.164    27.4744   5.617165     0.1127   210.2659     0.0902 1.3762e+02     2.6626    205.921    35.3456    22.8278    199.309     29.000    27.4676          5 0.0000e+00
    354.247     30.169    27.1184   5.587381     0.1248   123.6093     0.0952 8.9078e+01     2.6591    206.832    35.4035    22.9860    200.039     30.000    27.1114          3 0.0000e+00
    355.690     31.175    26.8196   5.562075     0.1202   205.0856     0.0918 1.1767e+02     2.6583    206.912    35.4500    23.1166    201.286     31.000    26.8125          5 0.0000e+00
    358.257     32.181    26.6124   5.543515     0.1293   222.0540     0.0907 8.2964e+01     2.6564    206.623    35.4749    23.2013    201.351     32.000    26.6051          5 0.0000e+00
    360.862     33.187    26.3229   5.520443     0.1433   228.3852     0.0927 1.1247e+02     2.6554    208.202    35.5307    23.3349    202.028     33.000    26.3155          4 0.0000e+00
    362.025     34.193    26.0040   5.488878     0.1500   230.0410     0.0928 3.4172e+01     2.6500    209.497    35.5479    23.4479    202.623     34.000    25.9963          5 0.0000e+00
    364.573     35.198    25.6251   5.456050     0.1791   221.5991     0.0945 9.0210e+01     2.6449    210.413    35.6023    23.6068    203.235     35.000    25.6173          5 0.0000e+00
    365.819     36.204    25.2357   5.415239     0.1799   232.0887     0.0955 4.6464e+01     2.6323    211.447    35.6060    23.7297    202.691     36.000    25.2278          4 0.0000e+00
    367.952     37.209    24.9789   5.395298     0.1905   245.2375     0.0961 8.8728e+01     2.6200    210.672    35.6600    23.8491    203.378     37.000    24.9708          5 0.0000e+00
    369.423     38.215    24.6618   5.361035     0.1797   245.0297     0.0985 2.4985e+01     2.6157    212.504    35.6550    23.9415    203.421     38.000    24.6536          4 0.0000e+00
    371.324     39.221    24.2960   5.325962     0.1703   258.1608     0.0985 3.7282e+01     2.5978    212.016    35.6821    24.0720    202.415     39.000    24.2877          5 0.0000e+00
    373.510     40.227    23.9984   5.297588     0.1865   224.2578     0.0871 3.6653e+01     2.5647    212.737    35.7053    24.1784    198.524     40.000    23.9899          4 0.0000e+00
    376.636     41.233    23.4905   5.245700     0.2017   277.5697     0.0863 3.0523e+01     2.5186    212.338    35.7181    24.3379    196.986     41.000    23.4819          5 0.0000e+00
    378.620     42.238    23.1814   5.220203     0.2247   208.0992     0.0854 2.5979e+01     2.4812    208.866    35.7725    24.4695    194.016     42.000    23.1727          4 0.0000e+00
    381.020     43.244    23.0356   5.205385     0.2103   292.3638     0.0820 2.3534e+01     2.4478    204.407    35.7764    24.5149    192.392     43.000    23.0267          4 0.0000e+00
    381.943     44.250    22.8242   5.184593     0.2408   291.7705     0.0841 3.3803e+01     2.4329    205.183    35.7874    24.5843    190.715     44.000    22.8152          5 0.0000e+00
    383.847     45.256    22.5703   5.159906     0.2682   320.3803     0.0808 4.7968e+01     2.3926    199.841    35.8028    24.6688    187.470     45.000    22.5612          9 0.0000e+00
    385.836     46.262    22.3448   5.138094     0.2621   352.8235     0.0833 4.0692e+01     2.3629    199.583    35.8173    24.7441    185.005     46.000    22.3356          7 0.0000e+00
    387.565     47.267    22.1805   5.122258     0.3055   332.2756     0.0845 3.9901e+01     2.3007    196.277    35.8281    24.7989    177.339     47.000    22.1711         10 0.0000e+00
    389.837     48.273    22.0509   5.110159     0.3267   361.4454     0.0810 3.3996e+01     2.2284    191.971    35.8396    24.8443    171.607     48.000    22.0413          5 0.0000e+00
    391.028     49.279    21.7825   5.081476     0.4343   478.6088     0.0836 3.0756e+01     2.1905    191.804    35.8350    24.9162    166.993     49.000    21.7728          5 0.0000e+00
    392.436     50.285    21.5576   5.059388     0.5549   695.0041     0.0841 3.1303e+01     2.1434    184.781    35.8463    24.9874    164.344     50.000    21.5478          8 0.0000e+00
    394.355     51.290    21.3899   5.043417     0.7045   820.3288     0.0863 2.7821e+01     2.1108    176.759    35.8585    25.0432    163.596     51.000    21.3800          4 0.0000e+00
    395.246     52.297    21.1989   5.021630     0.8236   935.5407     0.0980 1.8102e+01     2.1033    177.249    35.8436    25.0845    163.500     52.000    21.1888          5 0.0000e+00
    397.648     53.302    21.0831   5.011182     0.7188   833.5584     0.1049 2.3319e+01     2.0989    167.853    35.8564    25.1262    163.727     53.000    21.0728          6 0.0000e+00
    399.110     54.308    21.0142   5.004536     0.6894   753.5986     0.1001 1.9808e+01     2.0799    168.037    35.8604    25.1481    160.739     54.000    21.0038          6 0.0000e+00
    401.954     55.314    20.9045   4.994412     0.6368   785.4122     0.0961 1.7555e+01     2.0456    168.411    35.8708    25.1859    158.441     55.000    20.8939          5 0.0000e+00
    403.192     56.320    20.8082   4.984242     0.6285   722.6702     0.0932 1.7263e+01     2.0317    167.949    35.8694    25.2111    156.297     56.000    20.7975          9 0.0000e+00
    405.400     57.326    20.7455   4.978373     0.5796   640.7550     0.0943 1.6562e+01     1.9893    163.047    35.8744    25.2320    150.844     57.000    20.7346          6 0.0000e+00
    406.692     58.331    20.6982   4.973637     0.5396   634.6419     0.0881 1.4041e+01     1.9559    162.974    35.8757    25.2458    146.389     58.000    20.6871          4 0.0000e+00
    407.845     59.337    20.5060   4.954746     0.5292   530.9072     0.0802 1.3651e+01     1.9153    162.522    35.8844    25.3044    142.588     59.000    20.4948          6 0.0000e+00
    409.647     60.343    20.2824   4.932496     0.4590   509.9011     0.0806 1.3899e+01     1.8665    158.721    35.8924    25.3705    139.166     60.000    20.2711          7 0.0000e+00
    411.008     61.349    20.1021   4.912394     0.4220   392.5887     0.0745 1.2139e+01     1.8380    154.931    35.8809    25.4099    136.949     61.000    20.0906          6 0.0000e+00
    412.786     62.355    19.9671   4.898776     0.4669   344.8806     0.0706 1.1761e+01     1.7998    147.821    35.8839    25.4479    133.202     62.000    19.9555          7 0.0000e+00
    414.467     63.361    19.8691   4.888577     0.3242   325.5913     0.0675 1.0062e+01     1.7686    143.472    35.8832    25.4734    130.799     63.000    19.8574          6 0.0000e+00
    416.136     64.367    19.7874   4.879410     0.3436   362.1559     0.0637 9.2388e+00     1.7476    140.669    35.8771    25.4902    129.824     64.000    19.7756          9 0.0000e+00
    418.061     65.373    19.7183   4.871837     0.3452   392.9671     0.0634 7.2581e+00     1.7373    136.473    35.8734    25.5056    129.579     65.000    19.7063          5 0.0000e+00
    419.541     66.379    19.6701   4.866674     0.3198   324.5878     0.0568 5.9336e+00     1.7323    134.301    35.8716    25.5169    129.513     66.000    19.6579          5 0.0000e+00
    422.079     67.384    19.6214   4.861583     0.3105   339.6734     0.0557 3.0592e+00     1.7355    132.825    35.8708    25.5291    130.815     67.000    19.6090          4 0.0000e+00
    423.371     68.390    19.5808   4.857956     0.2934   270.4202     0.0521 3.4696e+00     1.7328    133.087    35.8752    25.5432    129.232     68.000    19.5683          5 0.0000e+00
    425.656     69.396    19.5113   4.851400     0.2372   350.8092     0.0515 3.4679e+00     1.7115    132.838    35.8801    25.5651    127.170     69.000    19.4987          4 0.0000e+00
    426.530     70.402    19.4173   4.841448     0.2182   272.2200     0.0496 3.3631e+00     1.7102    133.596    35.8778    25.5878    127.737     70.000    19.4045          5 0.0000e+00
    428.210     71.408    19.3250   4.831756     0.2330   297.2579     0.0469 3.7777e+00     1.7090    134.374    35.8763    25.6107    128.189     71.000    19.3120          6 0.0000e+00
    430.955     72.414    19.2879   4.828061     0.2061   278.2936     0.0439 3.2265e+00     1.7086    130.791    35.8771    25.6209    127.704     72.000    19.2748          5 0.0000e+00
    434.194     73.420    19.2657   4.825889     0.2149   280.0945     0.0425 3.6511e+00     1.6176    131.703    35.8777    25.6272    112.002     73.000    19.2525          5 0.0000e+00
    436.020     74.426    19.1767   4.816236     0.1965   269.3213     0.0415 4.8289e+00     1.5494    131.507    35.8734    25.6469    107.264     74.000    19.1633          8 0.0000e+00
    437.605     75.432    18.9677   4.792633     0.1765   218.1697     0.0413 4.1338e+00     1.5196    129.062    35.8560    25.6874    106.624     75.000    18.9542          4 0.0000e+00
    438.762     76.438    18.8458   4.780475     0.1600   252.3601     0.0397 4.1214e+00     1.5047    121.619    35.8590    25.7208    104.974     76.000    18.8322          5 0.0000e+00
    440.620     77.444    18.7835   4.774677     0.1733   247.0138     0.0385 4.5647e+00     1.4789    109.360    35.8639    25.7405    102.866     77.000    18.7697         10 0.0000e+00
    442.495     78.449    18.6901   4.764479     0.1588   242.1914     0.0392 3.3502e+00     1.4648    108.612    35.8585    25.7602    102.451     78.000    18.6763          4 0.0000e+00
    444.342     79.456    18.5533   4.749607     0.1533   204.5954     0.0362 3.9640e+00     1.4590    107.407    35.8514    25.7894    102.458     79.000    18.5393         11 0.0000e+00
    446.444     80.461    18.5164   4.745777     0.1323   237.8652     0.0347 3.2828e+00     1.4542    105.281    35.8507    25.7982    102.149     80.000    18.5023          6 0.0000e+00
    449.643     81.467    18.4919   4.743098     0.1488   232.4419     0.0345 2.6707e+00     1.4549    105.123    35.8490    25.8031    104.334     81.000    18.4776          4 0.0000e+00
    451.439     82.474    18.4550   4.738922     0.1499   230.9454     0.0336 3.3096e+00     1.4669    104.801    35.8453    25.8096    103.946     82.000    18.4406         10 0.0000e+00
    453.318     83.479    18.3912   4.732296     0.1529   220.3114     0.0342 2.9214e+00     1.4644    103.948    35.8443    25.8250    104.262     83.000    18.3766          6 0.0000e+00
    454.656     84.485    18.3133   4.724150     0.1222   250.7531     0.0344 2.5803e+00     1.4698    105.877    35.8427    25.8433    104.784     84.000    18.2986          4 0.0000e+00
    455.960     85.491    18.2299   4.714774     0.1181   217.7471     0.0337 2.6852e+00     1.4659    108.334    35.8353    25.8585    103.802     85.000    18.2150          8 0.0000e+00
    458.149     86.498    18.1748   4.709374     0.1133   232.5476     0.0325 2.5470e+00     1.4603    105.813    35.8371    25.8737    103.741     86.000    18.1598          6 0.0000e+00
