cruises/P45_06/L2/CTD/CTD_1m_down/P45_06_CTD_11_1m_down.cnv
* Sea-Bird SBE19plus  Data File:
* FileName = C:\Users\OA_2023-03\Desktop\Bathymetry\ctd_casts\S2_18_04_26001.hex
* Software version 2.3.0 SB_Terminal.dll
* Temperature SN = 8460
* Conductivity SN = 8460
* System UpLoad Time = Apr 18 2026 16:37:44
* <ApplicationData>
* <SeatermAF>
** cast at s3
# nquan = 17
# nvalues = 197                         
# units = specified
# name 0 = timeS: Time, Elapsed [seconds]
# name 1 = prdM: Pressure, Strain Gauge [db]
# name 2 = tv290C: Temperature [ITS-90, deg C]
# name 3 = c0S/m: Conductivity [S/m]
# name 4 = flECO-AFL: Fluorescence, WET Labs ECO-AFL/FL [mg/m^3]
# name 5 = flECO-AFL1: Fluorescence, WET Labs ECO-AFL/FL, 2 [mg/m^3]
# name 6 = CStarAt0: Beam Attenuation, WET Labs C-Star [1/m]
# name 7 = par/sat/log: PAR/Logarithmic, Satlantic [umol photons/m^2/sec]
# name 8 = sbeox0V: Oxygen raw, SBE 43 [V]
# name 9 = sbeox0Mm/L: Oxygen, SBE 43 [umol/l]
# name 10 = sal00: Salinity, Practical [PSU]
# name 11 = sigma-é00: Density [sigma-theta, kg/m^3]
# name 12 = sbox0Mm/Kg: Oxygen, SBE 43 [umol/kg], WS = 2
# name 13 = depSM: Depth [salt water, m], lat = 5.51
# name 14 = potemp090C: Potential Temperature [ITS-90, deg C]
# name 15 = nbin: number of scans per bin
# name 16 = flag: flag
# span 0 =    282.886,    685.029       
# span 1 =      2.011,    199.200       
# span 2 =    14.0629,    29.8288       
# span 3 =   4.251699,   5.875941       
# span 4 =    -0.0207,     0.8236       
# span 5 =   -26.0687,   935.5407       
# span 6 =     0.0165,     0.1049       
# span 7 = 1.1798e-01, 8.3844e+02       
# span 8 =     1.0329,     2.6738       
# span 9 =     63.579,    212.737       
# span 10 =    35.2673,    35.8924      
# span 11 =    22.0824,    26.4891      
# span 12 =     62.304,    203.421      
# span 13 =      2.000,    198.000      
# span 14 =    14.0339,    29.8283      
# span 15 =          3,         13      
# span 16 = 0.0000e+00, 0.0000e+00      
# interval = meters: 1                  
# start_time = Apr 18 2026 13:32:54 [Instrument's time stamp, header]
# bad_flag = -9.990e-29
*END*
[from data line 86]
    462.055     88.510    18.0866   4.699531     0.0875   202.9666     0.0321 1.5792e+00     1.4582    107.254    35.8295    25.8899    103.833     88.000    18.0713          5 0.0000e+00
    465.660     89.516    18.0265   4.693027     0.0819   233.6537     0.0320 1.5911e+00     1.4614    106.515    35.8260    25.9022    104.205     89.000    18.0111          5 0.0000e+00
    467.359     90.521    18.0043   4.690581     0.0864   179.8614     0.0321 1.4681e+00     1.4588    106.666    35.8242    25.9063    103.334     90.000    17.9887          5 0.0000e+00
    470.152     91.527    17.9823   4.688164     0.0853   179.8577     0.0304 1.6524e+00     1.4403    107.388    35.8224    25.9104    101.210     91.000    17.9666          5 0.0000e+00
    471.336     92.534    17.9741   4.687455     0.0845   182.4132     0.0333 1.6616e+00     1.4352    107.364    35.8231    25.9131    100.937     92.000    17.9582          4 0.0000e+00
    472.582     93.540    17.9624   4.686449     0.0648   177.6729     0.0313 1.6256e+00     1.4319    106.480    35.8244    25.9170    100.890     93.000    17.9463          5 0.0000e+00
    473.866     94.545    17.9399   4.683926     0.0807   148.5224     0.0308 1.5611e+00     1.4302    104.921    35.8221    25.9208    100.734     94.000    17.9237          6 0.0000e+00
    476.297     95.552    17.9062   4.680212     0.0933   165.3796     0.0308 1.5896e+00     1.4259    103.362    35.8194    25.9271    100.414     95.000    17.8898         12 0.0000e+00
    479.327     96.558    17.8447   4.673307     0.0802   151.3927     0.0298 1.4346e+00     1.4210    103.380    35.8138    25.9380     99.972     96.000    17.8281         10 0.0000e+00
    481.754     97.564    17.7798   4.666144     0.0798   176.8898     0.0300 1.3668e+00     1.4172    103.141    35.8088    25.9502     99.668     97.000    17.7632          7 0.0000e+00
    483.661     98.570    17.7262   4.660045     0.0761   164.0770     0.0294 9.5347e-01     1.4140    102.871    35.8030    25.9590     99.530     98.000    17.7095          3 0.0000e+00
    485.380     99.576    17.6941   4.657141     0.0722   163.3333     0.0284 1.1132e+00     1.4128    102.694    35.8059    25.9691     99.408     99.000    17.6771          6 0.0000e+00
    486.951    100.582    17.6378   4.650452     0.0829    82.5240     0.0278 6.7052e-01     1.4094    102.463    35.7974    25.9764     98.849    100.000    17.6207          3 0.0000e+00
    488.338    101.588    17.5636   4.642124     0.0698   151.8550     0.0280 9.0037e-01     1.4022    102.555    35.7905    25.9893     97.759    101.000    17.5463          6 0.0000e+00
    490.599    102.594    17.4827   4.633412     0.0849   149.2138     0.0281 1.0107e+00     1.3861    102.457    35.7862    26.0056     96.189    102.000    17.4653          7 0.0000e+00
    492.919    103.600    17.3831   4.622335     0.0661   100.1248     0.0274 9.9209e-01     1.3786    101.381    35.7777    26.0234     96.313    103.000    17.3656          8 0.0000e+00
    495.499    104.606    17.3580   4.619989     0.0662   150.2514     0.0266 7.3441e-01     1.3790     98.524    35.7791    26.0306     96.804    104.000    17.3404          4 0.0000e+00
    497.341    105.612    17.3408   4.618685     0.0633   140.7490     0.0264 7.6594e-01     1.3801     98.599    35.7826    26.0374     96.732    105.000    17.3230          5 0.0000e+00
    499.408    106.618    17.2659   4.609117     0.0427   124.2443     0.0319 4.5543e-01     1.3790     99.024    35.7653    26.0423     96.410    106.000    17.2481          4 0.0000e+00
    501.409    107.624    17.2258   4.605416     0.0526    77.2955     0.0269 6.9909e-01     1.3759     99.431    35.7683    26.0543     96.534    107.000    17.2078          4 0.0000e+00
    503.172    108.631    17.1719   4.599057     0.0533    46.0217     0.0263 2.5869e-01     1.3777     99.839    35.7602    26.0611     97.846    108.000    17.1538          4 0.0000e+00
    505.103    109.637    17.1143   4.593170     0.0584   127.7437     0.0257 5.5906e-01     1.3887     99.453    35.7595    26.0744     99.067    109.000    17.0961          4 0.0000e+00
    506.989    110.643    17.0200   4.581757     0.0486    95.5897     0.0273 5.4095e-01     1.3948     99.237    35.7431    26.0844     99.442    110.000    17.0016          4 0.0000e+00
    510.040    111.649    16.9442   4.574231     0.0491    62.9047     0.0250 5.9422e-01     1.4001    102.473    35.7441    26.1033    100.064    111.000    16.9258          6 0.0000e+00
    511.979    112.655    16.9076   4.570110     0.0322    80.7467     0.0242 6.2811e-01     1.4022    102.490    35.7402    26.1091    100.351    112.000    16.8890          7 0.0000e+00
    514.552    113.661    16.8956   4.568839     0.0387   101.4093     0.0241 6.1573e-01     1.4044    102.907    35.7393    26.1112    100.537    113.000    16.8769         10 0.0000e+00
    516.677    114.667    16.8837   4.567562     0.0333   154.5416     0.0257 5.4197e-01     1.4028    103.040    35.7383    26.1133     99.733    114.000    16.8649          5 0.0000e+00
    517.595    115.673    16.8681   4.565707     0.0366   150.0000     0.0242 3.8480e-01     1.3974    103.132    35.7355    26.1150     98.454    115.000    16.8491          4 0.0000e+00
    518.872    116.679    16.8566   4.564566     0.0320   134.4568     0.0238 5.1579e-01     1.3891    103.303    35.7353    26.1176     98.584    116.000    16.8374          7 0.0000e+00
    520.784    117.686    16.8266   4.561228     0.0283    96.4554     0.0242 5.0040e-01     1.3981    103.331    35.7324    26.1225    101.386    117.000    16.8073          7 0.0000e+00
    522.268    118.692    16.7477   4.552098     0.0385    20.3957     0.0283 4.6129e-01     1.4099    102.366    35.7220    26.1332    102.857    118.000    16.7283          6 0.0000e+00
    524.592    119.698    16.6951   4.546669     0.0324    50.5638     0.0232 4.7803e-01     1.4255    101.319    35.7207    26.1447    104.295    119.000    16.6755         11 0.0000e+00
    526.829    120.704    16.6859   4.545669     0.0255   130.5881     0.0217 4.4320e-01     1.4335    105.175    35.7197    26.1461    104.800    120.000    16.6662          8 0.0000e+00
    529.309    121.710    16.6805   4.545108     0.0078    44.7926     0.0224 3.7355e-01     1.4380    107.397    35.7192    26.1470    104.953    121.000    16.6606          4 0.0000e+00
    530.401    122.716    16.6777   4.544831     0.0221    -8.1591     0.0220 3.7458e-01     1.4381    107.548    35.7189    26.1475    104.918    122.000    16.6576          7 0.0000e+00
    532.549    123.723    16.6783   4.544915     0.0255    82.4746     0.0203 3.8576e-01     1.4367    107.972    35.7187    26.1473    104.459    123.000    16.6581          7 0.0000e+00
    534.029    124.729    16.6760   4.544677     0.0252    11.9293     0.0204 3.4995e-01     1.4352    107.844    35.7182    26.1475    104.366    124.000    16.6556          7 0.0000e+00
    535.462    125.735    16.6706   4.544043     0.0264    52.9683     0.0215 3.3692e-01     1.4317    107.759    35.7170    26.1479    103.413    125.000    16.6501          5 0.0000e+00
    537.284    126.741    16.6624   4.543174     0.0176    23.5276     0.0217 3.3749e-01     1.4209    107.495    35.7163    26.1493    101.757    126.000    16.6417          8 0.0000e+00
    538.823    127.747    16.6346   4.539928     0.0160   -23.4678     0.0229 2.9923e-01     1.4076    107.259    35.7121    26.1527     99.818    127.000    16.6137          6 0.0000e+00
    540.591    128.754    16.6000   4.536149     0.0210    58.3401     0.0231 3.0443e-01     1.3923    106.562    35.7092    26.1586     98.691    128.000    16.5791          8 0.0000e+00
    542.969    129.760    16.5554   4.531065     0.0228    38.1187     0.0219 2.8392e-01     1.3806    104.099    35.7037    26.1649     97.854    129.000    16.5343         10 0.0000e+00
    544.878    130.766    16.5355   4.529003     0.0159    13.3004     0.0218 2.2979e-01     1.3725    101.454    35.7029    26.1690     97.054    130.000    16.5143          6 0.0000e+00
    546.372    131.772    16.5271   4.528117     0.0061    96.4867     0.0217 2.4868e-01     1.3652    100.810    35.7022    26.1705     96.239    131.000    16.5057          6 0.0000e+00
    549.003    132.778    16.5105   4.526292     0.0159    32.2069     0.0227 2.6848e-01     1.3757    100.076    35.7005    26.1731     99.983    132.000    16.4890         11 0.0000e+00
    550.265    133.784    16.4613   4.520412     0.0147    70.2155     0.0217 1.2464e-01     1.3849     99.605    35.6921    26.1782    100.323    133.000    16.4396          3 0.0000e+00
    551.202    134.791    16.4245   4.516699     0.0133    28.1150     0.0221 1.5166e-01     1.3899     99.030    35.6917    26.1865    100.858    134.000    16.4027          5 0.0000e+00
    553.842    135.797    16.3910   4.512481     0.0147    -4.4122     0.0218 1.2728e-01     1.3949    103.286    35.6839    26.1884    100.801    135.000    16.3690          3 0.0000e+00
    555.244    136.803    16.3695   4.510863     0.0176    53.7680     0.0213 1.2641e-01     1.3942    103.527    35.6884    26.1969    100.643    136.000    16.3474          5 0.0000e+00
    558.348    137.809    16.3331   4.506454     0.0036    65.4372     0.0211 1.4694e-01     1.3904    103.632    35.6815    26.2000     99.812    137.000    16.3109          5 0.0000e+00
    561.105    138.816    16.3063   4.503789     0.0016    53.9606     0.0208 1.6043e-01     1.3813    103.498    35.6815    26.2063     98.739    138.000    16.2839          9 0.0000e+00
    562.783    139.822    16.2784   4.500606     0.0117    37.5430     0.0211 1.4157e-01     1.3739    102.981    35.6778    26.2100     97.615    139.000    16.2559          6 0.0000e+00
    564.692    140.828    16.2648   4.499184    -0.0108     8.4412     0.0203 1.3033e-01     1.3649    102.006    35.6769    26.2126     96.797    140.000    16.2421          7 0.0000e+00
    565.794    141.835    16.2406   4.496564     0.0444    33.6041     0.0202 1.1885e-01     1.3607    101.476    35.6749    26.2167     96.533    141.000    16.2178          4 0.0000e+00
    567.123    142.841    16.1938   4.490983     0.0103    48.5253     0.0197 1.1937e-01     1.3574    101.065    35.6669    26.2213     96.377    142.000    16.1709          8 0.0000e+00
    569.558    143.847    16.1572   4.487072    -0.0020    70.9878     0.0194 1.1994e-01     1.3502     99.567    35.6644    26.2279     95.409    143.000    16.1342          7 0.0000e+00
    572.221    144.853    16.1340   4.484328    -0.0139    49.1844     0.0195 1.1897e-01     1.3379     98.961    35.6604    26.2302     93.416    144.000    16.1109          6 0.0000e+00
    573.935    145.860    16.1174   4.482535    -0.0029     0.6718     0.0195 1.1810e-01     1.3254     98.464    35.6589    26.2329     92.272    145.000    16.0942          9 0.0000e+00
    575.909    146.866    16.0821   4.478551    -0.0110   154.9724     0.0194 1.1802e-01     1.3165     97.444    35.6547    26.2379     91.520    146.000    16.0587          5 0.0000e+00
    577.593    147.872    16.0314   4.472694    -0.0014    65.3542     0.0195 1.1805e-01     1.3069     95.928    35.6476    26.2442     90.442    147.000    16.0078          9 0.0000e+00
    579.677    148.878    15.9731   4.465991    -0.0076    83.1189     0.0197 1.1809e-01     1.2984     94.373    35.6396    26.2514     90.094    148.000    15.9495          4 0.0000e+00
    581.332    149.885    15.9287   4.461069    -0.0159    92.7412     0.0202 1.1802e-01     1.2957     93.876    35.6351    26.2581     89.961    149.000    15.9050         10 0.0000e+00
    584.481    150.891    15.9078   4.458786    -0.0159    33.0734     0.0194 1.1804e-01     1.2920     92.215    35.6332    26.2615     89.881    150.000    15.8839          6 0.0000e+00
    585.553    151.897    15.8971   4.457542    -0.0130   137.1949     0.0190 1.1805e-01     1.2922     92.418    35.6312    26.2625     89.933    151.000    15.8730          4 0.0000e+00
    587.524    152.904    15.8849   4.456203    -0.0095    89.1610     0.0209 1.1805e-01     1.2924     92.192    35.6298    26.2641     90.006    152.000    15.8608          6 0.0000e+00
    588.789    153.910    15.8739   4.455009     0.0103    79.6211     0.0194 1.1811e-01     1.2919     92.142    35.6286    26.2658     89.772    153.000    15.8496          3 0.0000e+00
    591.123    154.916    15.8643   4.453917    -0.0138    93.5588     0.0188 1.1798e-01     1.2896     92.355    35.6270    26.2668     89.524    154.000    15.8399          7 0.0000e+00
    593.640    155.923    15.8517   4.452508    -0.0098    57.0351     0.0189 1.1805e-01     1.2849     92.386    35.6254    26.2685     88.557    155.000    15.8270          6 0.0000e+00
    596.666    156.929    15.8307   4.450146    -0.0010    -0.5533     0.0196 1.1808e-01     1.2727     91.955    35.6227    26.2712     86.730    156.000    15.8060          4 0.0000e+00
    597.936    157.935    15.8028   4.446981    -0.0070    49.9731     0.0188 1.1805e-01     1.2619     91.558    35.6190    26.2748     85.335    157.000    15.7780          7 0.0000e+00
    600.069    158.942    15.7717   4.443510    -0.0198    18.4439     0.0187 1.1809e-01     1.2501     90.062    35.6155    26.2792     84.868    158.000    15.7466          4 0.0000e+00
    601.549    159.948    15.7266   4.438192    -0.0207    56.6623     0.0189 1.1805e-01     1.2466     89.196    35.6080    26.2837     84.563    159.000    15.7015          6 0.0000e+00
    603.855    160.954    15.6946   4.434778    -0.0075    47.6504     0.0191 1.1805e-01     1.2414     86.737    35.6057    26.2892     84.390    160.000    15.6694          4 0.0000e+00
    605.598    161.961    15.6691   4.431716    -0.0014    61.8367     0.0187 1.1807e-01     1.2403     86.757    35.6008    26.2913     84.282    161.000    15.6437          9 0.0000e+00
    608.516    162.967    15.6527   4.430011    -0.0192    -4.3929     0.0184 1.1809e-01     1.2377     86.341    35.5998    26.2942     83.952    162.000    15.6272          5 0.0000e+00
    609.806    163.974    15.6349   4.427948    -0.0089   131.2800     0.0184 1.1803e-01     1.2366     86.608    35.5969    26.2960     83.873    163.000    15.6093          7 0.0000e+00
    611.948    164.980    15.6172   4.426005    -0.0097    54.4076     0.0183 1.1808e-01     1.2342     86.460    35.5949    26.2986     83.569    164.000    15.5915          7 0.0000e+00
    613.578    165.986    15.6065   4.424830    -0.0187    88.7976     0.0178 1.1809e-01     1.2304     86.318    35.5936    26.3001     82.828    165.000    15.5806          9 0.0000e+00
    615.941    166.993    15.5835   4.422209    -0.0145   101.5630     0.0173 1.1808e-01     1.2227     86.040    35.5903    26.3027     82.124    166.000    15.5575          8 0.0000e+00
    617.706    167.999    15.5352   4.416704    -0.0113    88.5729     0.0173 1.1808e-01     1.2206     85.825    35.5839    26.3087     82.215    167.000    15.5091          5 0.0000e+00
    618.738    169.005    15.5109   4.414040    -0.0147    86.0376     0.0170 1.1805e-01     1.2188     85.373    35.5815    26.3124     81.856    168.000    15.4846          5 0.0000e+00
    621.288    170.012    15.5028   4.413296    -0.0105    65.1325     0.0168 1.1810e-01     1.2148     84.232    35.5816    26.3143     81.525    169.000    15.4764          4 0.0000e+00
    623.021    171.018    15.4924   4.411990    -0.0122    68.2924     0.0171 1.1804e-01     1.2132     84.219    35.5788    26.3145     81.368    170.000    15.4658          6 0.0000e+00
    625.285    172.025    15.4805   4.410581    -0.0022   -26.0687     0.0172 1.1811e-01     1.2103     83.855    35.5765    26.3154     80.984    171.000    15.4538          4 0.0000e+00
