cruises/P45_06/L2/CTD/CTD_1m_down/P45_06_CTD_04_1m_down.cnv
* Sea-Bird SBE19plus  Data File:
* FileName = C:\Users\OA_2023-03\Desktop\Bathymetry\ctd_casts\proble cast 2001.hex
* Software version 2.3.0 SB_Terminal.dll
* Temperature SN = 8460
* Conductivity SN = 8460
* System UpLoad Time = Apr 16 2026 17:48:13
* <ApplicationData>
* <SeatermAF>
# nquan = 17
# nvalues = 91                          
# units = specified
# name 0 = timeS: Time, Elapsed [seconds]
# name 1 = prdM: Pressure, Strain Gauge [db]
# name 2 = tv290C: Temperature [ITS-90, deg C]
# name 3 = c0S/m: Conductivity [S/m]
# name 4 = flECO-AFL: Fluorescence, WET Labs ECO-AFL/FL [mg/m^3]
# name 5 = flECO-AFL1: Fluorescence, WET Labs ECO-AFL/FL, 2 [mg/m^3]
# name 6 = CStarAt0: Beam Attenuation, WET Labs C-Star [1/m]
# name 7 = par/sat/log: PAR/Logarithmic, Satlantic [umol photons/m^2/sec]
# name 8 = sbeox0V: Oxygen raw, SBE 43 [V]
# name 9 = sbeox0Mm/L: Oxygen, SBE 43 [umol/l]
# name 10 = sal00: Salinity, Practical [PSU]
# name 11 = sigma-é00: Density [sigma-theta, kg/m^3]
# name 12 = sbox0Mm/Kg: Oxygen, SBE 43 [umol/kg], WS = 2
# name 13 = depSM: Depth [salt water, m], lat = 5.51
# name 14 = potemp090C: Potential Temperature [ITS-90, deg C]
# name 15 = nbin: number of scans per bin
# name 16 = flag: flag
# span 0 =    295.667,    479.824       
# span 1 =      2.011,     92.533       
# span 2 =    18.2976,    29.5504       
# span 3 =   4.699006,   5.821870       
# span 4 =     0.0215,     0.9420       
# span 5 =   -50.0280,  1065.4137       
# span 6 =     0.0593,     0.1528       
# span 7 = 1.2623e-01, 2.0870e+02       
# span 8 =     1.3960,     2.5938       
# span 9 =    102.607,    202.509       
# span 10 =    35.2276,    35.8535      
# span 11 =    22.0536,    25.8133      
# span 12 =     96.147,    195.101      
# span 13 =      2.000,     92.000      
# span 14 =    18.2819,    29.5497      
# span 15 =          3,         13      
# span 16 = 0.0000e+00, 0.0000e+00      
# interval = meters: 1                  
# start_time = Apr 16 2026 16:22:25 [Instrument's time stamp, header]
# bad_flag = -9.990e-29
*END*
    295.667      2.011    29.5412   5.820605     0.0215   -50.0280     0.0775 2.0870e+02     2.5271    183.578    35.2309    22.0555    179.875      2.000    29.5407          3 0.0000e+00
    298.756      3.017    29.5504   5.821870     0.0376    38.4598     0.0779 1.1014e+02     2.5233    183.373    35.2324    22.0536    179.485      3.000    29.5497          5 0.0000e+00
    300.582      4.022    29.5290   5.819346     0.0286   -48.9554     0.0811 9.5993e+01     2.5264    183.839    35.2306    22.0596    180.143      4.000    29.5280          5 0.0000e+00
    302.399      5.028    29.4781   5.814231     0.0331    55.3547     0.0778 9.8201e+01     2.5250    183.917    35.2326    22.0784    179.525      5.000    29.4769          8 0.0000e+00
    303.929      6.034    29.3627   5.801163     0.0352    -7.1967     0.0799 8.9857e+01     2.5213    183.605    35.2276    22.1137    179.942      6.000    29.3612          5 0.0000e+00
    305.389      7.039    29.2826   5.793574     0.0417   -26.8374     0.0811 8.4185e+01     2.5230    184.279    35.2343    22.1457    180.390      7.000    29.2809          6 0.0000e+00
    306.549      8.045    29.2106   5.785792     0.0336    75.8972     0.0833 7.8946e+01     2.5247    185.643    35.2335    22.1695    180.746      8.000    29.2086          4 0.0000e+00
    308.061      9.050    29.1709   5.782310     0.0498   -18.0505     0.0868 8.3835e+01     2.5238    184.324    35.2385    22.1866    180.813      9.000    29.1687          8 0.0000e+00
    309.959     10.056    29.1561   5.781405     0.0399    20.2821     0.0885 8.1186e+01     2.5287    184.789    35.2429    22.1949    181.565     10.000    29.1537          6 0.0000e+00
    311.130     11.061    29.1404   5.780587     0.0330    21.6794     0.0901 7.9406e+01     2.5317    184.967    35.2486    22.2046    181.686     11.000    29.1377          5 0.0000e+00
    312.706     12.067    29.1186   5.778975     0.0407    32.5377     0.0893 7.4786e+01     2.5337    184.957    35.2532    22.2155    182.023     12.000    29.1157          7 0.0000e+00
    314.126     13.073    29.0800   5.775844     0.0423    70.0382     0.0900 7.1867e+01     2.5371    185.312    35.2598    22.2335    182.584     13.000    29.0768          4 0.0000e+00
    315.407     14.079    29.0418   5.772967     0.0383    20.8423     0.0918 7.0531e+01     2.5436    186.078    35.2679    22.2524    183.550     14.000    29.0384          8 0.0000e+00
    317.441     15.084    28.9796   5.767581     0.0392     6.4467     0.0919 6.7573e+01     2.5613    186.333    35.2765    22.2797    185.574     15.000    28.9760          6 0.0000e+00
    318.707     16.090    28.8646   5.756360     0.0482    40.8840     0.0968 6.7802e+01     2.5751    187.040    35.2838    22.3237    187.478     16.000    28.8607          5 0.0000e+00
    320.475     17.096    28.6974   5.740058     0.0652   107.5393     0.1026 6.1827e+01     2.5938    188.451    35.2946    22.3876    188.999     17.000    28.6933          8 0.0000e+00
    321.780     18.101    28.4607   5.716058     0.0643    58.0715     0.1031 5.1034e+01     2.5880    190.576    35.3036    22.4728    188.208     18.000    28.4564          4 0.0000e+00
    323.483     19.107    28.1976   5.692045     0.0896    50.4055     0.1108 5.5125e+01     2.5723    193.371    35.3322    22.5811    187.762     19.000    28.1930         10 0.0000e+00
    325.476     20.112    27.9634   5.671346     0.0957    47.3560     0.1140 4.6136e+01     2.5614    196.424    35.3623    22.6807    188.157     20.000    27.9586          4 0.0000e+00
    326.611     21.118    27.7581   5.653187     0.0861    45.8951     0.1203 4.5223e+01     2.5699    195.649    35.3887    22.7675    190.241     21.000    27.7531          7 0.0000e+00
    328.493     22.124    27.5761   5.637534     0.0805    89.6391     0.1279 4.2100e+01     2.5863    193.476    35.4152    22.8466    191.839     22.000    27.5710          6 0.0000e+00
    329.648     23.129    27.2557   5.606570     0.1088   202.0415     0.1206 3.3801e+01     2.5804    194.027    35.4380    22.9673    191.924     23.000    27.2503          4 0.0000e+00
    331.466     24.135    26.6454   5.551653     0.1199    91.4544     0.1232 3.8116e+01     2.5797    197.345    35.5108    23.2172    193.899     24.000    26.6399          9 0.0000e+00
    333.741     25.141    25.9557   5.484957     0.1406   137.3748     0.1225 3.2140e+01     2.5713    201.921    35.5595    23.4711    195.101     25.000    25.9501          6 0.0000e+00
    335.173     26.147    25.6966   5.463792     0.1379   142.8801     0.1280 2.8493e+01     2.5623    201.390    35.6061    23.5870    194.756     26.000    25.6908          5 0.0000e+00
    336.339     27.152    25.5793   5.451646     0.1669   203.3439     0.1216 2.6160e+01     2.5512    202.214    35.6082    23.6250    194.044     27.000    25.5733          6 0.0000e+00
    338.045     28.158    25.4152   5.435845     0.1603   144.0811     0.1197 2.5361e+01     2.5380    201.935    35.6201    23.6846    193.576     28.000    25.4090          7 0.0000e+00
    339.734     29.164    25.0965   5.403038     0.1855   205.1761     0.1200 2.3131e+01     2.5262    201.900    35.6274    23.7880    193.542     29.000    25.0901          7 0.0000e+00
    341.532     30.169    24.7932   5.374563     0.2049   229.3300     0.1245 2.1556e+01     2.5198    201.068    35.6546    23.9008    193.827     30.000    24.7867          9 0.0000e+00
    343.368     31.175    24.4024   5.335762     0.2294   252.4138     0.1244 1.7232e+01     2.4917    201.131    35.6737    24.0333    190.071     31.000    24.3958          4 0.0000e+00
    344.891     32.181    24.1386   5.310765     0.2454   246.0013     0.1259 1.7293e+01     2.4480    201.291    35.6955    24.1287    187.043     32.000    24.1317          8 0.0000e+00
    347.066     33.187    23.5632   5.252652     0.2812   303.0644     0.1258 1.6559e+01     2.4021    202.509    35.7154    24.3139    184.674     33.000    23.5563          7 0.0000e+00
    348.838     34.192    22.9552   5.195453     0.2850   271.9788     0.1283 1.4942e+01     2.3408    198.435    35.7681    24.5313    174.191     34.000    22.9482          5 0.0000e+00
    350.058     35.198    22.6941   5.170377     0.2817   308.2507     0.1403 1.3065e+01     2.2149    195.198    35.7865    24.6204    160.975     35.000    22.6869          6 0.0000e+00
    351.686     36.204    22.5225   5.155792     0.3669   344.6896     0.1321 1.2477e+01     2.1146    193.004    35.8131    24.6897    158.443     36.000    22.5152          6 0.0000e+00
    352.852     37.210    21.9591   5.091207     0.8359   943.8525     0.1178 9.7819e+00     2.1175    192.781    35.7695    24.8161    164.332     37.000    21.9517          4 0.0000e+00
    355.359     38.215    21.5277   5.051170     0.9420  1065.4137     0.1279 1.0104e+01     2.0503    167.675    35.8100    24.9676    152.424     38.000    21.5202          6 0.0000e+00
    356.929     39.221    21.3682   5.039988     0.9082  1065.3090     0.1528 7.4129e+00     1.9693    160.133    35.8535    25.0447    142.686     39.000    21.3606          4 0.0000e+00
    358.383     40.227    21.1273   5.011327     0.8448   909.8465     0.1527 8.3640e+00     1.8923    168.320    35.8251    25.0895    136.826     40.000    21.1195          9 0.0000e+00
    360.474     41.233    20.8980   4.984824     0.7421   842.1544     0.1485 7.3867e+00     1.8241    157.491    35.8039    25.1360    132.903     41.000    20.8901          7 0.0000e+00
    362.324     42.238    20.6228   4.955826     0.6445   718.4237     0.1358 6.7391e+00     1.7735    145.990    35.8006    25.2081    126.930     42.000    20.6148          8 0.0000e+00
    363.887     43.244    20.4826   4.942427     0.6734   647.0711     0.1332 5.4964e+00     1.7146    138.420    35.8098    25.2531    120.388     43.000    20.4744          5 0.0000e+00
    365.211     44.250    20.3414   4.927859     0.5777   591.8179     0.1247 5.3459e+00     1.6642    136.831    35.8102    25.2912    115.869     44.000    20.3331          6 0.0000e+00
    367.185     45.256    20.0047   4.891828     0.4611   358.7091     0.1197 5.3064e+00     1.6074    133.277    35.8008    25.3737    112.340     45.000    19.9963          8 0.0000e+00
    368.907     46.262    19.6713   4.856863     0.3811   316.8634     0.1139 4.5902e+00     1.5758    125.178    35.7967    25.4584    110.353     46.000    19.6628          7 0.0000e+00
    370.749     47.267    19.4617   4.835899     0.3336   288.1445     0.1060 4.1699e+00     1.5480    117.987    35.8020    25.5173    108.314     47.000    19.4532          6 0.0000e+00
    372.130     48.273    19.3426   4.823591     0.2795   275.4468     0.0991 3.6239e+00     1.5288    115.692    35.8016    25.5479    106.527     48.000    19.3338          7 0.0000e+00
    374.481     49.279    19.1888   4.807929     0.2586   264.5453     0.0941 3.6785e+00     1.5070    113.031    35.8029    25.5887    105.714     49.000    19.1799          9 0.0000e+00
    376.505     50.285    19.0292   4.790929     0.2055   216.5523     0.0886 3.4019e+00     1.5007    110.694    35.7979    25.6260    105.739     50.000    19.0202          9 0.0000e+00
    378.241     51.291    19.0072   4.789198     0.1998   241.8693     0.0862 2.6848e+00     1.4981    108.433    35.8020    25.6348    105.671     51.000    18.9981          5 0.0000e+00
    379.818     52.296    19.0046   4.788905     0.2022   241.4981     0.0800 2.6972e+00     1.4953    108.421    35.8014    25.6351    105.273     52.000    18.9952          7 0.0000e+00
    382.500     53.302    18.9965   4.788036     0.2044   197.5407     0.0747 2.2817e+00     1.4890    108.330    35.8007    25.6367    104.639     53.000    18.9870          5 0.0000e+00
    384.156     54.308    18.9302   4.781405     0.1900   224.3598     0.0725 2.4464e+00     1.4860    108.363    35.8020    25.6547    104.238     54.000    18.9205         10 0.0000e+00
    386.086     55.314    18.8447   4.772208     0.1693   190.0034     0.0723 2.1742e+00     1.4752    107.950    35.7983    25.6737    102.887     55.000    18.8349          8 0.0000e+00
    388.462     56.320    18.7616   4.763566     0.1461   198.9141     0.0719 2.0010e+00     1.4654    107.659    35.7971    25.6940    102.611     56.000    18.7517          6 0.0000e+00
    390.611     57.326    18.6794   4.754927     0.1310   185.3002     0.0671 1.8864e+00     1.4607    106.353    35.7951    25.7134    102.200     57.000    18.6693          9 0.0000e+00
    392.617     58.331    18.6147   4.748194     0.1046   129.6215     0.0652 1.5497e+00     1.4573    105.267    35.7940    25.7289    102.135     58.000    18.6045          5 0.0000e+00
    394.634     59.338    18.5566   4.742606     0.1222   164.9927     0.0659 1.7406e+00     1.4559    105.345    35.7968    25.7458    102.179     59.000    18.5462          9 0.0000e+00
    396.525     60.343    18.5519   4.742159     0.1142   119.6081     0.0645 1.5168e+00     1.4550    104.852    35.7968    25.7471    102.118     60.000    18.5413          8 0.0000e+00
    398.472     61.349    18.5505   4.742011     0.1170   146.7145     0.0642 1.4491e+00     1.4537    104.852    35.7963    25.7471    101.886     61.000    18.5398          9 0.0000e+00
    400.589     62.355    18.5472   4.741597     0.1211   102.6279     0.0638 1.2616e+00     1.4503    104.800    35.7953    25.7473    101.343     62.000    18.5362          6 0.0000e+00
    402.530     63.361    18.5263   4.739366     0.1092   180.1215     0.0639 1.2553e+00     1.4467    104.787    35.7942    25.7517    101.202     63.000    18.5152          9 0.0000e+00
    404.646     64.367    18.4866   4.735209     0.1049   139.2560     0.0634 1.1826e+00     1.4449    104.438    35.7931    25.7609    101.122     64.000    18.4753         11 0.0000e+00
    407.220     65.373    18.4640   4.732963     0.0989   168.1780     0.0613 9.9936e-01     1.4439    103.791    35.7934    25.7668    101.285     65.000    18.4526          6 0.0000e+00
    408.380     66.378    18.4520   4.731712     0.0971   151.4571     0.0609 9.0673e-01     1.4442    103.895    35.7928    25.7695    101.255     66.000    18.4403          5 0.0000e+00
    410.689     67.384    18.4493   4.731618     0.1095   151.9457     0.0606 9.6379e-01     1.4438    103.710    35.7940    25.7711    101.229     67.000    18.4375          6 0.0000e+00
    412.841     68.390    18.4496   4.731695     0.0999   124.4784     0.0599 8.5078e-01     1.4435    103.838    35.7940    25.7710    101.202     68.000    18.4377          9 0.0000e+00
    415.331     69.396    18.4462   4.731404     0.1016   138.8981     0.0601 7.9074e-01     1.4429    103.887    35.7941    25.7720    101.087     69.000    18.4341          7 0.0000e+00
    417.419     70.402    18.4285   4.729586     0.0916   157.9130     0.0601 7.6008e-01     1.4409    103.889    35.7937    25.7762    100.828     70.000    18.4162          8 0.0000e+00
    419.729     71.408    18.4164   4.728513     0.1123   161.9138     0.0593 7.3207e-01     1.4389    103.817    35.7948    25.7802    100.817     71.000    18.4039          8 0.0000e+00
    420.849     72.414    18.3982   4.726547     0.1120   191.9544     0.0602 5.1807e-01     1.4392    103.857    35.7935    25.7838    100.802     72.000    18.3856          4 0.0000e+00
    423.440     73.420    18.3809   4.725079     0.0811   164.3818     0.0598 6.3445e-01     1.4375    103.449    35.7957    25.7899    100.666     73.000    18.3681          9 0.0000e+00
    425.700     74.426    18.3674   4.723776     0.0882   195.1431     0.0612 5.8225e-01     1.4365    103.524    35.7960    25.7936    100.644     74.000    18.3544          9 0.0000e+00
    427.957     75.432    18.3508   4.722172     0.1087   160.8267     0.0621 5.2823e-01     1.4365    103.351    35.7965    25.7981    100.739     75.000    18.3377          7 0.0000e+00
    430.008     76.438    18.3422   4.721412     0.0775   123.1484     0.0659 5.2588e-01     1.4358    103.312    35.7972    25.8008    100.634     76.000    18.3289         10 0.0000e+00
    431.971     77.444    18.3330   4.720536     0.0778   141.6754     0.0722 4.1822e-01     1.4358    103.301    35.7973    25.8033    100.700     77.000    18.3195          5 0.0000e+00
    433.916     78.450    18.3188   4.719135     0.0783   165.6274     0.0744 4.4612e-01     1.4349    103.372    35.7974    25.8070    100.587     78.000    18.3051          6 0.0000e+00
    436.052     79.455    18.3140   4.718739     0.0713   158.6193     0.0744 3.6991e-01     1.4345    103.270    35.7979    25.8086    100.623     79.000    18.3002          6 0.0000e+00
    438.981     80.461    18.3090   4.718302     0.0822   129.7760     0.0782 3.6474e-01     1.4346    103.384    35.7982    25.8101    100.670     80.000    18.2950          6 0.0000e+00
    440.643     81.467    18.3046   4.717891     0.0788   157.2972     0.0793 3.4024e-01     1.4344    103.183    35.7981    25.8112    100.632     81.000    18.2904          7 0.0000e+00
    442.630     82.474    18.3061   4.718103     0.0798   172.3810     0.0796 3.2167e-01     1.4342    103.327    35.7982    25.8109    100.640     82.000    18.2918          7 0.0000e+00
    443.951     83.479    18.3067   4.718197     0.0708   129.4126     0.0794 2.4596e-01     1.4341    103.320    35.7982    25.8108    100.658     83.000    18.2921          5 0.0000e+00
    447.053     84.485    18.3074   4.718257     0.0829    81.6598     0.0797 2.5727e-01     1.4340    103.261    35.7976    25.8102    100.615     84.000    18.2927          6 0.0000e+00
    449.082     85.491    18.3070   4.718262     0.0613   166.2891     0.0792 2.7252e-01     1.4332    103.268    35.7977    25.8105    100.549     85.000    18.2921          9 0.0000e+00
    450.951     86.497    18.3062   4.718227     0.0625   208.4320     0.0787 2.3515e-01     1.4334    103.287    35.7977    25.8107    100.631     86.000    18.2911          6 0.0000e+00
