cruises/P45_06/L2/CTD/CTD_1m_down/P45_06_CTD_11_1m_down.cnv
* Sea-Bird SBE19plus  Data File:
* FileName = C:\Users\OA_2023-03\Desktop\Bathymetry\ctd_casts\S2_18_04_26001.hex
* Software version 2.3.0 SB_Terminal.dll
* Temperature SN = 8460
* Conductivity SN = 8460
* System UpLoad Time = Apr 18 2026 16:37:44
* <ApplicationData>
* <SeatermAF>
** cast at s3
# nquan = 17
# nvalues = 197                         
# units = specified
# name 0 = timeS: Time, Elapsed [seconds]
# name 1 = prdM: Pressure, Strain Gauge [db]
# name 2 = tv290C: Temperature [ITS-90, deg C]
# name 3 = c0S/m: Conductivity [S/m]
# name 4 = flECO-AFL: Fluorescence, WET Labs ECO-AFL/FL [mg/m^3]
# name 5 = flECO-AFL1: Fluorescence, WET Labs ECO-AFL/FL, 2 [mg/m^3]
# name 6 = CStarAt0: Beam Attenuation, WET Labs C-Star [1/m]
# name 7 = par/sat/log: PAR/Logarithmic, Satlantic [umol photons/m^2/sec]
# name 8 = sbeox0V: Oxygen raw, SBE 43 [V]
# name 9 = sbeox0Mm/L: Oxygen, SBE 43 [umol/l]
# name 10 = sal00: Salinity, Practical [PSU]
# name 11 = sigma-é00: Density [sigma-theta, kg/m^3]
# name 12 = sbox0Mm/Kg: Oxygen, SBE 43 [umol/kg], WS = 2
# name 13 = depSM: Depth [salt water, m], lat = 5.51
# name 14 = potemp090C: Potential Temperature [ITS-90, deg C]
# name 15 = nbin: number of scans per bin
# name 16 = flag: flag
# span 0 =    282.886,    685.029       
# span 1 =      2.011,    199.200       
# span 2 =    14.0629,    29.8288       
# span 3 =   4.251699,   5.875941       
# span 4 =    -0.0207,     0.8236       
# span 5 =   -26.0687,   935.5407       
# span 6 =     0.0165,     0.1049       
# span 7 = 1.1798e-01, 8.3844e+02       
# span 8 =     1.0329,     2.6738       
# span 9 =     63.579,    212.737       
# span 10 =    35.2673,    35.8924      
# span 11 =    22.0824,    26.4891      
# span 12 =     62.304,    203.421      
# span 13 =      2.000,    198.000      
# span 14 =    14.0339,    29.8283      
# span 15 =          3,         13      
# span 16 = 0.0000e+00, 0.0000e+00      
# interval = meters: 1                  
# start_time = Apr 18 2026 13:32:54 [Instrument's time stamp, header]
# bad_flag = -9.990e-29
*END*
[from data line 171]
    629.322    174.037    15.4404   4.405941    -0.0195    49.5021     0.0166 1.1807e-01     1.2008     83.483    35.5700    26.3195     79.548    173.000    15.4134          5 0.0000e+00
    631.255    175.044    15.4128   4.403041     0.0039    30.3998     0.0187 1.1810e-01     1.1926     83.061    35.5683    26.3245     78.562    174.000    15.3857          6 0.0000e+00
    633.061    176.050    15.3497   4.395383    -0.0094   107.5003     0.0170 1.1810e-01     1.1856     82.513    35.5556    26.3288     78.053    175.000    15.3226          6 0.0000e+00
    634.859    177.057    15.2893   4.388969     0.0044   -21.0077     0.0176 1.1809e-01     1.1812     81.850    35.5518    26.3394     77.665    176.000    15.2620          6 0.0000e+00
    636.762    178.063    15.2398   4.383562    -0.0052    90.1916     0.0168 1.1806e-01     1.1735     80.737    35.5471    26.3468     76.711    177.000    15.2125          8 0.0000e+00
    639.177    179.070    15.1608   4.374182    -0.0074    95.0287     0.0173 1.1808e-01     1.1673     80.054    35.5331    26.3536     76.661    178.000    15.1334          4 0.0000e+00
    640.870    180.076    15.1259   4.370659    -0.0028   133.6365     0.0168 1.1805e-01     1.1654     79.485    35.5324    26.3608     76.370    179.000    15.0983          8 0.0000e+00
    643.384    181.083    15.1160   4.369609    -0.0169     5.1372     0.0165 1.1811e-01     1.1609     78.474    35.5313    26.3622     75.343    180.000    15.0884          5 0.0000e+00
    645.342    182.089    15.1017   4.368273     0.0102    74.5454     0.0167 1.1809e-01     1.1516     78.486    35.5318    26.3658     74.322    181.000    15.0739          7 0.0000e+00
    647.367    183.095    15.0191   4.357878    -0.0136   -11.3907     0.0178 1.1810e-01     1.1460     78.343    35.5116    26.3685     74.316    182.000    14.9912          3 0.0000e+00
    649.054    184.102    14.9505   4.350484     0.0075    55.4306     0.0176 1.1809e-01     1.1443     77.450    35.5061    26.3793     74.215    183.000    14.9226          6 0.0000e+00
    652.258    185.108    14.8845   4.343358     0.0042   133.8799     0.0177 1.1809e-01     1.1388     76.408    35.5005    26.3896     73.501    184.000    14.8565          9 0.0000e+00
    654.416    186.115    14.8048   4.334494    -0.0097    72.7379     0.0188 1.1811e-01     1.1341     76.334    35.4915    26.4001     73.128    185.000    14.7768          5 0.0000e+00
    656.387    187.122    14.7388   4.327575     0.0001   138.7871     0.0233 1.1808e-01     1.1292     76.068    35.4878    26.4117     72.449    186.000    14.7107          6 0.0000e+00
    658.212    188.128    14.7075   4.323858    -0.0101   126.2474     0.0238 1.1812e-01     1.1238     75.358    35.4818    26.4138     71.964    187.000    14.6793          5 0.0000e+00
    659.952    189.134    14.6947   4.322523    -0.0047    60.2685     0.0255 1.1807e-01     1.1195     74.978    35.4808    26.4159     71.465    188.000    14.6663          7 0.0000e+00
    662.412    190.141    14.6823   4.320934     0.0094   146.4932     0.0255 1.1811e-01     1.1134     74.011    35.4771    26.4158     70.735    189.000    14.6538          4 0.0000e+00
    665.123    191.147    14.6624   4.319114    -0.0036    58.6948     0.0256 1.1812e-01     1.0952     72.947    35.4780    26.4209     67.871    190.000    14.6338          7 0.0000e+00
    667.572    192.154    14.5487   4.305221    -0.0061   154.7233     0.0260 1.1814e-01     1.0795     72.822    35.4535    26.4265     66.343    191.000    14.5201          6 0.0000e+00
    669.872    193.160    14.4830   4.298994     0.0012    42.1366     0.0196 1.1815e-01     1.0682     69.461    35.4558    26.4425     65.211    192.000    14.4543          9 0.0000e+00
    671.260    194.167    14.4361   4.293443     0.0015   132.3926     0.0191 1.1813e-01     1.0633     68.550    35.4470    26.4458     64.878    193.000    14.4073          5 0.0000e+00
    673.059    195.173    14.3784   4.286827     0.0064   119.4574     0.0185 1.1808e-01     1.0558     68.020    35.4382    26.4515     63.920    194.000    14.3496         10 0.0000e+00
    675.197    196.180    14.3232   4.280711     0.0009    69.2827     0.0191 1.1816e-01     1.0477     66.883    35.4317    26.4582     63.160    195.000    14.2943          5 0.0000e+00
    677.110    197.186    14.2464   4.272133     0.0054    89.0029     0.0186 1.1810e-01     1.0414     66.305    35.4222    26.4673     62.610    196.000    14.2174         13 0.0000e+00
    679.883    198.193    14.1515   4.261711     0.0014    41.7775     0.0180 1.1807e-01     1.0353     65.162    35.4119    26.4796     62.304    197.000    14.1226          9 0.0000e+00
    685.029    199.200    14.0629   4.251699    -0.0039   193.6017     0.0182 1.1802e-01     1.0329     63.579    35.3998    26.4891     63.259    198.000    14.0339          3 0.0000e+00
