cruises/P45_06/L2/CTD/Loop_Edit/P45_06_CTD_11_loop.cnv
* Sea-Bird SBE19plus  Data File:
* FileName = C:\Users\OA_2023-03\Desktop\Bathymetry\ctd_casts\S2_18_04_26001.hex
* Software version 2.3.0 SB_Terminal.dll
* Temperature SN = 8460
* Conductivity SN = 8460
* System UpLoad Time = Apr 18 2026 16:37:44
* <ApplicationData>
* <SeatermAF>
** cast at s3
# nquan = 11
# nvalues = 4802                        
# units = specified
# name 0 = timeS: Time, Elapsed [seconds]
# name 1 = prdM: Pressure, Strain Gauge [db]
# name 2 = tv290C: Temperature [ITS-90, deg C]
# name 3 = c0S/m: Conductivity [S/m]
# name 4 = flECO-AFL: Fluorescence, WET Labs ECO-AFL/FL [mg/m^3]
# name 5 = flECO-AFL1: Fluorescence, WET Labs ECO-AFL/FL, 2 [mg/m^3]
# name 6 = CStarAt0: Beam Attenuation, WET Labs C-Star [1/m]
# name 7 = par/sat/log: PAR/Logarithmic, Satlantic [umol photons/m^2/sec]
# name 8 = sbeox0V: Oxygen raw, SBE 43 [V]
# name 9 = sbeox0Mm/L: Oxygen, SBE 43 [umol/l]
# name 10 = flag:  0.000e+00
# span 0 =      0.000,   1200.250       
# span 1 =     -0.094,    199.110       
# span 2 =    14.0680,    29.9585       
# span 3 =  -0.626929,   5.890303       
# span 4 =   -82.6239,    29.9382       
# span 5 = -2.047e+05, 1.4700e+05       
# span 6 =     0.0148,    55.2620       
# span 7 = 1.1782e-01, 3.7805e+03       
# span 8 =     1.0321,     2.7578       
# span 9 =     63.551,    238.883       
# span 10 = 0.0000e+00, 0.0000e+00      
# interval = seconds: 0.25
# start_time = Apr 18 2026 13:32:54 [Instrument's time stamp, header]
# bad_flag = -9.990e-29
*END*
[from data line 1968]
    492.000    103.223    17.4099   4.625073     0.0514    60.0000     0.0277 1.0465e+00     1.3798    102.182 0.0000e+00
    492.250    103.340    17.4016   4.624344     0.0661   230.0000     0.0275 1.0193e+00     1.3789    101.954 0.0000e+00
    492.500    103.483    17.3911   4.623500     0.0441   120.0000     0.0273 1.0042e+00     1.3795    101.856 0.0000e+00
    492.750    103.640    17.3814   4.622106     0.0955    90.0000     0.0274 9.7737e-01     1.3785    101.633 0.0000e+00
    493.000    103.769    17.3728   4.621256     0.0735    30.0000     0.0278 9.1893e-01     1.3782    101.484 0.0000e+00
    493.250    103.871    17.3673   4.620677     0.0661   140.0000     0.0276 9.5894e-01     1.3784    101.279 0.0000e+00
    493.500    103.922    17.3641   4.620470     0.0808   120.0000     0.0279 9.8821e-01     1.3786    101.035 -9.990e-29
    493.750    103.918    17.3633   4.620441     0.0514   170.0000     0.0267 1.0306e+00     1.3788    100.865 -9.990e-29
    494.000    103.876    17.3630   4.620527     0.0735    30.0000     0.0268 1.0796e+00     1.3788    100.374 -9.990e-29
    494.250    103.823    17.3625   4.620620     0.0441   170.0000     0.0267 1.0942e+00     1.3789     99.993 -9.990e-29
    494.500    103.798    17.3614   4.620456     0.1102   200.0000     0.0269 1.0630e+00     1.3778     99.583 -9.990e-29
    494.750    103.842    17.3603   4.620227     0.0661   200.0000     0.0272 1.0364e+00     1.3766     99.257 -9.990e-29
    495.000    103.983    17.3585   4.620077     0.0588    90.0000     0.0267 9.6102e-01     1.3776     98.826 0.0000e+00
    495.250    104.215    17.3573   4.619834     0.0735   170.0000     0.0269 9.1200e-01     1.3780     98.596 0.0000e+00
    495.500    104.507    17.3566   4.619834     0.0735   200.0000     0.0266 7.7022e-01     1.3788     98.450 0.0000e+00
    495.750    104.811    17.3561   4.619834     0.0441   120.0000     0.0266 6.3286e-01     1.3794     98.282 0.0000e+00
    496.000    105.089    17.3562   4.619913     0.0735   120.0000     0.0263 5.7378e-01     1.3798     98.220 0.0000e+00
    496.250    105.339    17.3556   4.619985     0.0661   230.0000     0.0266 6.4099e-01     1.3796     98.390 0.0000e+00
    496.500    105.562    17.3527   4.619892     0.0294   140.0000     0.0267 7.9683e-01     1.3799     98.334 0.0000e+00
    496.750    105.719    17.3462   4.619256     0.0661    90.0000     0.0266 9.3964e-01     1.3799     98.334 0.0000e+00
    497.000    105.770    17.3431   4.617741     0.0441   120.0000     0.0260 1.0016e+00     1.3808     98.406 -9.990e-29
    497.250    105.710    17.3435   4.618377     0.0588    10.0000     0.0262 9.6372e-01     1.3798     98.389 -9.990e-29
    497.500    105.582    17.3461   4.618563     0.0661   140.0000     0.0264 9.1299e-01     1.3801     98.596 -9.990e-29
    497.750    105.457    17.3503   4.619256     0.0441   140.0000     0.0271 9.3862e-01     1.3813     98.565 -9.990e-29
    498.000    105.373    17.3539   4.619835     0.0514   200.0000     0.0261 9.6665e-01     1.3816     98.591 -9.990e-29
    498.250    105.379    17.3558   4.620042     0.0588    30.0000     0.0264 9.4698e-01     1.3813     98.673 -9.990e-29
    498.500    105.489    17.3516   4.620135     0.0367   -80.0000     0.0261 9.1121e-01     1.3810     98.818 -9.990e-29
    498.750    105.726    17.3359   4.618684     0.0661    10.0000     0.0262 8.1373e-01     1.3808     98.954 0.0000e+00
    499.000    106.021    17.3084   4.615233     0.0881   230.0000     0.0261 6.5246e-01     1.3805     99.052 0.0000e+00
    499.250    106.323    17.2816   4.610368     0.0441   230.0000     0.0265 4.8260e-01     1.3798     99.181 0.0000e+00
    499.500    106.601    17.2606   4.608255     0.0367    90.0000     0.0344 3.8687e-01     1.3794     99.070 0.0000e+00
    499.750    106.859    17.2478   4.606928     0.0588    30.0000     0.0347 3.3279e-01     1.3792     98.949 0.0000e+00
    500.000    107.108    17.2409   4.606714     0.0220   140.0000     0.0345 4.8072e-01     1.3770     99.079 0.0000e+00
    500.250    107.345    17.2359   4.606622     0.0661    10.0000     0.0275 7.4129e-01     1.3767     99.136 0.0000e+00
    500.500    107.503    17.2323   4.606293     0.0661    30.0000     0.0268 9.6414e-01     1.3762     99.279 0.0000e+00
    500.750    107.534    17.2323   4.605901     0.0735  -190.0000     0.0272 9.5294e-01     1.3763     99.435 -9.990e-29
    501.000    107.463    17.2351   4.606472     0.0661   230.0000     0.0272 8.6623e-01     1.3770     99.577 -9.990e-29
    501.250    107.343    17.2419   4.606986     0.0441  -160.0000     0.0284 8.8269e-01     1.3766     99.633 -9.990e-29
    501.500    107.239    17.2483   4.608435     0.0441    60.0000     0.0278 8.9829e-01     1.3767     99.747 -9.990e-29
    501.750    107.201    17.2515   4.608799     0.0588   120.0000     0.0279 8.7225e-01     1.3737     99.735 -9.990e-29
    502.000    107.270    17.2483   4.608649     0.0661   140.0000     0.0252 9.0063e-01     1.3774     99.794 -9.990e-29
    502.250    107.461    17.2370   4.607407     0.0367    90.0000     0.0256 7.9357e-01     1.3755     99.607 -9.990e-29
    502.500    107.759    17.2229   4.604937     0.0441   140.0000     0.0259 6.6644e-01     1.3741     99.600 0.0000e+00
    502.750    108.074    17.2055   4.603274     0.0367   120.0000     0.0262 4.8104e-01     1.3759     99.783 0.0000e+00
    503.000    108.380    17.1862   4.600534     0.0661   -50.0000     0.0263 3.2758e-01     1.3738     99.891 0.0000e+00
    503.250    108.640    17.1698   4.598580     0.0441   120.0000     0.0260 1.8160e-01     1.3756     99.911 0.0000e+00
    503.500    108.864    17.1572   4.597496     0.0367    10.0000     0.0260 1.1787e-01     1.3805     99.886 0.0000e+00
    503.750    109.105    17.1489   4.596590     0.0661    90.0000     0.0266 1.8674e-01     1.3819     99.857 0.0000e+00
    504.000    109.366    17.1394   4.596263     0.0588   140.0000     0.0258 3.8528e-01     1.3840     99.794 0.0000e+00
    504.250    109.593    17.1260   4.594729     0.0441   200.0000     0.0260 7.5439e-01     1.3864     99.679 0.0000e+00
    504.500    109.700    17.1178   4.592498     0.0367   -80.0000     0.0257 8.8288e-01     1.3880     99.546 -9.990e-29
    504.750    109.657    17.1150   4.592740     0.0441   120.0000     0.0254 8.0116e-01     1.3898     99.434 -9.990e-29
    505.000    109.535    17.1231   4.592769     0.0441   200.0000     0.0255 7.6756e-01     1.3907     99.063 -9.990e-29
    505.250    109.418    17.1369   4.595899     0.0441   170.0000     0.0250 7.6773e-01     1.3926     98.956 -9.990e-29
    505.500    109.371    17.1440   4.597583     0.0661   120.0000     0.0254 7.8063e-01     1.3930     98.822 -9.990e-29
    505.750    109.415    17.1454   4.596926     0.0441   140.0000     0.0254 8.1233e-01     1.3930     98.823 -9.990e-29
    506.000    109.576    17.1307   4.596926     0.0441    90.0000     0.0250 7.2480e-01     1.3943     98.954 -9.990e-29
    506.250    109.811    17.1029   4.592113     0.0588    30.0000     0.0253 6.9531e-01     1.3945     99.018 0.0000e+00
    506.500    110.079    17.0716   4.587829     0.0735   170.0000     0.0257 5.2236e-01     1.3937     99.173 0.0000e+00
    506.750    110.351    17.0411   4.583882     0.0441    30.0000     0.0275 4.8020e-01     1.3949     98.855 0.0000e+00
    507.000    110.613    17.0182   4.580976     0.0588   140.0000     0.0275 4.5660e-01     1.3949     99.534 0.0000e+00
    507.250    110.850    17.0024   4.579787     0.0441    60.0000     0.0272 5.3125e-01     1.3949     99.355 0.0000e+00
    507.500    111.048    16.9899   4.578940     0.0441   140.0000     0.0273 6.8058e-01     1.3963     99.150 0.0000e+00
    507.750    111.175    16.9784   4.577815     0.0514   -20.0000     0.0250 7.5635e-01     1.3961     99.405 0.0000e+00
    508.000    111.210    16.9711   4.576598     0.0441   170.0000     0.0247 7.4257e-01     1.3969     99.116 -9.990e-29
    508.250    111.165    16.9707   4.576605     0.0441    30.0000     0.0249 6.9636e-01     1.3977     99.413 -9.990e-29
    508.500    111.083    16.9745   4.577381     0.0441   120.0000     0.0247 6.8738e-01     1.3984    100.291 -9.990e-29
    508.750    111.004    16.9797   4.578442     0.0735   -20.0000     0.0246 7.0699e-01     1.3992    100.789 -9.990e-29
    509.000    110.961    16.9812   4.579069     0.0514   140.0000     0.0248 7.4628e-01     1.3993    101.214 -9.990e-29
    509.250    110.973    16.9821   4.578442     0.0514   200.0000     0.0253 7.4595e-01     1.4002    101.902 -9.990e-29
    509.500    111.061    16.9820   4.578570     0.0220   200.0000     0.0262 6.7442e-01     1.4006    102.337 -9.990e-29
    509.750    111.223    16.9752   4.578428     0.0514   140.0000     0.0257 6.4782e-01     1.4008    102.663 0.0000e+00
    510.000    111.426    16.9577   4.576605     0.0441   170.0000     0.0255 5.6761e-01     1.3990    102.859 0.0000e+00
    510.250    111.661    16.9388   4.573253     0.0441  -190.0000     0.0250 5.3436e-01     1.4004    102.981 0.0000e+00
    510.500    111.892    16.9263   4.571225     0.0588   200.0000     0.0250 5.0986e-01     1.4002    102.832 0.0000e+00
    510.750    112.119    16.9182   4.570891     0.0441    90.0000     0.0246 5.2508e-01     1.4020    102.716 0.0000e+00
    511.000    112.334    16.9127   4.570542     0.0441    90.0000     0.0239 5.5896e-01     1.4011    102.740 0.0000e+00
    511.250    112.521    16.9088   4.570137     0.0294    10.0000     0.0242 6.0410e-01     1.4022    102.619 0.0000e+00
    511.500    112.654    16.9059   4.569888     0.0441   200.0000     0.0240 6.2402e-01     1.4018    102.347 0.0000e+00
    511.750    112.727    16.9042   4.569767     0.0220    90.0000     0.0231 6.4252e-01     1.4022    102.375 0.0000e+00
    512.000    112.756    16.9034   4.569675     0.0441   140.0000     0.0233 6.7180e-01     1.4023    102.285 -9.990e-29
    512.250    112.763    16.9033   4.569696     0.0441   170.0000     0.0235 6.5970e-01     1.4026    102.185 -9.990e-29
    512.500    112.772    16.9030   4.569732     0.0367    60.0000     0.0238 6.4266e-01     1.4031    102.375 -9.990e-29
    512.750    112.801    16.9029   4.569639     0.0441    60.0000     0.0247 6.7866e-01     1.4025    102.358 0.0000e+00
    513.000    112.874    16.9033   4.569675     0.0000   -20.0000     0.0247 6.6299e-01     1.4026    102.448 0.0000e+00
    513.250    112.998    16.9028   4.569732     0.0367   140.0000     0.0243 6.3698e-01     1.4034    102.618 0.0000e+00
    513.500    113.163    16.9010   4.569547     0.0441    10.0000     0.0245 5.8002e-01     1.4038    102.777 0.0000e+00
    513.750    113.325    16.8987   4.569177     0.0220    60.0000     0.0250 5.9425e-01     1.4033    102.886 0.0000e+00
    514.000    113.491    16.8967   4.568928     0.0220   140.0000     0.0248 5.7316e-01     1.4039    102.928 0.0000e+00
    514.250    113.625    16.8954   4.568771     0.0367    60.0000     0.0239 5.7565e-01     1.4043    103.059 0.0000e+00
    514.500    113.731    16.8942   4.568708     0.0441    30.0000     0.0236 6.3327e-01     1.4049    103.082 0.0000e+00
    514.750    113.804    16.8937   4.568615     0.0514   200.0000     0.0232 6.3355e-01     1.4043    103.111 0.0000e+00
    515.000    113.851    16.8934   4.568580     0.0220   200.0000     0.0236 6.2754e-01     1.4051    102.760 0.0000e+00
    515.250    113.895    16.8933   4.568644     0.0588    60.0000     0.0241 6.6688e-01     1.4051    102.850 0.0000e+00
    515.500    113.955    16.8936   4.568523     0.0441   140.0000     0.0240 6.4768e-01     1.4051    102.751 0.0000e+00
    515.750    114.053    16.8934   4.568580     0.0441   120.0000     0.0239 6.2120e-01     1.4046    102.991 0.0000e+00
    516.000    114.184    16.8920   4.568537     0.0294   170.0000     0.0266 6.1518e-01     1.4038    102.870 0.0000e+00
    516.250    114.364    16.8894   4.568238     0.0147   230.0000     0.0264 6.2524e-01     1.4032    103.017 0.0000e+00
    516.500    114.555    16.8855   4.567833     0.0367   120.0000     0.0264 5.4452e-01     1.4033    102.998 0.0000e+00
    516.750    114.781    16.8808   4.567150     0.0441   170.0000     0.0243 4.8943e-01     1.4023    103.095 0.0000e+00
    517.000    115.028    16.8760   4.566588     0.0441    60.0000     0.0242 4.6719e-01     1.4019    103.168 0.0000e+00
    517.250    115.308    16.8724   4.566062     0.0294   170.0000     0.0243 4.3340e-01     1.4009    103.151 0.0000e+00
    517.500    115.572    16.8694   4.565870     0.0367   230.0000     0.0246 3.8437e-01     1.3981    103.211 0.0000e+00
    517.750    115.832    16.8658   4.565558     0.0367   140.0000     0.0237 3.4713e-01     1.3961    103.070 0.0000e+00
    518.000    116.101    16.8630   4.565124     0.0441    60.0000     0.0241 3.5634e-01     1.3941    103.109 0.0000e+00
    518.250    116.334    16.8614   4.565032     0.0220    60.0000     0.0239 4.2911e-01     1.3909    103.191 0.0000e+00
    518.500    116.543    16.8600   4.565003     0.0294   230.0000     0.0236 5.2067e-01     1.3893    103.282 0.0000e+00
    518.750    116.714    16.8580   4.564875     0.0294   140.0000     0.0236 5.6467e-01     1.3869    103.209 0.0000e+00
    519.000    116.836    16.8555   4.564470     0.0367    90.0000     0.0235 5.6005e-01     1.3859    103.296 0.0000e+00
    519.250    116.920    16.8533   4.564129     0.0220   120.0000     0.0237 5.5187e-01     1.3870    103.362 0.0000e+00
    519.500    117.007    16.8511   4.563944     0.0367   230.0000     0.0239 5.4487e-01     1.3882    103.479 0.0000e+00
    519.750    117.105    16.8491   4.563724     0.0441    60.0000     0.0239 5.3691e-01     1.3898    103.424 0.0000e+00
    520.000    117.234    16.8465   4.563446     0.0220   140.0000     0.0239 5.1966e-01     1.3916    103.515 0.0000e+00
    520.250    117.378    16.8431   4.563162     0.0294   -20.0000     0.0239 4.7906e-01     1.3932    103.507 0.0000e+00
    520.500    117.525    16.8372   4.562607     0.0367   120.0000     0.0237 5.1362e-01     1.3954    103.508 0.0000e+00
    520.750    117.666    16.8292   4.561484     0.0220   140.0000     0.0238 4.9981e-01     1.3986    103.428 0.0000e+00
    521.000    117.806    16.8212   4.560425     0.0294    90.0000     0.0251 5.0854e-01     1.4006    103.236 0.0000e+00
    521.250    117.955    16.8123   4.559558     0.0294    90.0000     0.0245 5.0339e-01     1.4018    103.076 0.0000e+00
    521.500    118.115    16.8006   4.558342     0.0294   120.0000     0.0245 4.8260e-01     1.4042    103.046 0.0000e+00
    521.750    118.295    16.7851   4.556665     0.0441   120.0000     0.0250 4.5355e-01     1.4054    102.887 0.0000e+00
    522.000    118.486    16.7645   4.554555     0.0441   -20.0000     0.0280 4.6017e-01     1.4077    102.769 0.0000e+00
    522.250    118.686    16.7456   4.551238     0.0294    30.0000     0.0276 4.5315e-01     1.4096    102.629 0.0000e+00
    522.500    118.881    16.7294   4.549917     0.0220    30.0000     0.0283 4.3566e-01     1.4117    102.202 0.0000e+00
    522.750    119.048    16.7178   4.548447     0.0220    60.0000     0.0316 4.7730e-01     1.4141    101.837 0.0000e+00
    523.000    119.186    16.7105   4.547887     0.0735  -130.0000     0.0310 4.7115e-01     1.4158    101.466 0.0000e+00
    523.250    119.288    16.7055   4.547674     0.0147   -20.0000     0.0315 4.7350e-01     1.4178    100.853 0.0000e+00
    523.500    119.366    16.7019   4.547326     0.0294   -50.0000     0.0219 4.8637e-01     1.4193    100.451 0.0000e+00
    523.750    119.430    16.6996   4.547099     0.0514   200.0000     0.0224 5.0689e-01     1.4212    100.027 0.0000e+00
    524.000    119.488    16.6981   4.546978     0.0367    90.0000     0.0220 5.0111e-01     1.4224     99.853 0.0000e+00
    524.250    119.548    16.6980   4.546886     0.0220   -20.0000     0.0229 4.6598e-01     1.4242    100.143 0.0000e+00
