cruises/P45_06/L2/CTD/Loop_Edit/P45_06_CTD_05_loop.cnv
* Sea-Bird SBE19plus  Data File:
* FileName = C:\Users\OA_2023-03\Desktop\Bathymetry\ctd_casts\proble cast 2002.hex
* Software version 2.3.0 SB_Terminal.dll
* Temperature SN = 8460
* Conductivity SN = 8460
* System UpLoad Time = Apr 16 2026 17:52:48
* <ApplicationData>
* <SeatermAF>
# nquan = 11
# nvalues = 5576                        
# units = specified
# name 0 = timeS: Time, Elapsed [seconds]
# name 1 = prdM: Pressure, Strain Gauge [db]
# name 2 = tv290C: Temperature [ITS-90, deg C]
# name 3 = c0S/m: Conductivity [S/m]
# name 4 = flECO-AFL: Fluorescence, WET Labs ECO-AFL/FL [mg/m^3]
# name 5 = flECO-AFL1: Fluorescence, WET Labs ECO-AFL/FL, 2 [mg/m^3]
# name 6 = CStarAt0: Beam Attenuation, WET Labs C-Star [1/m]
# name 7 = par/sat/log: PAR/Logarithmic, Satlantic [umol photons/m^2/sec]
# name 8 = sbeox0V: Oxygen raw, SBE 43 [V]
# name 9 = sbeox0Mm/L: Oxygen, SBE 43 [umol/l]
# name 10 = flag:  0.000e+00
# span 0 =      0.000,   1393.750       
# span 1 =     -0.125,     73.964       
# span 2 =    18.3364,    29.4507       
# span 3 =  -0.251727,   5.807033       
# span 4 =    -4.8477,     4.4584       
# span 5 =-85630.0000, 35270.0000       
# span 6 =     0.0545,    22.7930       
# span 7 = 1.1792e-01, 2.9764e+02       
# span 8 =     1.4314,     2.5962       
# span 9 =     97.389,    201.906       
# span 10 = 0.0000e+00, 0.0000e+00      
# interval = seconds: 0.25
# start_time = Apr 16 2026 17:14:45 [Instrument's time stamp, header]
# bad_flag = -9.990e-29
*END*
[from data line 3804]
    951.000      1.545    29.4285   5.804590     0.0441    60.0000     0.0758 3.8592e+01     2.4782    179.754 -9.990e-29
    951.250      1.714    29.4278   5.804440     0.0073    90.0000     0.0760 3.8751e+01     2.4786    180.141 -9.990e-29
    951.500      1.864    29.4273   5.804362     0.0367   -20.0000     0.0747 4.3600e+01     2.4773    180.395 -9.990e-29
    951.750      1.973    29.4273   5.804362     0.0367  -220.0000     0.0745 4.9697e+01     2.4739    180.502 -9.990e-29
    952.000      2.011    29.4269   5.804330     0.0367    10.0000     0.0753 4.8813e+01     2.4716    180.288 -9.990e-29
    952.250      1.991    29.4269   5.804362    -0.0073    60.0000     0.0753 4.6594e+01     2.4702    179.774 -9.990e-29
    952.500      1.922    29.4267   5.804330     0.0367  -160.0000     0.0747 4.5825e+01     2.4695    179.293 -9.990e-29
    952.750      1.833    29.4260   5.804291     0.0147   -20.0000     0.0752 4.6143e+01     2.4711    178.981 -9.990e-29
    953.000      1.744    29.4262   5.804212     0.0441  -160.0000     0.0790 4.6776e+01     2.4737    178.633 -9.990e-29
    953.250      1.662    29.4262   5.804251     0.0220  -110.0000     0.0794 4.5696e+01     2.4762    178.307 -9.990e-29
    953.500      1.607    29.4266   5.804251     0.0073    30.0000     0.0791 4.3582e+01     2.4787    178.108 -9.990e-29
    953.750      1.565    29.4267   5.804330     0.0147   -50.0000     0.0796 4.2446e+01     2.4778    178.095 -9.990e-29
    954.000      1.533    29.4271   5.804330     0.0441    30.0000     0.0761 4.3243e+01     2.4771    178.472 -9.990e-29
    954.250      1.516    29.4274   5.804401     0.0367    30.0000     0.0759 4.5400e+01     2.4755    178.688 -9.990e-29
    954.500      1.522    29.4273   5.804440     0.0441   -80.0000     0.0764 4.4256e+01     2.4741    178.927 -9.990e-29
    954.750      1.545    29.4272   5.804401     0.0147   -50.0000     0.0754 4.3478e+01     2.4735    179.186 -9.990e-29
    955.000      1.609    29.4266   5.804361     0.0294  -130.0000     0.0762 4.2437e+01     2.4723    179.534 -9.990e-29
    955.250      1.714    29.4255   5.804212     0.0220    90.0000     0.0755 4.3497e+01     2.4713    179.910 -9.990e-29
    955.500      1.834    29.4249   5.804101     0.0147  -110.0000     0.0745 4.3685e+01     2.4716    180.007 -9.990e-29
    955.750      1.934    29.4245   5.804102     0.0367    90.0000     0.0751 4.6484e+01     2.4728    180.191 -9.990e-29
    956.000      1.993    29.4241   5.804102     0.0220   -50.0000     0.0753 5.0032e+01     2.4731    180.032 -9.990e-29
    956.250      1.993    29.4241   5.804031     0.0147    90.0000     0.0753 5.0949e+01     2.4748    180.027 -9.990e-29
    956.500      1.942    29.4243   5.804141     0.0441  -130.0000     0.0766 4.9708e+01     2.4770    179.810 -9.990e-29
    956.750      1.844    29.4240   5.804070     0.0514   -20.0000     0.0764 4.7892e+01     2.4793    179.326 -9.990e-29
    957.000      1.713    29.4239   5.803991     0.1542   200.0000     0.0764 5.1292e+01     2.4791    178.914 -9.990e-29
    957.250      1.594    29.4239   5.804030     0.0294   -50.0000     0.0785 5.3110e+01     2.4796    178.607 -9.990e-29
    957.500      1.533    29.4248   5.804101     0.0147   480.0000     0.0786 5.3629e+01     2.4783    178.444 -9.990e-29
    957.750      1.538    29.4248   5.804180     0.0073    30.0000     0.0787 5.2984e+01     2.4770    178.570 -9.990e-29
    958.000      1.609    29.4254   5.804141     0.0294  -110.0000     0.0755 4.8728e+01     2.4725    178.919 -9.990e-29
    958.250      1.705    29.4254   5.804251     0.0441    90.0000     0.0756 4.9365e+01     2.4690    179.315 -9.990e-29
    958.500      1.802    29.4263   5.804330     0.0367   120.0000     0.0757 4.6938e+01     2.4660    179.783 -9.990e-29
    958.750      1.874    29.4260   5.804291     0.0367  -160.0000     0.0754 4.5450e+01     2.4643    179.884 -9.990e-29
    959.000      1.913    29.4264   5.804291     0.0367  -130.0000     0.0756 4.3010e+01     2.4654    179.899 -9.990e-29
    959.250      1.907    29.4276   5.804330     0.0294  -220.0000     0.0756 4.2446e+01     2.4683    179.722 -9.990e-29
    959.500      1.862    29.4286   5.804551     0.0294   120.0000     0.0758 4.6363e+01     2.4708    179.469 -9.990e-29
    959.750      1.784    29.4286   5.804661     0.0147  -130.0000     0.0758 4.7418e+01     2.4742    179.248 -9.990e-29
    960.000      1.704    29.4285   5.804480     0.0220    30.0000     0.0758 4.4951e+01     2.4755    178.963 -9.990e-29
    960.250      1.629    29.4286   5.804551     0.0367    30.0000     0.0757 4.6494e+01     2.4777    178.739 -9.990e-29
    960.500      1.584    29.4283   5.804480     0.0220   170.0000     0.0739 4.7903e+01     2.4774    178.720 -9.990e-29
    960.750      1.576    29.4281   5.804440     0.0441  -110.0000     0.0734 5.0032e+01     2.4774    178.890 -9.990e-29
    961.000      1.613    29.4281   5.804480     0.0367   -20.0000     0.0739 4.7469e+01     2.4754    178.998 -9.990e-29
    961.250      1.693    29.4282   5.804480     0.0367    90.0000     0.0796 4.5116e+01     2.4734    179.275 -9.990e-29
    961.500      1.778    29.4280   5.804440     0.0441  -130.0000     0.0798 4.2815e+01     2.4706    179.617 -9.990e-29
    961.750      1.876    29.4280   5.804440     0.0294   -50.0000     0.0793 4.3075e+01     2.4690    179.976 -9.990e-29
    962.000      1.954    29.4278   5.804440     0.0220   -50.0000     0.0801 5.1872e+01     2.4705    180.053 -9.990e-29
    962.250      2.003    29.4276   5.804440     0.0367    90.0000     0.0743 5.4154e+01     2.4743    180.140 -9.990e-29
    962.500      2.002    29.4269   5.804417     0.0220   140.0000     0.0749 5.5219e+01     2.4769    179.976 -9.990e-29
    962.750      1.956    29.4267   5.804330     0.0367   -50.0000     0.0751 5.1973e+01     2.4796    179.765 -9.990e-29
    963.000      1.867    29.4262   5.804291     0.0367   -50.0000     0.0746 4.9344e+01     2.4825    179.153 -9.990e-29
    963.250      1.742    29.4260   5.804251     0.0294   120.0000     0.0749 4.7892e+01     2.4838    178.574 -9.990e-29
    963.500      1.605    29.4258   5.804251     0.0294    60.0000     0.0752 4.8350e+01     2.4838    178.047 -9.990e-29
    963.750      1.516    29.4254   5.804180     0.1910    30.0000     0.0744 5.2176e+01     2.4814    177.707 -9.990e-29
    964.000      1.496    29.4252   5.804180     0.0220    30.0000     0.0741 5.7139e+01     2.4789    177.770 -9.990e-29
    964.250      1.556    29.4245   5.804101     0.0220   140.0000     0.0737 5.8287e+01     2.4777    178.130 -9.990e-29
    964.500      1.691    29.4236   5.804030     0.0441   140.0000     0.0743 4.9173e+01     2.4770    178.575 -9.990e-29
    964.750      1.860    29.4240   5.803991     0.0441    30.0000     0.0776 4.2364e+01     2.4758    179.189 -9.990e-29
    965.000      2.009    29.4248   5.804102     0.0294    90.0000     0.0774 4.9622e+01     2.4742    179.623 -9.990e-29
    965.250      2.118    29.4254   5.804251     0.0220  -220.0000     0.0781 4.8288e+01     2.4722    180.071 -9.990e-29
    965.500      2.151    29.4259   5.804330     0.0294    90.0000     0.0736 4.9248e+01     2.4731    180.162 -9.990e-29
    965.750      2.107    29.4259   5.804362     0.0367   -80.0000     0.0735 5.3156e+01     2.4735    180.159 -9.990e-29
    966.000      1.992    29.4257   5.804330     0.0220    90.0000     0.0735 5.5135e+01     2.4732    179.822 -9.990e-29
    966.250      1.813    29.4258   5.804251     0.0367    30.0000     0.0730 5.1760e+01     2.4712    179.421 -9.990e-29
    966.500      1.611    29.4253   5.804212     0.0588    30.0000     0.0731 5.3306e+01     2.4689    178.926 -9.990e-29
    966.750      1.416    29.4248   5.804141     0.0294    10.0000     0.0731 5.6536e+01     2.4688    178.556 -9.990e-29
    967.000      1.285    29.4246   5.804070     0.0367  -160.0000     0.0731 6.2696e+01     2.4690    178.596 -9.990e-29
    967.250      1.271    29.4250   5.804054     0.0367  -160.0000     0.0735 5.0162e+01     2.4701    178.987 -9.990e-29
    967.500      1.376    29.4254   5.804290     0.0367    10.0000     0.0735 4.9322e+01     2.4701    179.383 -9.990e-29
    967.750      1.574    29.4255   5.804290     0.0294    90.0000     0.0737 4.4660e+01     2.4706    179.850 -9.990e-29
    968.000      1.796    29.4258   5.804330     0.0220   -50.0000     0.0764 4.2529e+01     2.4719    180.378 -9.990e-29
    968.250      1.998    29.4259   5.804291     0.0367  -110.0000     0.0763 4.1457e+01     2.4724    180.700 -9.990e-29
    968.500      2.145    29.4259   5.804212     0.0441    90.0000     0.0764 4.8866e+01     2.4701    180.813 -9.990e-29
    968.750      2.205    29.4258   5.804291     0.0441    30.0000     0.0784 5.4885e+01     2.4691    180.533 -9.990e-29
    969.000      2.185    29.4257   5.804251     0.0220   120.0000     0.0785 5.4002e+01     2.4683    180.089 -9.990e-29
    969.250      2.096    29.4258   5.804291     0.0367  -130.0000     0.0786 5.0795e+01     2.4693    179.724 -9.990e-29
    969.500      1.943    29.4257   5.804251     0.0220   -50.0000     0.0725 5.0872e+01     2.4695    179.454 -9.990e-29
    969.750      1.767    29.4255   5.804212     0.0367   -50.0000     0.0729 5.1872e+01     2.4702    179.171 -9.990e-29
    970.000      1.600    29.4257   5.804212     0.0367    60.0000     0.0729 5.2538e+01     2.4709    178.889 -9.990e-29
    970.250      1.485    29.4259   5.804251     0.0220   200.0000     0.0726 5.2675e+01     2.4712    178.636 -9.990e-29
    970.500      1.436    29.4262   5.804290     0.0294   120.0000     0.0735 5.0949e+01     2.4729    178.744 -9.990e-29
    970.750      1.436    29.4262   5.804290     0.0220    60.0000     0.0737 4.5934e+01     2.4736    178.875 -9.990e-29
    971.000      1.467    29.4263   5.804290     0.0367   -80.0000     0.0737 4.1799e+01     2.4747    178.938 -9.990e-29
    971.250      1.525    29.4260   5.804290     0.0147    60.0000     0.0755 4.0852e+01     2.4757    178.777 -9.990e-29
    971.500      1.596    29.4257   5.804251     0.0220   -20.0000     0.0754 3.9908e+01     2.4760    178.540 -9.990e-29
    971.750      1.673    29.4255   5.804212     0.0147    60.0000     0.0754 3.9436e+01     2.4748    178.540 -9.990e-29
    972.000      1.742    29.4255   5.804212     0.0294   140.0000     0.0762 3.9719e+01     2.4740    178.586 -9.990e-29
    972.250      1.820    29.4258   5.804251     0.0294   -80.0000     0.0764 3.9232e+01     2.4737    178.723 -9.990e-29
    972.500      1.891    29.4257   5.804212     0.0147   -20.0000     0.0767 3.9702e+01     2.4743    178.733 -9.990e-29
    972.750      1.956    29.4259   5.804212     0.0367  -110.0000     0.0766 3.9080e+01     2.4750    178.826 -9.990e-29
    973.000      2.012    29.4259   5.804251     0.0073  -190.0000     0.0833 3.8169e+01     2.4755    179.055 -9.990e-29
    973.250      2.054    29.4262   5.804251     0.0514    90.0000     0.0829 3.8285e+01     2.4755    179.210 -9.990e-29
    973.500      2.060    29.4264   5.804291     0.0441  -130.0000     0.0831 3.9054e+01     2.4749    179.018 -9.990e-29
    973.750      2.032    29.4266   5.804377     0.0294    60.0000     0.0797 3.9453e+01     2.4720    178.868 -9.990e-29
    974.000      1.969    29.4267   5.804362     0.0441    10.0000     0.0795 3.9857e+01     2.4710    178.720 -9.990e-29
    974.250      1.880    29.4264   5.804291     0.0441   -50.0000     0.0793 3.9943e+01     2.4712    178.753 -9.990e-29
    974.500      1.776    29.4263   5.804291     0.0441    30.0000     0.0747 3.9360e+01     2.4700    178.754 -9.990e-29
    974.750      1.672    29.4262   5.804291     0.0441  -300.0000     0.0748 3.8526e+01     2.4676    178.815 -9.990e-29
    975.000      1.583    29.4263   5.804290     0.0367   -50.0000     0.0747 3.8434e+01     2.4672    178.910 -9.990e-29
    975.250      1.529    29.4263   5.804290     0.0220  -110.0000     0.0751 4.0081e+01     2.4687    179.004 -9.990e-29
    975.500      1.511    29.4263   5.804330     0.0294   170.0000     0.0765 4.2741e+01     2.4719    179.274 -9.990e-29
    975.750      1.527    29.4267   5.804290     0.0220   170.0000     0.0767 4.1890e+01     2.4733    179.407 -9.990e-29
    976.000      1.591    29.4269   5.804330     0.0294    10.0000     0.0768 3.9547e+01     2.4750    179.553 -9.990e-29
    976.250      1.683    29.4272   5.804361     0.0220   120.0000     0.0790 3.8793e+01     2.4748    179.664 -9.990e-29
    976.500      1.789    29.4278   5.804480     0.0367   -50.0000     0.0793 3.8409e+01     2.4751    179.704 -9.990e-29
    976.750      1.894    29.4282   5.804511     0.0294    30.0000     0.0785 3.9309e+01     2.4741    179.551 -9.990e-29
    977.000      1.983    29.4287   5.804590     0.0294    60.0000     0.0809 4.1269e+01     2.4751    179.413 -9.990e-29
    977.250      2.036    29.4286   5.804551     0.0441   -80.0000     0.0812 4.2428e+01     2.4745    179.312 -9.990e-29
    977.500      2.056    29.4287   5.804551     0.0147   -20.0000     0.0810 4.3600e+01     2.4737    179.299 -9.990e-29
    977.750      2.049    29.4287   5.804551     0.0220   140.0000     0.0813 4.2364e+01     2.4724    179.336 -9.990e-29
    978.000      2.000    29.4287   5.804590     0.0367   -80.0000     0.0808 4.0985e+01     2.4712    179.376 -9.990e-29
    978.250      1.922    29.4286   5.804511     0.0073    30.0000     0.0807 3.8659e+01     2.4711    179.384 -9.990e-29
    978.500      1.825    29.4285   5.804480     0.0220   -20.0000     0.0814 4.0825e+01     2.4715    179.345 -9.990e-29
    978.750      1.738    29.4286   5.804551     0.0220   -80.0000     0.0768 4.6403e+01     2.4729    179.047 -9.990e-29
    979.000      1.665    29.4287   5.804590     0.0220  -350.0000     0.0765 4.6293e+01     2.4744    178.894 -9.990e-29
    979.250      1.618    29.4282   5.804511     0.0441    90.0000     0.0769 4.2713e+01     2.4773    178.857 -9.990e-29
    979.500      1.591    29.4277   5.804401     0.0367   140.0000     0.0917 4.1538e+01     2.4792    178.669 -9.990e-29
    979.750      1.569    29.4276   5.804401     0.0367   -20.0000     0.0923 4.2227e+01     2.4812    178.354 -9.990e-29
    980.000      1.572    29.4276   5.804401     0.0367  -190.0000     0.0920 4.7582e+01     2.4831    178.274 -9.990e-29
    980.250      1.596    29.4272   5.804401     0.0441  -110.0000     0.0807 4.7975e+01     2.4829    178.445 -9.990e-29
    980.500      1.656    29.4271   5.804401     0.0441    10.0000     0.0811 4.3459e+01     2.4815    178.887 -9.990e-29
    980.750      1.745    29.4269   5.804361     0.0441   -20.0000     0.0807 3.8584e+01     2.4802    179.188 -9.990e-29
    981.000      1.858    29.4272   5.804401     0.0220    30.0000     0.0807 3.9952e+01     2.4794    179.484 -9.990e-29
    981.250      1.980    29.4277   5.804511     0.0367  -160.0000     0.0786 4.2992e+01     2.4783    179.568 -9.990e-29
    981.500      2.083    29.4280   5.804511     0.0220  -110.0000     0.0788 4.5854e+01     2.4753    179.677 -9.990e-29
    981.750      2.132    29.4280   5.804511     0.0808    90.0000     0.0784 4.9643e+01     2.4731    179.609 -9.990e-29
    982.000      2.125    29.4281   5.804519     0.0294   -50.0000     0.0788 5.0238e+01     2.4724    179.651 -9.990e-29
    982.250      2.067    29.4278   5.804480     0.0147  -190.0000     0.0788 4.7346e+01     2.4735    179.485 -9.990e-29
    982.500      1.952    29.4273   5.804440     0.0441  -130.0000     0.0792 4.8006e+01     2.4750    179.279 -9.990e-29
    982.750      1.796    29.4269   5.804361     0.0441    10.0000     0.0787 5.0216e+01     2.4782    179.062 -9.990e-29
    983.000      1.634    29.4267   5.804330     0.0367    90.0000     0.0785 5.0249e+01     2.4809    178.870 -9.990e-29
    983.250      1.502    29.4260   5.804251     0.0441  -220.0000     0.0786 5.4072e+01     2.4809    178.819 -9.990e-29
