cruises/P45_06/L2/CTD/Loop_Edit/P45_06_CTD_04_loop.cnv
* Sea-Bird SBE19plus  Data File:
* FileName = C:\Users\OA_2023-03\Desktop\Bathymetry\ctd_casts\proble cast 2001.hex
* Software version 2.3.0 SB_Terminal.dll
* Temperature SN = 8460
* Conductivity SN = 8460
* System UpLoad Time = Apr 16 2026 17:48:13
* <ApplicationData>
* <SeatermAF>
# nquan = 11
# nvalues = 6675                        
# units = specified
# name 0 = timeS: Time, Elapsed [seconds]
# name 1 = prdM: Pressure, Strain Gauge [db]
# name 2 = tv290C: Temperature [ITS-90, deg C]
# name 3 = c0S/m: Conductivity [S/m]
# name 4 = flECO-AFL: Fluorescence, WET Labs ECO-AFL/FL [mg/m^3]
# name 5 = flECO-AFL1: Fluorescence, WET Labs ECO-AFL/FL, 2 [mg/m^3]
# name 6 = CStarAt0: Beam Attenuation, WET Labs C-Star [1/m]
# name 7 = par/sat/log: PAR/Logarithmic, Satlantic [umol photons/m^2/sec]
# name 8 = sbeox0V: Oxygen raw, SBE 43 [V]
# name 9 = sbeox0Mm/L: Oxygen, SBE 43 [umol/l]
# name 10 = flag:  0.000e+00
# span 0 =      0.000,   1668.500       
# span 1 =     -0.107,     93.004       
# span 2 =    18.2970,    29.6030       
# span 3 =  -0.321385,   5.827162       
# span 4 =   -40.1037,    29.9382       
# span 5 = -2.758e+05, 3.1026e+05       
# span 6 =    -0.0859,    55.2620       
# span 7 = 1.1782e-01, 1.1638e+03       
# span 8 =     1.1747,     2.5956       
# span 9 =     73.455,    205.288       
# span 10 = 0.0000e+00, 0.0000e+00      
# interval = seconds: 0.25
# start_time = Apr 16 2026 16:22:25 [Instrument's time stamp, header]
# bad_flag = -9.990e-29
*END*
[from data line 4722]
   1180.500     90.159    18.3757   4.723307     0.1836   310.0000     0.1201 1.1830e-01     1.4193    101.381 -9.990e-29
   1180.750     90.168    18.3716   4.723025     0.1983   310.0000     0.1198 1.1817e-01     1.4196    101.335 -9.990e-29
   1181.000     90.167    18.3648   4.722939     0.1983   280.0000     0.1250 1.1815e-01     1.4198    101.351 -9.990e-29
   1181.250     90.177    18.3600   4.722564     0.1910   310.0000     0.1252 1.1833e-01     1.4205    101.337 -9.990e-29
   1181.500     90.181    18.3582   4.722124     0.1763   280.0000     0.1254 1.1835e-01     1.4203    101.431 -9.990e-29
   1181.750     90.190    18.3574   4.721850     0.1396   340.0000     0.1488 1.1830e-01     1.4214    101.517 -9.990e-29
   1182.000     90.194    18.3580   4.722095     0.1689   280.0000     0.1484 1.1822e-01     1.4219    101.477 -9.990e-29
   1182.250     90.197    18.3591   4.722254     0.1983   280.0000     0.1488 1.1840e-01     1.4212    101.480 -9.990e-29
   1182.500     90.201    18.3604   4.722405     0.1763   250.0000     0.1485 1.1835e-01     1.4218    101.425 -9.990e-29
   1182.750     90.205    18.3623   4.722470     0.1322   250.0000     0.1181 1.1838e-01     1.4212    101.476 -9.990e-29
   1183.000     90.205    18.3642   4.722441     0.1836   280.0000     0.1190 1.1830e-01     1.4216    101.565 -9.990e-29
   1183.250     90.209    18.3659   4.722658     0.1763   310.0000     0.1186 1.1817e-01     1.4221    101.588 -9.990e-29
   1183.500     90.212    18.3677   4.722622     0.2350   250.0000     0.1250 1.1835e-01     1.4214    101.611 -9.990e-29
   1183.750     90.210    18.3687   4.722499     0.1763   370.0000     0.1250 1.1825e-01     1.4214    101.724 -9.990e-29
   1184.000     90.214    18.3689   4.722658     0.2130   340.0000     0.1248 1.1820e-01     1.4225    101.837 -9.990e-29
   1184.250     90.209    18.3702   4.722845     0.2057   250.0000     0.1262 1.1828e-01     1.4222    101.855 -9.990e-29
   1184.500     90.211    18.3703   4.723091     0.2277   310.0000     0.1263 1.1828e-01     1.4215    101.908 -9.990e-29
   1184.750     90.207    18.3679   4.722809     0.2350   280.0000     0.1270 1.1828e-01     1.4219    101.945 -9.990e-29
   1185.000     90.205    18.3647   4.722376     0.2497   280.0000     0.1216 1.1820e-01     1.4209    101.868 -9.990e-29
   1185.250     90.200    18.3627   4.722283     0.1983   310.0000     0.1221 1.1822e-01     1.4207    101.774 -9.990e-29
   1185.500     90.196    18.3626   4.722124     0.1983   280.0000     0.1220 1.1822e-01     1.4205    101.582 -9.990e-29
   1185.750     90.194    18.3631   4.722189     0.2130   310.0000     0.1218 1.1820e-01     1.4203    101.535 -9.990e-29
   1186.000     90.189    18.3633   4.722441     0.1763   370.0000     0.1274 1.1828e-01     1.4206    101.525 -9.990e-29
   1186.250     90.185    18.3628   4.722564     0.1983   310.0000     0.1272 1.1830e-01     1.4203    101.619 -9.990e-29
   1186.500     90.176    18.3632   4.722752     0.2424   340.0000     0.1268 1.1820e-01     1.4200    101.599 -9.990e-29
   1186.750     90.172    18.3631   4.722658     0.2203   280.0000     0.1193 1.1828e-01     1.4200    101.805 -9.990e-29
   1187.000     90.165    18.3629   4.722528     0.1616   310.0000     0.1196 1.1825e-01     1.4194    101.977 -9.990e-29
   1187.250     90.160    18.3640   4.722752     0.2203   280.0000     0.1196 1.1830e-01     1.4198    101.950 -9.990e-29
   1187.500     90.156    18.3684   4.722997     0.2130   280.0000     0.1133 1.1810e-01     1.4191    102.054 -9.990e-29
   1187.750     90.151    18.3736   4.723531     0.1983   340.0000     0.1135 1.1828e-01     1.4192    101.945 -9.990e-29
   1188.000     90.145    18.3773   4.724122     0.1542   280.0000     0.1135 1.1820e-01     1.4187    101.930 -9.990e-29
   1188.250     90.136    18.3808   4.724396     0.1542   280.0000     0.1137 1.1820e-01     1.4195    101.956 -9.990e-29
   1188.500     90.129    18.3836   4.724274     0.1689   250.0000     0.1136 1.1820e-01     1.4204    101.831 -9.990e-29
   1188.750     90.125    18.3872   4.724180     0.1836   340.0000     0.1133 1.1830e-01     1.4193    101.761 -9.990e-29
   1189.000     90.122    18.3901   4.724678     0.1983   480.0000     0.1135 1.1820e-01     1.4198    101.917 -9.990e-29
   1189.250     90.118    18.3935   4.725269     0.1983   310.0000     0.1064 1.1835e-01     1.4190    101.900 -9.990e-29
   1189.500     90.114    18.3968   4.725428     0.1836   280.0000     0.1063 1.1838e-01     1.4190    101.782 -9.990e-29
   1189.750     90.113    18.3985   4.725579     0.1469   310.0000     0.1064 1.1825e-01     1.4188    101.827 -9.990e-29
   1190.000     90.113    18.3997   4.725486     0.1102   230.0000     0.1070 1.1815e-01     1.4186    101.645 -9.990e-29
   1190.250     90.109    18.3985   4.725832     0.2057   280.0000     0.1070 1.1830e-01     1.4190    101.573 -9.990e-29
   1190.500     90.109    18.4023   4.726207     0.1763   200.0000     0.1064 1.1838e-01     1.4187    101.520 -9.990e-29
   1190.750     90.107    18.4058   4.726546     0.1763   310.0000     0.1055 1.1830e-01     1.4177    101.441 -9.990e-29
   1191.000     90.107    18.4067   4.726828     0.1616   370.0000     0.1053 1.1820e-01     1.4188    101.442 -9.990e-29
   1191.250     90.111    18.4047   4.726171     0.1836   280.0000     0.1057 1.1830e-01     1.4190    101.436 -9.990e-29
   1191.500     90.116    18.4008   4.725803     0.1763   250.0000     0.1050 1.1825e-01     1.4184    101.424 -9.990e-29
   1191.750     90.120    18.3966   4.725550     0.1542   200.0000     0.1117 1.1825e-01     1.4187    101.448 -9.990e-29
   1192.000     90.127    18.3933   4.724800     0.1396   280.0000     0.1123 1.1840e-01     1.4194    101.410 -9.990e-29
   1192.250     90.129    18.3903   4.724771     0.1322   250.0000     0.1117 1.1840e-01     1.4198    101.470 -9.990e-29
   1192.500     90.136    18.3874   4.724800     0.1396   230.0000     0.1023 1.1828e-01     1.4196    101.382 -9.990e-29
   1192.750     90.146    18.3858   4.724526     0.1542   230.0000     0.1019 1.1812e-01     1.4193    101.389 -9.990e-29
   1193.000     90.153    18.3844   4.724302     0.1763   340.0000     0.1022 1.1820e-01     1.4196    101.317 -9.990e-29
   1193.250     90.162    18.3825   4.724122     0.1469   280.0000     0.1101 1.1830e-01     1.4203    101.447 -9.990e-29
   1193.500     90.171    18.3792   4.723992     0.1396   310.0000     0.1093 1.1815e-01     1.4205    101.628 -9.990e-29
   1193.750     90.178    18.3752   4.723653     0.1542   340.0000     0.1096 1.1820e-01     1.4200    101.511 -9.990e-29
   1194.000     90.187    18.3704   4.723090     0.1249   200.0000     0.1101 1.1817e-01     1.4207    101.621 -9.990e-29
   1194.250     90.198    18.3668   4.722564     0.1763   280.0000     0.1143 1.1838e-01     1.4204    101.510 -9.990e-29
   1194.500     90.207    18.3630   4.722095     0.1983   370.0000     0.1141 1.1830e-01     1.4208    101.532 -9.990e-29
   1194.750     90.209    18.3591   4.722030     0.1836   250.0000     0.1142 1.1840e-01     1.4209    101.477 -9.990e-29
   1195.000     90.218    18.3567   4.721532     0.2130   250.0000     0.1178 1.1835e-01     1.4213    101.422 -9.990e-29
   1195.250     90.224    18.3550   4.721352     0.1763   310.0000     0.1175 1.1822e-01     1.4217    101.433 -9.990e-29
   1195.500     90.229    18.3519   4.720912     0.1616   200.0000     0.1174 1.1835e-01     1.4213    101.391 -9.990e-29
   1195.750     90.237    18.3483   4.720602     0.1983   310.0000     0.1252 1.1835e-01     1.4213    101.285 -9.990e-29
   1196.000     90.240    18.3450   4.720451     0.1542   250.0000     0.1254 1.1815e-01     1.4210    101.440 -9.990e-29
   1196.250     90.240    18.3432   4.720357     0.1322   280.0000     0.1252 1.1835e-01     1.4212    101.523 -9.990e-29
   1196.500     90.242    18.3427   4.720415     0.1469   280.0000     0.1141 1.1830e-01     1.4217    101.468 -9.990e-29
   1196.750     90.244    18.3429   4.720357     0.1763   250.0000     0.1142 1.1828e-01     1.4219    101.518 -9.990e-29
   1197.000     90.242    18.3426   4.720386     0.1616   280.0000     0.1145 1.1820e-01     1.4213    101.650 -9.990e-29
   1197.250     90.240    18.3424   4.720321     0.1469   250.0000     0.1139 1.1833e-01     1.4212    101.736 -9.990e-29
   1197.500     90.237    18.3426   4.720357     0.1763   310.0000     0.1203 1.1833e-01     1.4201    101.763 -9.990e-29
   1197.750     90.229    18.3429   4.720321     0.1763   250.0000     0.1200 1.1820e-01     1.4204    101.724 -9.990e-29
   1198.000     90.224    18.3429   4.720357     0.1469   280.0000     0.1203 1.1820e-01     1.4204    101.714 -9.990e-29
   1198.250     90.217    18.3428   4.720357     0.1836   280.0000     0.1298 1.1830e-01     1.4199    101.818 -9.990e-29
   1198.500     90.208    18.3432   4.720292     0.1542   280.0000     0.1297 1.1825e-01     1.4189    101.874 -9.990e-29
   1198.750     90.199    18.3433   4.720263     0.1542   200.0000     0.1297 1.1825e-01     1.4202    101.775 -9.990e-29
   1199.000     90.188    18.3432   4.720263     0.1689   250.0000     0.1125 1.1833e-01     1.4197    101.850 -9.990e-29
   1199.250     90.175    18.3439   4.720357     0.1469   280.0000     0.1121 1.1838e-01     1.4197    101.811 -9.990e-29
   1199.500     90.171    18.3443   4.720415     0.1616   310.0000     0.1122 1.1820e-01     1.4190    101.876 -9.990e-29
   1199.750     90.159    18.3445   4.720480     0.1910   250.0000     0.1123 1.1830e-01     1.4197    101.902 -9.990e-29
   1200.000     90.148    18.3452   4.720573     0.1910   280.0000     0.1163 1.1835e-01     1.4190    101.924 -9.990e-29
   1200.250     90.142    18.3477   4.720884     0.2057   230.0000     0.1160 1.1833e-01     1.4178    101.977 -9.990e-29
   1200.500     90.130    18.3524   4.721259     0.2865   250.0000     0.1163 1.1820e-01     1.4158    101.919 -9.990e-29
   1200.750     90.119    18.3588   4.721908     0.2865   280.0000     0.1073 1.1828e-01     1.4145    101.912 -9.990e-29
   1201.000     90.111    18.3634   4.722903     0.2057   310.0000     0.1072 1.1830e-01     1.4132    101.826 -9.990e-29
   1201.250     90.102    18.3672   4.722845     0.1836   250.0000     0.1073 1.1822e-01     1.4117    101.822 -9.990e-29
   1201.500     90.095    18.3710   4.722968     0.1616   250.0000     0.1119 1.1820e-01     1.4110    101.866 -9.990e-29
   1201.750     90.088    18.3749   4.723531     0.1542   250.0000     0.1117 1.1830e-01     1.4107    101.878 -9.990e-29
   1202.000     90.081    18.3776   4.723278     0.1763   250.0000     0.1117 1.1825e-01     1.4103    101.790 -9.990e-29
   1202.250     90.077    18.3776   4.723249     0.1910   250.0000     0.1049 1.1822e-01     1.4088    101.750 -9.990e-29
   1202.500     90.079    18.3785   4.714011     0.1763   310.0000     0.1050 1.1822e-01     1.4084    101.635 -9.990e-29
   1202.750     90.077    18.3791   4.723372     0.1689   370.0000     0.1051 1.1828e-01     1.4051    101.589 -9.990e-29
   1203.000     90.075    18.3798   4.723682     0.1763   310.0000     0.1053 1.1825e-01     1.3996    101.563 -9.990e-29
   1203.250     90.079    18.3809   4.723682     0.1983   280.0000     0.1172 1.1835e-01     1.3933    101.452 -9.990e-29
   1203.500     90.083    18.3825   4.724028     0.1542   230.0000     0.1175 1.1830e-01     1.3871    101.266 -9.990e-29
   1203.750     90.088    18.3828   4.723898     0.1910   250.0000     0.1175 1.1822e-01     1.3818    101.449 -9.990e-29
   1204.000     90.090    18.3821   4.718582     0.1616   250.0000     0.1162 1.1840e-01     1.3787    101.454 -9.990e-29
   1204.250     90.097    18.3796   4.723617     0.1910   200.0000     0.1160 1.1812e-01     1.3774    101.474 -9.990e-29
   1204.500     90.105    18.3775   4.723343     0.1689   280.0000     0.1163 1.1822e-01     1.3814    101.405 -9.990e-29
   1204.750     90.112    18.3760   4.723494     0.1469   250.0000     0.1192 1.1833e-01     1.3835    101.507 -9.990e-29
   1205.000     90.125    18.3750   4.723278     0.1469   250.0000     0.1195 1.1828e-01     1.3858    101.426 -9.990e-29
   1205.250     90.134    18.3731   4.723025     0.1616   170.0000     0.1195 1.1835e-01     1.3883    101.267 -9.990e-29
   1205.500     90.141    18.3706   4.722874     0.1836   250.0000     0.1101 1.1817e-01     1.3916    100.925 -9.990e-29
   1205.750     90.145    18.3687   4.722622     0.1836   230.0000     0.1092 1.1815e-01     1.3948    100.585 -9.990e-29
   1206.000     90.141    18.3700   4.719859     0.1763   250.0000     0.1096 1.1822e-01     1.3971    100.341 -9.990e-29
   1206.250     90.132    18.3786   4.713175     0.2203   230.0000     0.1091 1.1835e-01     1.4006    100.061 -9.990e-29
   1206.500     90.139    18.3844   4.625082     0.1102   250.0000     0.1129 1.1825e-01     1.4020    100.335 -9.990e-29
   1206.750     90.143    18.3845   4.364735     0.1910   230.0000     0.1127 1.1835e-01     1.4042    101.581 -9.990e-29
   1207.000     90.167    18.3782   4.499260     0.1616  2110.0000     0.1125 1.1835e-01     1.4057    100.903 -9.990e-29
   1207.250     90.203    18.3722   4.372814     0.9548  3360.0000     0.1972 1.1830e-01     1.4062    101.449 -9.990e-29
   1207.500     90.207    18.3651   4.570297     0.6831  4550.0000     0.1971 1.1828e-01     1.4074    100.495 -9.990e-29
   1207.750     90.218    18.3579   4.627392     0.5656  1860.0000     0.1971 1.1822e-01     1.4084     99.787 -9.990e-29
   1208.000     90.227    18.3546   4.664383     0.2057  2140.0000     0.2661 1.1830e-01     1.4096     98.737 -9.990e-29
   1208.250     90.230    18.3540   4.685121     1.2780  2610.0000     0.2666 1.1820e-01     1.4102     97.508 -9.990e-29
   1208.500     90.238    18.3540   4.693666     0.8741  2970.0000     0.2661 1.1830e-01     1.4115     96.210 -9.990e-29
   1208.750     90.239    18.3540   4.702945     0.5949  1170.0000     0.2661 1.1825e-01     1.4113     94.994 -9.990e-29
   1209.000     90.247    18.3538   4.703780     0.3011   310.0000     0.2687 1.1825e-01     1.4128     94.249 -9.990e-29
   1209.250     90.248    18.3527   4.700964     0.1983   310.0000     0.2680 1.1835e-01     1.4128     93.974 -9.990e-29
   1209.500     90.248    18.3506   4.702174     0.2203   310.0000     0.2684 1.1830e-01     1.4129     94.746 -9.990e-29
   1209.750     90.252    18.3481   4.706258     0.2791   480.0000     0.2194 1.1815e-01     1.4129     95.643 -9.990e-29
   1210.000     90.250    18.3466   4.708772     0.3966   390.0000     0.2198 1.1820e-01     1.4119     96.778 -9.990e-29
   1210.250     90.249    18.3460   4.708304     0.3599   480.0000     0.2197 1.1825e-01     1.4113     97.953 -9.990e-29
   1210.500     90.241    18.3457   4.708801     0.3599   670.0000     0.2219 1.1830e-01     1.4107     99.143 -9.990e-29
   1210.750     90.239    18.3456   4.709327     0.3966   950.0000     0.2216 1.1835e-01     1.4090    100.157 -9.990e-29
   1211.000     90.232    18.3451   4.710040     0.8006  1000.0000     0.2221 1.1833e-01     1.4075    100.772 -9.990e-29
   1211.250     90.227    18.3446   4.711129     0.8594   730.0000     0.2446 1.1822e-01     1.4069    101.364 -9.990e-29
   1211.500     90.220    18.3441   4.712123     0.6390   640.0000     0.2443 1.1830e-01     1.4055    101.455 -9.990e-29
   1211.750     90.216    18.3435   4.712584     0.4848   750.0000     0.2446 1.1828e-01     1.4039    101.679 -9.990e-29
   1212.000     90.209    18.3429   4.713363     0.3893   890.0000     0.2448 1.1822e-01     1.4026    101.764 -9.990e-29
   1212.250     90.198    18.3426   4.714199     0.5068   970.0000     0.3737 1.1810e-01     1.4013    101.647 -9.990e-29
   1212.500     90.192    18.3424   4.714480     0.3966   970.0000     0.3737 1.1817e-01     1.3997    101.563 -9.990e-29
   1212.750     90.181    18.3425   4.715007     0.5288   810.0000     0.3740 1.1825e-01     1.3984    101.474 -9.990e-29
