cruises/P45_06/L2/CTD/Loop_Edit/P45_06_CTD_05_loop.cnv
* Sea-Bird SBE19plus  Data File:
* FileName = C:\Users\OA_2023-03\Desktop\Bathymetry\ctd_casts\proble cast 2002.hex
* Software version 2.3.0 SB_Terminal.dll
* Temperature SN = 8460
* Conductivity SN = 8460
* System UpLoad Time = Apr 16 2026 17:52:48
* <ApplicationData>
* <SeatermAF>
# nquan = 11
# nvalues = 5576                        
# units = specified
# name 0 = timeS: Time, Elapsed [seconds]
# name 1 = prdM: Pressure, Strain Gauge [db]
# name 2 = tv290C: Temperature [ITS-90, deg C]
# name 3 = c0S/m: Conductivity [S/m]
# name 4 = flECO-AFL: Fluorescence, WET Labs ECO-AFL/FL [mg/m^3]
# name 5 = flECO-AFL1: Fluorescence, WET Labs ECO-AFL/FL, 2 [mg/m^3]
# name 6 = CStarAt0: Beam Attenuation, WET Labs C-Star [1/m]
# name 7 = par/sat/log: PAR/Logarithmic, Satlantic [umol photons/m^2/sec]
# name 8 = sbeox0V: Oxygen raw, SBE 43 [V]
# name 9 = sbeox0Mm/L: Oxygen, SBE 43 [umol/l]
# name 10 = flag:  0.000e+00
# span 0 =      0.000,   1393.750       
# span 1 =     -0.125,     73.964       
# span 2 =    18.3364,    29.4507       
# span 3 =  -0.251727,   5.807033       
# span 4 =    -4.8477,     4.4584       
# span 5 =-85630.0000, 35270.0000       
# span 6 =     0.0545,    22.7930       
# span 7 = 1.1792e-01, 2.9764e+02       
# span 8 =     1.4314,     2.5962       
# span 9 =     97.389,    201.906       
# span 10 = 0.0000e+00, 0.0000e+00      
# interval = seconds: 0.25
# start_time = Apr 16 2026 17:14:45 [Instrument's time stamp, header]
# bad_flag = -9.990e-29
*END*
[from data line 4591]
   1147.750     63.356    18.5595   4.739890     0.1028   250.0000     0.0603 2.0055e-01     1.4538    104.256 0.0000e+00
   1148.000     63.254    18.5613   4.740172     0.1249   230.0000     0.0603 2.0034e-01     1.4534    104.447 0.0000e+00
   1148.250     63.172    18.5631   4.740201     0.1175   140.0000     0.0607 1.7523e-01     1.4541    104.418 0.0000e+00
   1148.500     63.101    18.5641   4.740389     0.1689   230.0000     0.0609 1.7538e-01     1.4551    104.502 0.0000e+00
   1148.750     63.016    18.5660   4.740425     0.0881   200.0000     0.0618 1.9622e-01     1.4561    104.672 0.0000e+00
   1149.000     62.899    18.5687   4.740764     0.1102   250.0000     0.0617 2.1835e-01     1.4571    104.612 0.0000e+00
   1149.250     62.736    18.5716   4.741205     0.1028   230.0000     0.0619 2.1456e-01     1.4583    104.579 0.0000e+00
   1149.500     62.508    18.5793   4.741545     0.0955   230.0000     0.0620 2.3410e-01     1.4589    104.566 0.0000e+00
   1149.750     62.236    18.5949   4.743076     0.1249   200.0000     0.0633 2.0730e-01     1.4592    104.397 0.0000e+00
   1150.000     61.945    18.6095   4.745801     0.1396   230.0000     0.0635 2.1056e-01     1.4620    104.321 0.0000e+00
   1150.250     61.650    18.6219   4.746900     0.1322   250.0000     0.0632 2.3762e-01     1.4627    104.276 0.0000e+00
   1150.500     61.392    18.6323   4.747586     0.1322   140.0000     0.0644 2.6385e-01     1.4641    104.252 0.0000e+00
   1150.750     61.190    18.6418   4.748367     0.1028   280.0000     0.0648 2.2860e-01     1.4653    104.147 0.0000e+00
   1151.000     61.043    18.6511   4.749061     0.1028   200.0000     0.0643 2.1887e-01     1.4659    104.251 0.0000e+00
   1151.250     60.946    18.6628   4.750030     0.1616   250.0000     0.0649 2.2959e-01     1.4679    104.428 0.0000e+00
   1151.500     60.875    18.6708   4.751657     0.1542   170.0000     0.0648 2.3108e-01     1.4692    104.437 0.0000e+00
   1151.750     60.808    18.6754   4.751533     0.1542   310.0000     0.0646 2.0051e-01     1.4699    104.566 0.0000e+00
   1152.000     60.721    18.6828   4.751815     0.1396   200.0000     0.0626 2.4156e-01     1.4718    104.565 0.0000e+00
   1152.250     60.610    18.6892   4.752944     0.1102   140.0000     0.0630 2.4062e-01     1.4720    104.779 0.0000e+00
   1152.500     60.457    18.6943   4.753414     0.1836   230.0000     0.0627 2.4120e-01     1.4726    104.500 0.0000e+00
   1152.750     60.277    18.6982   4.753696     0.1396   310.0000     0.0628 2.8265e-01     1.4736    104.692 0.0000e+00
   1153.000     60.081    18.7038   4.753977     0.1542   200.0000     0.0598 2.7344e-01     1.4735    104.576 0.0000e+00
   1153.250     59.888    18.7107   4.754795     0.1763   280.0000     0.0595 2.7085e-01     1.4737    104.599 0.0000e+00
   1153.500     59.703    18.7214   4.755677     0.1616   250.0000     0.0595 2.5826e-01     1.4737    104.743 0.0000e+00
   1153.750     59.517    18.7324   4.757464     0.1542   140.0000     0.0593 2.6736e-01     1.4748    104.875 0.0000e+00
   1154.000     59.321    18.7434   4.758535     0.1763   140.0000     0.0593 2.6695e-01     1.4767    105.035 0.0000e+00
   1154.250     59.106    18.7566   4.759599     0.1322   140.0000     0.0597 2.3737e-01     1.4776    105.210 0.0000e+00
   1154.500     58.866    18.7690   4.761300     0.1763   200.0000     0.0618 2.3768e-01     1.4798    105.377 0.0000e+00
   1154.750     58.599    18.7792   4.762334     0.1983   250.0000     0.0624 2.4942e-01     1.4802    105.366 0.0000e+00
   1155.000     58.306    18.7905   4.763029     0.1910   200.0000     0.0622 2.7226e-01     1.4823    105.761 0.0000e+00
   1155.250     58.013    18.8076   4.764535     0.1910   250.0000     0.0621 3.1843e-01     1.4828    105.848 0.0000e+00
   1155.500     57.728    18.8238   4.767402     0.1836    90.0000     0.0737 2.7930e-01     1.4847    106.008 0.0000e+00
   1155.750     57.475    18.8379   4.768155     0.1910   140.0000     0.0734 2.9387e-01     1.4862    106.135 0.0000e+00
   1156.000     57.251    18.8499   4.769727     0.2130   230.0000     0.0735 3.2744e-01     1.4875    106.171 0.0000e+00
   1156.250     57.068    18.8606   4.770581     0.1910   120.0000     0.0768 3.1561e-01     1.4877    106.401 0.0000e+00
   1156.500     56.913    18.8713   4.771617     0.1983   230.0000     0.0774 3.1995e-01     1.4895    106.557 0.0000e+00
   1156.750     56.786    18.8813   4.772755     0.1983   250.0000     0.0768 3.2301e-01     1.4894    106.599 0.0000e+00
   1157.000     56.675    18.8877   4.773762     0.1763   250.0000     0.0769 2.9400e-01     1.4915    106.759 0.0000e+00
   1157.250     56.564    18.8952   4.773638     0.1910   230.0000     0.0770 3.2986e-01     1.4919    106.761 0.0000e+00
   1157.500     56.453    18.9122   4.775022     0.1910   250.0000     0.0773 3.2050e-01     1.4920    106.761 0.0000e+00
   1157.750     56.326    18.9378   4.778154     0.1910   250.0000     0.0773 3.4177e-01     1.4933    106.805 0.0000e+00
   1158.000     56.173    18.9600   4.781786     0.2057   170.0000     0.0723 3.4118e-01     1.4937    106.671 0.0000e+00
   1158.250     55.991    18.9802   4.783207     0.1763   250.0000     0.0723 3.4251e-01     1.4938    106.526 0.0000e+00
   1158.500     55.800    18.9956   4.785005     0.2130   230.0000     0.0723 3.6445e-01     1.4939    106.368 0.0000e+00
   1158.750     55.607    19.0053   4.785832     0.2277   230.0000     0.0708 3.6061e-01     1.4947    106.408 0.0000e+00
   1159.000     55.426    19.0123   4.786049     0.2130   250.0000     0.0712 3.5312e-01     1.4953    106.600 0.0000e+00
   1159.250     55.271    19.0181   4.786528     0.1983   250.0000     0.0708 3.3963e-01     1.4966    106.754 0.0000e+00
   1159.500     55.147    19.0237   4.787065     0.2057   280.0000     0.0670 4.0302e-01     1.4984    107.087 0.0000e+00
   1159.750     55.042    19.0294   4.787507     0.2350   250.0000     0.0672 3.7843e-01     1.5003    107.194 0.0000e+00
   1160.000     54.945    19.0333   4.788138     0.2203   310.0000     0.0673 3.6319e-01     1.5015    107.557 0.0000e+00
   1160.250     54.851    19.0372   4.788167     0.2571   250.0000     0.0665 3.5688e-01     1.5033    107.673 0.0000e+00
   1160.500     54.742    19.0411   4.788610     0.2203   200.0000     0.0669 3.7250e-01     1.5054    107.925 0.0000e+00
   1160.750     54.609    19.0447   4.789059     0.2057   250.0000     0.0668 3.8106e-01     1.5073    108.090 0.0000e+00
   1161.000     54.456    19.0482   4.789313     0.2203   250.0000     0.0668 4.1406e-01     1.5098    108.214 0.0000e+00
   1161.250     54.289    19.0507   4.789560     0.2130   250.0000     0.0679 4.2376e-01     1.5122    108.196 0.0000e+00
   1161.500     54.131    19.0525   4.789719     0.2424   230.0000     0.0682 4.0512e-01     1.5150    108.367 0.0000e+00
   1161.750     53.994    19.0541   4.789850     0.2644   250.0000     0.0679 4.3032e-01     1.5183    108.300 0.0000e+00
   1162.000     53.878    19.0570   4.789944     0.2644   280.0000     0.0655 4.1550e-01     1.5200    108.487 0.0000e+00
   1162.250     53.774    19.0603   4.790452     0.2497   250.0000     0.0653 4.1622e-01     1.5253    108.506 0.0000e+00
   1162.500     53.664    19.0652   4.790829     0.2424   340.0000     0.0653 4.2754e-01     1.5277    108.414 0.0000e+00
   1162.750     53.547    19.0773   4.791555     0.2571   250.0000     0.0682 4.2129e-01     1.5317    108.507 0.0000e+00
   1163.000     53.409    19.0931   4.793907     0.2130   370.0000     0.0681 4.0206e-01     1.5354    108.493 0.0000e+00
   1163.250     53.256    19.1128   4.795773     0.2938   230.0000     0.0679 4.3632e-01     1.5392    108.441 0.0000e+00
   1163.500     53.103    19.1354   4.798503     0.2718   310.0000     0.0687 4.2698e-01     1.5397    108.320 0.0000e+00
   1163.750     52.958    19.1593   4.801262     0.3085   250.0000     0.0762 4.1550e-01     1.5426    108.332 0.0000e+00
   1164.000     52.829    19.1795   4.803805     0.2571   170.0000     0.0769 4.6891e-01     1.5450    108.288 0.0000e+00
   1164.250     52.709    19.1975   4.804887     0.2424   250.0000     0.0768 4.4770e-01     1.5468    108.436 0.0000e+00
   1164.500     52.583    19.2121   4.806733     0.3085   200.0000     0.0828 4.6226e-01     1.5498    108.669 0.0000e+00
   1164.750     52.434    19.2275   4.807721     0.2718   370.0000     0.0823 4.4586e-01     1.5512    108.942 0.0000e+00
   1165.000     52.252    19.2451   4.809756     0.2644   280.0000     0.0827 4.5689e-01     1.5535    109.157 0.0000e+00
   1165.250     52.025    19.2645   4.811828     0.3232   250.0000     0.0843 4.8072e-01     1.5559    109.456 0.0000e+00
   1165.500     51.751    19.2845   4.814052     0.3085   230.0000     0.0849 5.0133e-01     1.5594    109.781 0.0000e+00
   1165.750     51.458    19.3097   4.816314     0.3305   310.0000     0.0841 4.8417e-01     1.5625    110.029 0.0000e+00
   1166.000     51.156    19.3314   4.820053     0.3305   370.0000     0.0845 4.9486e-01     1.5648    110.348 0.0000e+00
   1166.250     50.876    19.3503   4.820940     0.3746   450.0000     0.0894 5.2225e-01     1.5687    110.644 0.0000e+00
   1166.500     50.649    19.3698   4.823021     0.3305   280.0000     0.0892 5.3460e-01     1.5717    110.993 0.0000e+00
   1166.750     50.476    19.3851   4.825125     0.3305   340.0000     0.0892 5.1618e-01     1.5750    111.432 0.0000e+00
   1167.000     50.369    19.3989   4.825801     0.3746   310.0000     0.0912 5.2965e-01     1.5792    111.665 0.0000e+00
   1167.250     50.301    19.4091   4.827192     0.3085   280.0000     0.0908 5.2304e-01     1.5832    112.368 0.0000e+00
   1167.500     50.270    19.4157   4.827686     0.3746   310.0000     0.0907 5.1385e-01     1.5883    112.718 0.0000e+00
   1167.750     50.249    19.4242   4.827970     0.3305   310.0000     0.0927 4.8354e-01     1.5946    113.265 0.0000e+00
   1168.000     50.220    19.4386   4.829346     0.3966   370.0000     0.0925 5.2157e-01     1.6013    113.765 0.0000e+00
   1168.250     50.158    19.4568   4.831844     0.3673   280.0000     0.0923 5.4053e-01     1.6091    114.248 0.0000e+00
   1168.500     50.041    19.4734   4.833993     0.3673   370.0000     0.0924 5.6309e-01     1.6191    114.219 0.0000e+00
   1168.750     49.876    19.4874   4.835370     0.3452   310.0000     0.0923 5.7081e-01     1.6314    114.431 0.0000e+00
   1169.000     49.656    19.4999   4.836390     0.3599   340.0000     0.0923 5.6211e-01     1.6437    114.582 0.0000e+00
   1169.250     49.410    19.5157   4.837672     0.3893   370.0000     0.0920 5.5414e-01     1.6555    114.549 0.0000e+00
   1169.500     49.156    19.5385   4.839982     0.3526   370.0000     0.0956 5.6847e-01     1.6664    114.760 0.0000e+00
   1169.750     48.921    19.5581   4.843357     0.3746   530.0000     0.0957 5.7852e-01     1.6790    114.727 0.0000e+00
   1170.000     48.725    19.5799   4.844027     0.4260   340.0000     0.0956 6.0672e-01     1.6896    114.846 0.0000e+00
   1170.250     48.585    19.6043   4.847688     0.4040   370.0000     0.1000 5.8570e-01     1.7001    115.037 0.0000e+00
   1170.500     48.485    19.6383   4.850073     0.4187   390.0000     0.1001 6.1385e-01     1.7087    115.457 0.0000e+00
   1170.750     48.425    19.6657   4.855604     0.4113   450.0000     0.1003 6.0528e-01     1.7159    115.773 0.0000e+00
   1171.000     48.376    19.6840   4.855800     0.4627   420.0000     0.1073 5.9502e-01     1.7241    116.019 0.0000e+00
   1171.250     48.310    19.7225   4.857092     0.4407   390.0000     0.1069 6.1014e-01     1.7314    116.499 0.0000e+00
   1171.500     48.218    19.7865   4.864978     0.4113   480.0000     0.1070 6.1918e-01     1.7368    116.838 0.0000e+00
   1171.750     48.078    19.8569   4.874953     0.4701   590.0000     0.1072 7.0424e-01     1.7438    117.184 0.0000e+00
   1172.000     47.885    19.9418   4.882112     0.4627   450.0000     0.1094 6.8738e-01     1.7490    117.577 0.0000e+00
   1172.250     47.658    20.0335   4.893742     0.5509   370.0000     0.1094 6.9156e-01     1.7535    117.920 0.0000e+00
   1172.500     47.408    20.1119   4.903441     0.5068   450.0000     0.1097 7.1716e-01     1.7567    118.393 0.0000e+00
   1172.750     47.170    20.1753   4.908556     0.5362   750.0000     0.1164 6.9441e-01     1.7606    119.108 0.0000e+00
   1173.000     46.974    20.2270   4.913263     0.5509   560.0000     0.1160 7.4081e-01     1.7632    119.944 0.0000e+00
   1173.250     46.847    20.2651   4.917687     0.5729   530.0000     0.1160 7.5276e-01     1.7670    120.978 0.0000e+00
   1173.500     46.781    20.3045   4.919256     0.5803   610.0000     0.1169 7.2621e-01     1.7697    122.409 0.0000e+00
   1173.750     46.759    20.3459   4.924292     0.5362   610.0000     0.1167 7.1452e-01     1.7714    124.230 -9.990e-29
   1174.000     46.763    20.3639   4.928830     0.5142   390.0000     0.1171 6.6328e-01     1.7738    126.114 -9.990e-29
   1174.250     46.759    20.3638   4.926170     0.5509   730.0000     0.1167 7.0607e-01     1.7758    127.969 -9.990e-29
   1174.500     46.737    20.3715   4.924723     0.6390   560.0000     0.1179 7.4306e-01     1.7784    129.631 0.0000e+00
   1174.750     46.674    20.3849   4.927374     0.5949   640.0000     0.1179 7.6013e-01     1.7817    131.426 0.0000e+00
   1175.000     46.552    20.3997   4.929174     0.5729   610.0000     0.1179 8.0742e-01     1.7842    132.838 0.0000e+00
   1175.250     46.388    20.4130   4.930841     0.6684   560.0000     0.1154 7.6939e-01     1.7857    134.045 0.0000e+00
   1175.500     46.194    20.4252   4.932104     0.5656   920.0000     0.1150 7.8707e-01     1.7877    134.799 0.0000e+00
   1175.750     45.992    20.4361   4.933177     0.6611   700.0000     0.1150 7.8520e-01     1.7906    135.222 0.0000e+00
   1176.000     45.821    20.4470   4.934154     0.6831   670.0000     0.1173 8.1444e-01     1.7929    135.722 0.0000e+00
   1176.250     45.683    20.4565   4.935197     0.6170   730.0000     0.1176 8.2543e-01     1.7953    136.119 0.0000e+00
   1176.500     45.579    20.4651   4.935954     0.7051   860.0000     0.1177 8.3081e-01     1.7969    136.249 0.0000e+00
   1176.750     45.508    20.4706   4.936770     0.6611   530.0000     0.1169 8.2436e-01     1.7980    136.565 0.0000e+00
   1177.000     45.457    20.4755   4.936806     0.6611   670.0000     0.1163 8.2794e-01     1.7989    136.738 0.0000e+00
   1177.250     45.406    20.4819   4.937336     0.7051   780.0000     0.1167 8.4276e-01     1.8007    136.869 0.0000e+00
   1177.500     45.339    20.4932   4.938254     0.7051   780.0000     0.1213 8.4678e-01     1.8031    136.865 0.0000e+00
   1177.750     45.243    20.5049   4.940056     0.6390   640.0000     0.1212 8.9229e-01     1.8070    136.930 0.0000e+00
   1178.000     45.110    20.5161   4.941195     0.7272   700.0000     0.1213 8.8959e-01     1.8108    136.820 0.0000e+00
   1178.250     44.952    20.5289   4.942202     0.6390   840.0000     0.1213 9.2092e-01     1.8155    136.914 0.0000e+00
   1178.500     44.766    20.5426   4.943820     0.6023   840.0000     0.1171 8.8844e-01     1.8189    136.923 0.0000e+00
   1178.750     44.563    20.5554   4.945107     0.6464   640.0000     0.1169 8.8998e-01     1.8247    136.781 0.0000e+00
   1179.000     44.354    20.5682   4.946063     0.6611   970.0000     0.1171 8.9422e-01     1.8318    136.808 0.0000e+00
   1179.250     44.157    20.5794   4.947519     0.7125   780.0000     0.1223 9.3578e-01     1.8387    136.836 0.0000e+00
   1179.500     43.979    20.5902   4.948203     0.7051   860.0000     0.1228 9.5150e-01     1.8448    136.986 0.0000e+00
   1179.750     43.825    20.5997   4.949137     0.7198   860.0000     0.1226 9.5232e-01     1.8514    137.252 0.0000e+00
   1180.000     43.706    20.6101   4.949954     0.7272   610.0000     0.1201 9.8779e-01     1.8586    137.476 0.0000e+00
