cruises/P45_06/L2/CTD/Loop_Edit/P45_06_CTD_04_loop.cnv
* Sea-Bird SBE19plus  Data File:
* FileName = C:\Users\OA_2023-03\Desktop\Bathymetry\ctd_casts\proble cast 2001.hex
* Software version 2.3.0 SB_Terminal.dll
* Temperature SN = 8460
* Conductivity SN = 8460
* System UpLoad Time = Apr 16 2026 17:48:13
* <ApplicationData>
* <SeatermAF>
# nquan = 11
# nvalues = 6675                        
# units = specified
# name 0 = timeS: Time, Elapsed [seconds]
# name 1 = prdM: Pressure, Strain Gauge [db]
# name 2 = tv290C: Temperature [ITS-90, deg C]
# name 3 = c0S/m: Conductivity [S/m]
# name 4 = flECO-AFL: Fluorescence, WET Labs ECO-AFL/FL [mg/m^3]
# name 5 = flECO-AFL1: Fluorescence, WET Labs ECO-AFL/FL, 2 [mg/m^3]
# name 6 = CStarAt0: Beam Attenuation, WET Labs C-Star [1/m]
# name 7 = par/sat/log: PAR/Logarithmic, Satlantic [umol photons/m^2/sec]
# name 8 = sbeox0V: Oxygen raw, SBE 43 [V]
# name 9 = sbeox0Mm/L: Oxygen, SBE 43 [umol/l]
# name 10 = flag:  0.000e+00
# span 0 =      0.000,   1668.500       
# span 1 =     -0.107,     93.004       
# span 2 =    18.2970,    29.6030       
# span 3 =  -0.321385,   5.827162       
# span 4 =   -40.1037,    29.9382       
# span 5 = -2.758e+05, 3.1026e+05       
# span 6 =    -0.0859,    55.2620       
# span 7 = 1.1782e-01, 1.1638e+03       
# span 8 =     1.1747,     2.5956       
# span 9 =     73.455,    205.288       
# span 10 = 0.0000e+00, 0.0000e+00      
# interval = seconds: 0.25
# start_time = Apr 16 2026 16:22:25 [Instrument's time stamp, header]
# bad_flag = -9.990e-29
*END*
[from data line 2230]
    557.500     92.966    18.3683   4.718057     0.1763   230.0000     0.1151 1.1805e-01     1.4165    101.051 -9.990e-29
    557.750     92.966    18.3669   4.722313     0.1763   280.0000     0.1149 1.1805e-01     1.4166    101.188 -9.990e-29
    558.000     92.968    18.3657   4.722096     0.1836   250.0000     0.1146 1.1802e-01     1.4171    101.201 -9.990e-29
    558.250     92.968    18.3642   4.722161     0.1396   340.0000     0.1145 1.1802e-01     1.4168    101.191 -9.990e-29
    558.500     92.966    18.3625   4.721260     0.1763   340.0000     0.1141 1.1797e-01     1.4165    101.352 -9.990e-29
    558.750     92.964    18.3611   4.719233     0.1249   170.0000     0.1059 1.1802e-01     1.4170    101.408 -9.990e-29
    559.000     92.962    18.3605   4.721447     0.1175   230.0000     0.1059 1.1799e-01     1.4158    101.438 -9.990e-29
    559.250     92.960    18.3592   4.721974     0.1175   250.0000     0.1053 1.1810e-01     1.4162    101.559 -9.990e-29
    559.500     92.957    18.3575   4.721317     0.1102   170.0000     0.1005 1.1797e-01     1.4159    101.502 -9.990e-29
    559.750     92.957    18.3545   4.719139     0.1469   250.0000     0.0959 1.1810e-01     1.4159    101.455 -9.990e-29
    560.000     92.949    18.3528   4.720416     0.1102   250.0000     0.0959 1.1810e-01     1.4157    101.406 -9.990e-29
    560.250     92.946    18.3515   4.719947     0.1249   200.0000     0.0963 1.1822e-01     1.4158    101.437 -9.990e-29
    560.500     92.940    18.3508   4.710878     0.1689   200.0000     0.1054 1.1810e-01     1.4158    101.517 -9.990e-29
    560.750     92.938    18.3506   4.718923     0.1469   170.0000     0.1053 1.1799e-01     1.4158    101.420 -9.990e-29
    561.000     92.931    18.3501   4.720358     0.1249   250.0000     0.1052 1.1812e-01     1.4154    101.435 -9.990e-29
    561.250     92.928    18.3502   4.719608     0.1322   140.0000     0.1117 1.1820e-01     1.4147    101.569 -9.990e-29
    561.500     92.922    18.3527   4.720199     0.1469   310.0000     0.1117 1.1810e-01     1.4158    101.501 -9.990e-29
    561.750     92.913    18.3620   4.721101     0.1175   250.0000     0.1120 1.1810e-01     1.4153    101.377 -9.990e-29
    562.000     92.911    18.3766   4.723308     0.2130   250.0000     0.1195 1.1805e-01     1.4158    101.346 -9.990e-29
    562.250     92.906    18.3887   4.721570     0.0881   170.0000     0.1192 1.1797e-01     1.4152    101.202 -9.990e-29
    562.500     92.902    18.3979   4.714171     0.1396   200.0000     0.1198 1.1805e-01     1.4151    101.221 -9.990e-29
    562.750     92.895    18.4045   4.725833     0.1249   250.0000     0.1198 1.1825e-01     1.4145    101.151 -9.990e-29
    563.000     92.893    18.4099   4.725581     0.1396   310.0000     0.1085 1.1802e-01     1.4144    101.210 -9.990e-29
    563.250     92.887    18.4149   4.718706     0.1102   230.0000     0.1083 1.1810e-01     1.4146    101.209 -9.990e-29
    563.500     92.887    18.4198   4.724246     0.1396   250.0000     0.1086 1.1805e-01     1.4146    101.186 -9.990e-29
    563.750     92.884    18.4215   4.726237     0.1249   280.0000     0.1355 1.1815e-01     1.4142    101.264 -9.990e-29
    564.000     92.878    18.4214   4.725118     0.1249   310.0000     0.1351 1.1805e-01     1.4104    101.095 -9.990e-29
    564.250     92.880    18.4204   4.726641     0.1542   250.0000     0.1357 1.1805e-01     1.4049    101.123 -9.990e-29
    564.500     92.880    18.4192   4.726049     0.1322   250.0000     0.1531 1.1810e-01     1.4026    101.047 -9.990e-29
    564.750     92.880    18.4177   4.726612     0.1542   250.0000     0.1528 1.1812e-01     1.3991    101.021 -9.990e-29
    565.000     92.880    18.4141   4.726583     0.1175   230.0000     0.1532 1.1805e-01     1.3996    100.973 -9.990e-29
    565.250     92.882    18.4120   4.725674     0.1028   250.0000     0.1495 1.1810e-01     1.3989    101.006 -9.990e-29
    565.500     92.884    18.4120   4.725674     0.1396   250.0000     0.1497 1.1799e-01     1.4007    101.028 -9.990e-29
    565.750     92.891    18.4090   4.724527     0.2644   250.0000     0.1496 1.1812e-01     1.4023    101.048 -9.990e-29
    566.000     92.893    18.4064   4.722500     0.2057   230.0000     0.1496 1.1810e-01     1.4033    101.044 -9.990e-29
    566.250     92.893    18.4042   4.725523     0.1469   230.0000     0.1708 1.1797e-01     1.4048    100.909 -9.990e-29
    566.500     92.900    18.4022   4.725429     0.1689   280.0000     0.1709 1.1812e-01     1.4067    101.079 -9.990e-29
    566.750     92.907    18.3992   4.725119     0.1102   310.0000     0.1714 1.1794e-01     1.4079    101.024 -9.990e-29
    567.000     92.913    18.3973   4.721382     0.1322   170.0000     0.1770 1.1812e-01     1.4093    101.125 -9.990e-29
    567.250     92.917    18.3944   4.722846     0.1983   120.0000     0.1776 1.1807e-01     1.4099    101.043 -9.990e-29
    567.500     92.927    18.3910   4.721353     0.1028   280.0000     0.1775 1.1802e-01     1.4105    101.042 -9.990e-29
    567.750     92.927    18.3871   4.658988     0.1322   170.0000     0.1589 1.1805e-01     1.4113    101.275 -9.990e-29
    568.000     92.937    18.3848   4.429735     0.1102   250.0000     0.1590 1.1799e-01     1.4111    102.441 -9.990e-29
    568.250     92.947    18.3830   4.719730     0.1616   280.0000     0.1592 1.1810e-01     1.4091    100.960 -9.990e-29
    568.500     92.949    18.3809   4.721598     0.1983   230.0000     0.1590 1.1815e-01     1.4097    100.915 -9.990e-29
    568.750     92.958    18.3785   4.721411     0.1689   250.0000     0.1589 1.1815e-01     1.4084    100.895 -9.990e-29
    569.000     92.962    18.3764   4.722031     0.1322   250.0000     0.1595 1.1805e-01     1.4082    100.299 -9.990e-29
    569.250     92.973    18.3739   4.712398     0.1102   250.0000     0.1591 1.1815e-01     1.4091     99.404 -9.990e-29
    569.500     92.977    18.3712   4.715757     0.1322   250.0000     0.1389 1.1812e-01     1.4095     98.779 -9.990e-29
    569.750     92.982    18.3685   4.719081     0.1469   250.0000     0.1392 1.1805e-01     1.4088     98.005 -9.990e-29
    570.000     92.987    18.3668   4.721447     0.1102   280.0000     0.1388 1.1812e-01     1.4100     97.857 -9.990e-29
    570.250     92.991    18.3657   4.719514     0.1616   280.0000     0.1357 1.1807e-01     1.4097     97.719 -9.990e-29
    570.500     92.997    18.3649   4.714885     0.1249   310.0000     0.1348 1.1815e-01     1.4098     98.135 -9.990e-29
    570.750     92.998    18.3636   4.720913     0.1616   250.0000     0.1351 1.1820e-01     1.4097     98.689 -9.990e-29
    571.000     92.998    18.3616   4.719730     0.1322   250.0000     0.1207 1.1805e-01     1.4104     99.370 -9.990e-29
    571.250     93.004    18.3592   4.720668     0.1322   250.0000     0.1207 1.1797e-01     1.4110    100.066 -9.990e-29
    571.500     93.000    18.3579   4.720509     0.1836   250.0000     0.1205 1.1810e-01     1.4114    100.667 -9.990e-29
    571.750     93.002    18.3585   4.710510     0.1763   230.0000     0.1211 1.1812e-01     1.4114    101.147 -9.990e-29
    572.000     93.002    18.3599   4.674816     0.1175   230.0000     0.1052 1.1805e-01     1.4115    101.588 -9.990e-29
    572.250     93.000    18.3605   4.696265     0.1249   280.0000     0.1052 1.1810e-01     1.4112    101.588 -9.990e-29
    572.500     92.997    18.3589   4.705395     0.1763   340.0000     0.1051 1.1817e-01     1.4108    101.528 -9.990e-29
    572.750     92.997    18.3566   4.718021     0.1396   250.0000     0.1047 1.1822e-01     1.4106    101.487 -9.990e-29
    573.000     92.991    18.3544   4.717401     0.1983   280.0000     0.1045 1.1810e-01     1.4105    101.359 -9.990e-29
    573.250     92.986    18.3515   4.715036     0.1396   250.0000     0.1052 1.1799e-01     1.4105    100.915 -9.990e-29
    573.500     92.980    18.3485   4.716003     0.1763   230.0000     0.1003 1.1810e-01     1.4108    100.778 -9.990e-29
    573.750     92.976    18.3469   4.716594     0.1689   230.0000     0.1005 1.1810e-01     1.4098    100.430 -9.990e-29
    574.000     92.969    18.3467   4.717337     0.1616   230.0000     0.1010 1.1810e-01     1.4091    100.252 -9.990e-29
    574.250     92.969    18.3482   4.716688     0.1542   250.0000     0.1007 1.1805e-01     1.4068    100.300 -9.990e-29
    574.500     92.956    18.3495   4.712305     0.1322   230.0000     0.1046 1.1812e-01     1.4034    100.377 -9.990e-29
    574.750     92.951    18.3521   4.708802     0.1616   250.0000     0.1051 1.1825e-01     1.4009    100.313 -9.990e-29
    575.000     92.944    18.3583   4.718735     0.1689   200.0000     0.1051 1.1799e-01     1.4000    100.522 -9.990e-29
    575.250     92.938    18.3675   4.717870     0.1396   250.0000     0.1286 1.1815e-01     1.4000    100.602 -9.990e-29
    575.500     92.929    18.3799   4.721166     0.1542   250.0000     0.1291 1.1810e-01     1.4001    100.622 -9.990e-29
    575.750     92.922    18.3940   4.724463     0.1542   280.0000     0.1288 1.1797e-01     1.3997    100.629 -9.990e-29
    576.000     92.918    18.4039   4.724181     0.1322   280.0000     0.1818 1.1810e-01     1.3991    100.696 -9.990e-29
    576.250     92.911    18.4085   4.721411     0.1983   230.0000     0.1815 1.1810e-01     1.3975    100.748 -9.990e-29
    576.500     92.906    18.4114   4.723185     0.1542   250.0000     0.1817 1.1805e-01     1.3939    100.809 -9.990e-29
    576.750     92.898    18.4132   4.724274     0.1542    90.0000     0.2560 1.1802e-01     1.3881    100.829 -9.990e-29
    577.000     92.893    18.4134   4.719174     0.1175   250.0000     0.2560 1.1820e-01     1.3794    100.833 -9.990e-29
    577.250     92.893    18.4136   4.721504     0.1249   280.0000     0.2560 1.1810e-01     1.3721    100.781 -9.990e-29
    577.500     92.886    18.4108   4.722348     0.1689   200.0000     0.2558 1.1799e-01     1.3688    100.684 -9.990e-29
    577.750     92.887    18.4051   4.711410     0.1396   170.0000     0.1357 1.1812e-01     1.3684    100.650 -9.990e-29
    578.000     92.887    18.4039   4.588301     0.1396   250.0000     0.1360 1.1820e-01     1.3701    101.197 -9.990e-29
    578.250     92.884    18.4071   4.634440     0.1836   280.0000     0.1358 1.1805e-01     1.3732    100.918 -9.990e-29
    578.500     92.882    18.4087   4.719578     0.1983   230.0000     0.1114 1.1794e-01     1.3771    100.509 -9.990e-29
    578.750     92.880    18.4101   4.672632     0.1469   250.0000     0.1117 1.1815e-01     1.3765    100.607 -9.990e-29
    579.000     92.884    18.4105   4.717775     0.1983   250.0000     0.1109 1.1794e-01     1.3754    100.246 -9.990e-29
    579.250     92.880    18.4098   4.718554     0.1542   230.0000     0.1205 1.1807e-01     1.3750     99.871 -9.990e-29
    579.500     92.880    18.4077   4.717617     0.1322   250.0000     0.1203 1.1812e-01     1.3719     99.275 -9.990e-29
    579.750     92.862    18.4066   4.620778     0.1322   250.0000     0.1205 1.1805e-01     1.3668     99.211 0.0000e+00
    580.000     92.820    18.4044   4.630912     0.1616   250.0000     0.1120 1.1810e-01     1.3616     98.847 0.0000e+00
    580.250     92.747    18.3947   4.647502     0.2350   280.0000     0.1119 1.1820e-01     1.3603     98.663 0.0000e+00
    580.500     92.647    18.3813   4.359585     0.2203   370.0000     0.1121 1.1810e-01     1.3610    100.135 0.0000e+00
    580.750     92.576    18.3625   4.503822     1.3515  1420.0000     0.1115 1.1794e-01     1.3643     99.511 -9.990e-29
    581.000     92.562    18.3438   4.554336     1.0577  2080.0000     0.1331 1.1812e-01     1.3694     99.389 -9.990e-29
    581.250     92.593    18.3293   4.672080     0.9475  2440.0000     0.1333 1.1815e-01     1.3749     98.809 -9.990e-29
    581.500     92.682    18.3213   4.685093     1.1458  3140.0000     0.1329 1.1810e-01     1.3794     98.386 -9.990e-29
    581.750     92.791    18.3158   4.654284     0.9695  1670.0000     1.6477 1.1797e-01     1.3843     97.629 -9.990e-29
    582.000     92.847    18.3116   4.685554     1.4396  2970.0000     1.6478 1.1805e-01     1.3880     95.889 -9.990e-29
    582.250     92.880    18.3113   4.630642     1.5645  3610.0000     1.6472 1.1812e-01     1.3914     94.576 -9.990e-29
    582.500     92.918    18.3118   4.565604     1.5645  3800.0000    31.3042 1.1797e-01     1.3950     93.910 -9.990e-29
    582.750     92.938    18.3123   4.539880     1.4543  3440.0000    32.4222 1.1815e-01     1.3975     93.729 -9.990e-29
    583.000     92.913    18.3140   4.564068     1.4249  3140.0000    32.6431 1.1815e-01     1.3996     93.923 -9.990e-29
    583.250     92.867    18.3170   4.227298     1.4543  3110.0000    33.6740 1.1792e-01     1.4021     96.463 -9.990e-29
    583.500     92.760    18.3166   3.974954     1.5425  3610.0000    21.0730 1.1820e-01     1.4041     99.087 -9.990e-29
    583.750     92.618    18.3138   4.471418     1.4249  5570.0000    21.0982 1.1805e-01     1.4054     97.506 0.0000e+00
    584.000     92.456    18.3085   4.657031     2.0933  3000.0000    21.0982 1.1815e-01     1.4074     97.215 0.0000e+00
    584.250     92.309    18.3048   4.686079     1.2780  3020.0000     2.4473 1.1802e-01     1.4085     97.425 0.0000e+00
    584.500     92.209    18.3022   4.701830     1.4102  3520.0000     2.4462 1.1794e-01     1.4091     96.907 0.0000e+00
    584.750     92.162    18.3008   4.707563     1.7114  3000.0000     2.4467 1.1810e-01     1.4102     95.811 -9.990e-29
    585.000     92.154    18.3000   4.711685     1.5571  3770.0000     1.6322 1.1805e-01     1.4108     94.491 -9.990e-29
    585.250     92.185    18.2995   4.713206     1.1458  3190.0000     1.6321 1.1787e-01     1.4117     93.729 -9.990e-29
    585.500     92.222    18.2995   4.713458     1.4323  3190.0000     1.6316 1.1815e-01     1.4127     93.516 -9.990e-29
    585.750     92.242    18.3001   4.714237     1.4323  3110.0000     7.8464 1.1799e-01     1.4121     94.060 -9.990e-29
    586.000     92.220    18.3004   4.714511     1.6086  3300.0000     7.8454 1.1820e-01     1.4121     95.161 -9.990e-29
    586.250     92.145    18.3004   4.715224     0.7272  2940.0000     7.8468 1.1805e-01     1.4127     96.551 0.0000e+00
    586.500     92.012    18.3002   4.715383     0.5509  1220.0000     7.8491 1.1810e-01     1.4126     98.000 0.0000e+00
    586.750     91.831    18.3003   4.715383     0.5215  1140.0000     2.1854 1.1815e-01     1.4136     99.495 0.0000e+00
    587.000     91.623    18.3004   4.715383     0.3011  1360.0000     2.1845 1.1810e-01     1.4130    100.611 0.0000e+00
    587.250     91.410    18.3000   4.715570     0.3305  1060.0000     2.1855 1.1805e-01     1.4127    101.315 0.0000e+00
    587.500     91.214    18.2997   4.715693     0.3746   840.0000     0.1997 1.1805e-01     1.4133    101.819 0.0000e+00
    587.750     91.054    18.2991   4.715664     0.2865  1140.0000     0.1998 1.1805e-01     1.4131    101.957 0.0000e+00
    588.000     90.939    18.2989   4.715664     0.3819   810.0000     0.1998 1.1810e-01     1.4135    101.932 0.0000e+00
    588.250     90.857    18.2990   4.715692     0.1689   420.0000     0.1150 1.1807e-01     1.4141    101.959 0.0000e+00
    588.500     90.797    18.2990   4.715692     0.1763   280.0000     0.1148 1.1805e-01     1.4144    101.954 0.0000e+00
    588.750     90.747    18.2987   4.715692     0.2203   310.0000     0.1146 1.1805e-01     1.4139    101.852 0.0000e+00
    589.000     90.692    18.2985   4.715721     0.1616   530.0000     0.2621 1.1794e-01     1.4143    101.896 0.0000e+00
    589.250     90.630    18.2983   4.715663     0.1322   370.0000     0.2613 1.1812e-01     1.4149    101.848 0.0000e+00
    589.500     90.550    18.2987   4.715663     0.1542   390.0000     0.2616 1.1815e-01     1.4156    101.713 0.0000e+00
    589.750     90.455    18.2989   4.715757     0.1322   170.0000     0.2615 1.1815e-01     1.4156    101.702 0.0000e+00
