cruises/P45_06/L2/CTD/Loop_Edit/P45_06_CTD_11_loop.cnv
* Sea-Bird SBE19plus  Data File:
* FileName = C:\Users\OA_2023-03\Desktop\Bathymetry\ctd_casts\S2_18_04_26001.hex
* Software version 2.3.0 SB_Terminal.dll
* Temperature SN = 8460
* Conductivity SN = 8460
* System UpLoad Time = Apr 18 2026 16:37:44
* <ApplicationData>
* <SeatermAF>
** cast at s3
# nquan = 11
# nvalues = 4802                        
# units = specified
# name 0 = timeS: Time, Elapsed [seconds]
# name 1 = prdM: Pressure, Strain Gauge [db]
# name 2 = tv290C: Temperature [ITS-90, deg C]
# name 3 = c0S/m: Conductivity [S/m]
# name 4 = flECO-AFL: Fluorescence, WET Labs ECO-AFL/FL [mg/m^3]
# name 5 = flECO-AFL1: Fluorescence, WET Labs ECO-AFL/FL, 2 [mg/m^3]
# name 6 = CStarAt0: Beam Attenuation, WET Labs C-Star [1/m]
# name 7 = par/sat/log: PAR/Logarithmic, Satlantic [umol photons/m^2/sec]
# name 8 = sbeox0V: Oxygen raw, SBE 43 [V]
# name 9 = sbeox0Mm/L: Oxygen, SBE 43 [umol/l]
# name 10 = flag:  0.000e+00
# span 0 =      0.000,   1200.250       
# span 1 =     -0.094,    199.110       
# span 2 =    14.0680,    29.9585       
# span 3 =  -0.626929,   5.890303       
# span 4 =   -82.6239,    29.9382       
# span 5 = -2.047e+05, 1.4700e+05       
# span 6 =     0.0148,    55.2620       
# span 7 = 1.1782e-01, 3.7805e+03       
# span 8 =     1.0321,     2.7578       
# span 9 =     63.551,    238.883       
# span 10 = 0.0000e+00, 0.0000e+00      
# interval = seconds: 0.25
# start_time = Apr 18 2026 13:32:54 [Instrument's time stamp, header]
# bad_flag = -9.990e-29
*END*
[from data line 1837]
    459.250     87.674    18.1424   4.705583     0.1322   230.0000     0.0322 1.4072e+00     1.4598    108.117 0.0000e+00
    459.500     87.918    18.1352   4.705021     0.0881   120.0000     0.0322 1.6246e+00     1.4587    108.247 0.0000e+00
    459.750     88.145    18.1253   4.704251     0.1102   200.0000     0.0318 2.0732e+00     1.4582    108.377 0.0000e+00
    460.000     88.302    18.1104   4.702825     0.0661   250.0000     0.0321 2.4788e+00     1.4568    108.510 0.0000e+00
    460.250     88.353    18.1043   4.700038     0.0955   250.0000     0.0311 2.5811e+00     1.4565    108.258 -9.990e-29
    460.500     88.295    18.1046   4.701615     0.1322   250.0000     0.0310 2.4263e+00     1.4568    107.969 -9.990e-29
    460.750     88.174    18.1080   4.701925     0.1396   250.0000     0.0313 2.3929e+00     1.4573    107.721 -9.990e-29
    461.000     88.013    18.1139   4.702796     0.1322   250.0000     0.0309 2.4321e+00     1.4569    107.222 -9.990e-29
    461.250     87.843    18.1209   4.703632     0.0955    90.0000     0.0320 2.5172e+00     1.4572    106.683 -9.990e-29
    461.500     87.694    18.1267   4.704467     0.1542    90.0000     0.0319 2.5728e+00     1.4576    106.320 -9.990e-29
    461.750     87.592    18.1314   4.704805     0.1175   250.0000     0.0322 2.5767e+00     1.4580    106.046 -9.990e-29
    462.000     87.576    18.1339   4.705050     0.1322   230.0000     0.0316 2.5435e+00     1.4579    105.970 -9.990e-29
    462.250     87.656    18.1352   4.705115     0.1322   170.0000     0.0320 2.4205e+00     1.4570    105.891 -9.990e-29
    462.500     87.843    18.1316   4.705050     0.1175   230.0000     0.0318 2.1714e+00     1.4575    106.046 -9.990e-29
    462.750     88.094    18.1153   4.704035     0.0514   170.0000     0.0321 1.7722e+00     1.4578    106.146 -9.990e-29
    463.000     88.364    18.0899   4.700103     0.0881   120.0000     0.0320 1.3491e+00     1.4584    106.410 0.0000e+00
    463.250     88.615    18.0686   4.696727     0.1102   200.0000     0.0323 1.0182e+00     1.4582    106.544 0.0000e+00
    463.500     88.866    18.0543   4.695461     0.0661   250.0000     0.0324 9.7189e-01     1.4596    106.576 0.0000e+00
    463.750     89.106    18.0451   4.694785     0.0735   230.0000     0.0327 1.1934e+00     1.4592    106.858 0.0000e+00
    464.000     89.322    18.0369   4.694354     0.0881   200.0000     0.0325 1.8319e+00     1.4601    106.556 0.0000e+00
    464.250     89.464    18.0319   4.693454     0.0661    60.0000     0.0324 2.3468e+00     1.4606    106.635 -9.990e-29
    464.500     89.477    18.0315   4.693332     0.1102   250.0000     0.0339 2.3125e+00     1.4607    106.447 -9.990e-29
    464.750     89.382    18.0317   4.693857     0.1542   200.0000     0.0337 2.2542e+00     1.4612    106.335 -9.990e-29
    465.000     89.240    18.0345   4.693857     0.1102   170.0000     0.0341 2.2460e+00     1.4618    106.082 -9.990e-29
    465.250     89.115    18.0377   4.694541     0.0881   250.0000     0.0318 2.3575e+00     1.4621    105.996 -9.990e-29
    465.500     89.049    18.0385   4.694908     0.0881   140.0000     0.0318 2.3651e+00     1.4618    106.020 -9.990e-29
    465.750     89.056    18.0386   4.694505     0.1175   120.0000     0.0318 2.3372e+00     1.4626    106.110 -9.990e-29
    466.000     89.162    18.0360   4.694570     0.1249   120.0000     0.0313 2.2170e+00     1.4624    106.191 -9.990e-29
    466.250     89.367    18.0301   4.693706     0.0661   230.0000     0.0318 1.9833e+00     1.4626    106.276 0.0000e+00
    466.500     89.608    18.0223   4.692685     0.0955   250.0000     0.0316 1.6448e+00     1.4621    106.465 0.0000e+00
    466.750     89.880    18.0159   4.691512     0.0881   250.0000     0.0316 1.2984e+00     1.4621    106.633 0.0000e+00
    467.000     90.137    18.0113   4.691146     0.0955   170.0000     0.0308 1.0680e+00     1.4613    106.710 0.0000e+00
    467.250     90.379    18.0072   4.690894     0.0881   170.0000     0.0315 9.8821e-01     1.4597    106.595 0.0000e+00
    467.500     90.632    18.0025   4.690527     0.0735   140.0000     0.0310 1.2643e+00     1.4581    106.628 0.0000e+00
    467.750     90.852    17.9979   4.689844     0.0881   230.0000     0.0335 1.7699e+00     1.4572    106.663 0.0000e+00
    468.000     91.001    17.9932   4.689449     0.0881   170.0000     0.0336 2.2046e+00     1.4567    106.776 0.0000e+00
    468.250     91.054    17.9918   4.688765     0.1396   200.0000     0.0335 2.2596e+00     1.4544    106.764 -9.990e-29
    468.500     91.024    17.9912   4.689168     0.1249   200.0000     0.0315 2.1448e+00     1.4530    106.977 -9.990e-29
    468.750     90.963    17.9914   4.689104     0.1175   250.0000     0.0307 2.1139e+00     1.4518    106.957 -9.990e-29
    469.000     90.906    17.9920   4.689168     0.1175   140.0000     0.0311 2.1747e+00     1.4485    107.136 -9.990e-29
    469.250     90.908    17.9920   4.689233     0.1102   120.0000     0.0307 2.2079e+00     1.4453    107.264 -9.990e-29
    469.500     90.977    17.9918   4.689233     0.1028   170.0000     0.0307 2.0822e+00     1.4440    107.267 -9.990e-29
    469.750     91.137    17.9893   4.689140     0.0808   250.0000     0.0308 1.9404e+00     1.4418    107.333 0.0000e+00
    470.000     91.330    17.9843   4.688550     0.0881   230.0000     0.0300 1.8106e+00     1.4406    107.402 0.0000e+00
    470.250     91.552    17.9803   4.687658     0.1249   250.0000     0.0302 1.5971e+00     1.4401    107.453 0.0000e+00
    470.500     91.781    17.9778   4.687565     0.0661    30.0000     0.0306 1.4720e+00     1.4383    107.385 0.0000e+00
    470.750     92.008    17.9762   4.687500     0.0661   140.0000     0.0303 1.4778e+00     1.4375    107.497 0.0000e+00
    471.000     92.245    17.9751   4.687500     0.0881   140.0000     0.0341 1.5568e+00     1.4363    107.425 0.0000e+00
    471.250     92.470    17.9745   4.687501     0.0881   250.0000     0.0341 1.6356e+00     1.4353    107.430 0.0000e+00
    471.500     92.678    17.9734   4.687443     0.0808   200.0000     0.0344 1.7101e+00     1.4348    107.325 0.0000e+00
    471.750     92.881    17.9723   4.687285     0.0808   140.0000     0.0310 1.7441e+00     1.4336    107.268 0.0000e+00
    472.000     93.067    17.9710   4.687256     0.0514   200.0000     0.0320 1.7328e+00     1.4332    107.105 0.0000e+00
    472.250     93.260    17.9692   4.687163     0.0881   230.0000     0.0311 1.6648e+00     1.4325    106.804 0.0000e+00
    472.500     93.471    17.9646   4.686947     0.0588    90.0000     0.0313 1.6366e+00     1.4322    106.473 0.0000e+00
    472.750     93.680    17.9583   4.685962     0.0661   170.0000     0.0311 1.5734e+00     1.4309    106.228 0.0000e+00
    473.000     93.891    17.9528   4.685251     0.0661   200.0000     0.0316 1.5328e+00     1.4317    106.090 0.0000e+00
    473.250     94.100    17.9484   4.684640     0.0661    30.0000     0.0312 1.5582e+00     1.4311    105.704 0.0000e+00
    473.500     94.300    17.9455   4.684424     0.0735   200.0000     0.0311 1.5531e+00     1.4307    105.447 0.0000e+00
    473.750     94.486    17.9425   4.684237     0.1028    90.0000     0.0316 1.5444e+00     1.4304    105.249 0.0000e+00
    474.000     94.655    17.9392   4.683928     0.0661   230.0000     0.0316 1.5515e+00     1.4308    104.773 0.0000e+00
    474.250     94.813    17.9343   4.683468     0.0955   250.0000     0.0295 1.6002e+00     1.4301    104.272 0.0000e+00
    474.500     94.960    17.9289   4.682757     0.0808    90.0000     0.0298 1.5565e+00     1.4279    104.021 0.0000e+00
    474.750     95.095    17.9235   4.682024     0.0514   200.0000     0.0305 1.5909e+00     1.4270    103.641 0.0000e+00
    475.000     95.208    17.9202   4.681463     0.1322   170.0000     0.0311 1.5968e+00     1.4269    103.476 0.0000e+00
    475.250     95.289    17.9181   4.681435     0.0588    30.0000     0.0310 1.5905e+00     1.4282    103.521 0.0000e+00
    475.500     95.351    17.9161   4.681435     0.0661   120.0000     0.0316 1.6757e+00     1.4263    103.382 0.0000e+00
    475.750     95.386    17.9145   4.681162     0.1542    90.0000     0.0311 1.6862e+00     1.4279    103.416 0.0000e+00
    476.000     95.415    17.9130   4.681032     0.1028   230.0000     0.0303 1.6652e+00     1.4257    103.461 0.0000e+00
    476.250     95.446    17.9103   4.680824     0.0955   230.0000     0.0301 1.6359e+00     1.4260    103.490 0.0000e+00
    476.500     95.495    17.9080   4.680263     0.0955   250.0000     0.0301 1.6451e+00     1.4255    103.509 0.0000e+00
    476.750     95.581    17.9048   4.680206     0.0881   140.0000     0.0309 1.5806e+00     1.4259    103.440 0.0000e+00
    477.000     95.697    17.8995   4.679624     0.0881   140.0000     0.0309 1.5183e+00     1.4256    103.441 0.0000e+00
    477.250     95.830    17.8921   4.678668     0.0661   140.0000     0.0310 1.4337e+00     1.4259    103.412 0.0000e+00
    477.500     95.972    17.8835   4.677562     0.1102   230.0000     0.0306 1.4321e+00     1.4237    103.481 0.0000e+00
    477.750     96.110    17.8754   4.676578     0.0808   170.0000     0.0307 1.3700e+00     1.4231    103.368 0.0000e+00
    478.000     96.223    17.8673   4.675745     0.0588   120.0000     0.0308 1.4106e+00     1.4228    103.560 0.0000e+00
    478.250     96.315    17.8599   4.674854     0.1102   200.0000     0.0303 1.4324e+00     1.4224    103.565 0.0000e+00
    478.500     96.384    17.8545   4.674114     0.0881   230.0000     0.0301 1.4951e+00     1.4221    103.584 0.0000e+00
    478.750     96.419    17.8500   4.673964     0.1028   170.0000     0.0307 1.5042e+00     1.4221    103.616 -9.990e-29
    479.000     96.430    17.8464   4.673411     0.0955   170.0000     0.0307 1.5202e+00     1.4223    103.724 -9.990e-29
    479.250     96.448    17.8442   4.673138     0.0955   140.0000     0.0298 1.5384e+00     1.4209    103.686 0.0000e+00
    479.500     96.484    17.8425   4.673102     0.0735   170.0000     0.0301 1.5694e+00     1.4212    103.369 0.0000e+00
    479.750     96.555    17.8405   4.672922     0.0661    30.0000     0.0305 1.5219e+00     1.4199    103.205 0.0000e+00
    480.000     96.674    17.8377   4.672614     0.0588   170.0000     0.0290 1.4543e+00     1.4208    103.111 0.0000e+00
    480.250     96.839    17.8321   4.672212     0.0661    90.0000     0.0288 1.3509e+00     1.4201    103.322 0.0000e+00
    480.500     97.032    17.8229   4.671199     0.1102   200.0000     0.0286 1.2759e+00     1.4195    103.077 0.0000e+00
    480.750     97.227    17.8110   4.669577     0.0881   230.0000     0.0303 1.2314e+00     1.4189    103.366 0.0000e+00
    481.000     97.408    17.7990   4.667947     0.0881   170.0000     0.0303 1.2660e+00     1.4182    103.130 0.0000e+00
    481.250     97.554    17.7877   4.666813     0.0661   170.0000     0.0306 1.3334e+00     1.4181    103.258 0.0000e+00
    481.500     97.656    17.7774   4.665651     0.1322   250.0000     0.0298 1.4418e+00     1.4169    103.302 0.0000e+00
    481.750     97.707    17.7720   4.664696     0.0588   -80.0000     0.0298 1.4945e+00     1.4170    103.383 -9.990e-29
    482.000     97.710    17.7683   4.665005     0.0735   120.0000     0.0300 1.5163e+00     1.4168    103.350 -9.990e-29
    482.250     97.687    17.7636   4.664546     0.0881   250.0000     0.0302 1.5183e+00     1.4165    103.388 -9.990e-29
    482.500     97.681    17.7592   4.663842     0.0661   140.0000     0.0298 1.5629e+00     1.4165    103.131 -9.990e-29
    482.750     97.716    17.7570   4.663441     0.0588   120.0000     0.0298 1.5052e+00     1.4162    102.982 0.0000e+00
    483.000     97.834    17.7519   4.663599     0.0735   170.0000     0.0295 1.4562e+00     1.4155    102.973 0.0000e+00
    483.250     98.052    17.7428   4.662429     0.0514   140.0000     0.0296 1.2984e+00     1.4147    102.864 0.0000e+00
    483.500     98.334    17.7324   4.660808     0.0735   120.0000     0.0299 1.1107e+00     1.4141    102.817 0.0000e+00
    483.750     98.623    17.7225   4.659646     0.0735   230.0000     0.0296 8.9810e-01     1.4140    102.826 0.0000e+00
    484.000     98.896    17.7163   4.658821     0.0808   140.0000     0.0286 7.8877e-01     1.4134    102.932 0.0000e+00
    484.250     99.147    17.7119   4.658700     0.0735   230.0000     0.0286 7.9065e-01     1.4147    102.816 0.0000e+00
    484.500     99.373    17.7054   4.658456     0.0661   120.0000     0.0290 1.0495e+00     1.4137    102.967 0.0000e+00
    484.750     99.558    17.6965   4.657380     0.0588   200.0000     0.0286 1.3117e+00     1.4139    102.804 0.0000e+00
    485.000     99.640    17.6918   4.655795     0.0735    60.0000     0.0287 1.4383e+00     1.4127    102.941 -9.990e-29
    485.250     99.627    17.6898   4.656283     0.0735   120.0000     0.0281 1.3715e+00     1.4124    102.873 -9.990e-29
    485.500     99.567    17.6896   4.656219     0.1249   120.0000     0.0287 1.3168e+00     1.4129    102.787 -9.990e-29
    485.750     99.538    17.6919   4.656463     0.0661   230.0000     0.0282 1.2990e+00     1.4128    102.695 -9.990e-29
    486.000     99.586    17.6928   4.656836     0.1175   170.0000     0.0281 1.2809e+00     1.4119    102.576 0.0000e+00
    486.250     99.755    17.6858   4.656893     0.0661   250.0000     0.0282 1.1681e+00     1.4114    102.590 0.0000e+00
    486.500    100.017    17.6727   4.654634     0.0514    10.0000     0.0277 1.0745e+00     1.4111    102.414 0.0000e+00
    486.750    100.319    17.6555   4.652398     0.1322   120.0000     0.0279 8.4403e-01     1.4102    102.455 0.0000e+00
    487.000    100.620    17.6375   4.649989     0.0661   140.0000     0.0279 6.0410e-01     1.4095    102.435 0.0000e+00
    487.250    100.901    17.6152   4.648341     0.0514   -20.0000     0.0277 5.2202e-01     1.4082    102.477 0.0000e+00
    487.500    101.146    17.5952   4.645046     0.0661   230.0000     0.0277 5.2304e-01     1.4079    102.573 0.0000e+00
    487.750    101.403    17.5810   4.643492     0.0881   120.0000     0.0279 6.4824e-01     1.4063    102.624 0.0000e+00
    488.000    101.639    17.5676   4.642611     0.0441   140.0000     0.0277 9.3053e-01     1.4053    102.599 0.0000e+00
    488.250    101.806    17.5502   4.641208     0.0588   170.0000     0.0278 1.1978e+00     1.4040    102.508 0.0000e+00
    488.500    101.894    17.5393   4.638286     0.0881   230.0000     0.0278 1.2521e+00     1.4024    102.469 -9.990e-29
    488.750    101.908    17.5339   4.638623     0.0588    90.0000     0.0277 1.1960e+00     1.4013    102.446 -9.990e-29
    489.000    101.899    17.5271   4.638623     0.1175   140.0000     0.0275 1.0911e+00     1.3982    102.351 -9.990e-29
    489.250    101.915    17.5239   4.637342     0.0661    30.0000     0.0283 1.1052e+00     1.3960    102.584 -9.990e-29
    489.500    101.977    17.5242   4.637800     0.0881    60.0000     0.0281 1.1097e+00     1.3938    102.499 0.0000e+00
    489.750    102.083    17.5239   4.638194     0.0661   230.0000     0.0286 1.1247e+00     1.3918    102.580 0.0000e+00
    490.000    102.225    17.5191   4.637893     0.0661   140.0000     0.0289 1.0808e+00     1.3892    102.459 0.0000e+00
    490.250    102.390    17.5093   4.636705     0.1028   120.0000     0.0288 9.8012e-01     1.3876    102.435 0.0000e+00
    490.500    102.545    17.4948   4.635030     0.0881    10.0000     0.0279 9.5977e-01     1.3863    102.530 0.0000e+00
    490.750    102.681    17.4790   4.632783     0.1249   230.0000     0.0278 1.0042e+00     1.3844    102.550 0.0000e+00
    491.000    102.816    17.4625   4.631023     0.0661    90.0000     0.0278 1.0000e+00     1.3829    102.446 0.0000e+00
    491.250    102.927    17.4463   4.629170     0.0661   200.0000     0.0274 1.0634e+00     1.3831    102.348 0.0000e+00
    491.500    103.027    17.4309   4.627347     0.0881   250.0000     0.0278 1.0303e+00     1.3815    102.378 0.0000e+00
