cruises/P45_06/L2/CTD/Loop_Edit/P45_06_CTD_08_loop.cnv
* Sea-Bird SBE19plus  Data File:
* FileName = C:\Users\OA_2023-03\Desktop\Bathymetry\ctd_casts\J2_17_04_2026001.hex
* Software version 2.3.0 SB_Terminal.dll
* Temperature SN = 8460
* Conductivity SN = 8460
* System UpLoad Time = Apr 17 2026 17:13:47
* <ApplicationData>
* <SeatermAF>
# nquan = 11
# nvalues = 2934                        
# units = specified
# name 0 = timeS: Time, Elapsed [seconds]
# name 1 = prdM: Pressure, Strain Gauge [db]
# name 2 = tv290C: Temperature [ITS-90, deg C]
# name 3 = c0S/m: Conductivity [S/m]
# name 4 = flECO-AFL: Fluorescence, WET Labs ECO-AFL/FL [mg/m^3]
# name 5 = flECO-AFL1: Fluorescence, WET Labs ECO-AFL/FL, 2 [mg/m^3]
# name 6 = CStarAt0: Beam Attenuation, WET Labs C-Star [1/m]
# name 7 = par/sat/log: PAR/Logarithmic, Satlantic [umol photons/m^2/sec]
# name 8 = sbeox0V: Oxygen raw, SBE 43 [V]
# name 9 = sbeox0Mm/L: Oxygen, SBE 43 [umol/l]
# name 10 = flag:  0.000e+00
# span 0 =      0.000,    733.250       
# span 1 =     -0.083,     59.020       
# span 2 =    19.6278,    30.8273       
# span 3 =  -0.315919,   5.875385       
# span 4 =   -79.9063,    29.9382       
# span 5 = -1.864e+05, 40750.0000       
# span 6 =    -0.1020,    24.8803       
# span 7 = 3.3441e+00, 1.9408e+03       
# span 8 =     1.6516,     2.6927       
# span 9 =    123.864,    236.390       
# span 10 = 0.0000e+00, 0.0000e+00      
# interval = seconds: 0.25
# start_time = Apr 17 2026 14:51:22 [Instrument's time stamp, header]
# bad_flag = -9.990e-29
*END*
[from data line 2623]
    655.750     -0.073    29.5993   0.062578     0.0220    90.0000    -0.0128 9.8522e+02     2.2004    184.935 -9.990e-29
    656.000     -0.071    29.5975   0.062519    -0.2571  -160.0000    -0.0128 1.4622e+03     2.2003    184.869 -9.990e-29
    656.250     -0.075    29.5957   0.061860    -0.0808  -220.0000     2.1934 1.3523e+03     2.2009    184.704 -9.990e-29
    656.500     -0.079    29.5939   0.064511    -0.0220  -330.0000     2.1936 9.5645e+02     2.2003    184.682 0.0000e+00
    656.750     -0.073    29.5920   0.063802     0.1102  2580.0000     2.1932 3.1939e+02     2.2014    184.729 -9.990e-29
    657.000     -0.077    29.5901   0.064672    -0.0147  -130.0000     1.2677 3.1671e+02     2.2005    184.921 -9.990e-29
    657.250     -0.073    29.5878   0.062603    -0.1836  -330.0000     1.2675 3.1974e+02     2.2023    184.955 -9.990e-29
    657.500     -0.075    29.5865   0.058806    -0.0367   -20.0000     1.2680 3.1623e+02     2.2019    185.216 -9.990e-29
    657.750     -0.077    29.5847   0.055314    -0.0367    10.0000     5.7220 3.1739e+02     2.2025    185.562 -9.990e-29
    658.000     -0.073    29.5828   0.051107    -0.0220  1940.0000     5.7220 3.0746e+02     2.2041    185.779 -9.990e-29
    658.250     -0.075    29.5810   0.047919    -0.0220  -160.0000     5.7225 3.0016e+02     2.2048    185.935 -9.990e-29
    658.500     -0.073    29.5795   0.045319    -0.0147    90.0000     0.0217 2.9540e+02     2.2064    186.049 -9.990e-29
    658.750     -0.073    29.5777   0.043907     0.0147   170.0000     0.0215 2.9642e+02     2.2076    186.012 -9.990e-29
    659.000     -0.073    29.5762   0.042545    -0.0588   -80.0000     0.0214 3.0926e+02     2.2078    186.085 -9.990e-29
    659.250     -0.073    29.5746   0.043834     0.0147   -50.0000     0.0222 3.2857e+02     2.2081    186.144 -9.990e-29
    659.500     -0.075    29.5732   0.045307    -0.0294  -490.0000     1.1730 3.4894e+02     2.2079    186.051 -9.990e-29
    659.750     -0.073    29.5716   0.045958     0.0000  -980.0000     1.1735 4.6136e+02     2.2083    186.084 -9.990e-29
    660.000     -0.075    29.5708   0.045887    -0.0294  -270.0000     1.1731 6.9757e+02     2.2089    186.351 -9.990e-29
    660.250     -0.073    29.5693   0.045609    -0.0073  -490.0000     3.3625 1.0942e+03     2.2080    186.495 -9.990e-29
    660.500     -0.075    29.5677   0.044463     0.0000  -440.0000     3.3628 1.3894e+03     2.2085    186.509 -9.990e-29
    660.750     -0.075    29.5661   0.042603    -0.0367  -240.0000     3.3639 1.4679e+03     2.2095    186.804 -9.990e-29
    661.000     -0.073    29.5648   0.040620     0.0073  -160.0000     0.5138 3.0225e+02     2.2099    186.811 -9.990e-29
    661.250     -0.073    29.5635   0.038815    -0.1028   -20.0000     0.5130 2.8301e+02     2.2101    186.893 -9.990e-29
    661.500     -0.075    29.5620   0.037560     0.0220  -380.0000     0.5138 2.9971e+02     2.2113    186.801 -9.990e-29
    661.750     -0.073    29.5607   0.037313    -0.0367  -190.0000    -0.0034 1.4399e+03     2.2132    186.878 -9.990e-29
    662.000     -0.075    29.5589   0.038443    -0.0588  -110.0000    -0.0031 1.3685e+03     2.2147    186.698 -9.990e-29
    662.250     -0.075    29.5575   0.041864    -0.0147  -240.0000    -0.0029 1.1503e+03     2.2166    186.873 -9.990e-29
    662.500     -0.073    29.5558   0.046184     0.0000  -520.0000     2.2142 8.9171e+02     2.2205    186.797 -9.990e-29
    662.750     -0.073    29.5544   0.048862    -0.0367  -330.0000     2.2140 7.1746e+02     2.2185    186.829 -9.990e-29
    663.000     -0.077    29.5529   0.050571    -0.0147  -380.0000     2.2139 5.8582e+02     2.2186    187.053 -9.990e-29
    663.250     -0.075    29.5510   0.051199    -0.0367  -220.0000     2.9823 2.5654e+02     2.2187    187.172 -9.990e-29
    663.500     -0.077    29.5494   0.051018     0.0220    90.0000     2.9817 2.5389e+02     2.2231    187.427 -9.990e-29
    663.750     -0.073    29.5479   0.050191    -0.0294   120.0000     2.9816 2.9115e+02     2.2219    187.611 -9.990e-29
    664.000     -0.073    29.5463   0.049106    -0.1396  -220.0000     2.9816 1.0499e+03     2.2226    187.687 -9.990e-29
    664.250     -0.075    29.5446   0.047408    -0.0881   140.0000     0.2458 2.7707e+02     2.2217    187.716 -9.990e-29
    664.500     -0.073    29.5429   0.046120    -0.0588  -240.0000     0.2453 1.0947e+03     2.2221    187.697 -9.990e-29
    664.750     -0.073    29.5414   0.045365    -0.0073  -190.0000     0.2453 1.4069e+03     2.2232    187.686 -9.990e-29
    665.000     -0.071    29.5395   0.045407    -0.1028  -520.0000     0.1073 1.4051e+03     2.2239    187.701 -9.990e-29
    665.250     -0.073    29.5380   0.046306    -0.0367  -110.0000     0.1075 1.4250e+03     2.2237    187.540 -9.990e-29
    665.500     -0.073    29.5363   0.048066     0.0220  -820.0000     0.1071 1.3444e+03     2.2240    187.529 -9.990e-29
    665.750     -0.073    29.5345   0.050022    -0.0220  -160.0000     0.0550 1.0808e+03     2.2244    187.636 -9.990e-29
    666.000     -0.073    29.5328   0.051938     0.0000 -1540.0000     0.0548 8.6063e+02     2.2248    187.684 -9.990e-29
    666.250     -0.068    29.5313   0.054067    -0.0367  -220.0000     0.0549 5.3854e+02     2.2255    187.721 -9.990e-29
    666.500     -0.073    29.5295   0.055348    -0.0294    10.0000     3.2147 4.2477e+02     2.2260    187.897 -9.990e-29
    666.750     -0.075    29.5281   0.055489     0.0073  -270.0000     3.2147 3.0680e+02     2.2275    188.177 -9.990e-29
    667.000     -0.073    29.5262   0.054709     0.0073  -160.0000     3.2154 3.0819e+02     2.2283    188.435 -9.990e-29
    667.250     -0.075    29.5248   0.053736    -0.0808  -270.0000     2.5167 3.0323e+02     2.2293    188.751 -9.990e-29
    667.500     -0.073    29.5231   0.052650    -0.0735  -550.0000     2.5165 1.3177e+03     2.2303    189.330 -9.990e-29
    667.750     -0.072    29.5219   0.051702    -0.0514  -380.0000     2.5161 1.3951e+03     2.2319    189.123 -9.990e-29
    668.000     -0.073    29.5198   0.051037     0.0147  -220.0000     2.5163 1.4216e+03     2.2325    189.136 -9.990e-29
    668.250     -0.072    29.5183   0.050681    -0.0073  -240.0000     0.6059 1.4253e+03     2.2324    189.093 -9.990e-29
    668.500     -0.073    29.5166   0.050470    -0.2203   120.0000     0.6061 1.4303e+03     2.2328    189.587 -9.990e-29
    668.750     -0.075    29.5150   0.050225    -0.0514   -50.0000     0.6063 1.4408e+03     2.2320    189.397 -9.990e-29
    669.000     -0.073    29.5133   0.049771    -0.0367    30.0000     0.5642 1.4596e+03     2.2322    189.423 -9.990e-29
    669.250     -0.077    29.5118   0.049036    -0.2130 -1700.0000     0.5638 1.4590e+03     2.2324    189.238 -9.990e-29
    669.500     -0.075    29.5100   0.048007    -0.0220  -490.0000     0.5649 1.4499e+03     2.2317    189.233 -9.990e-29
    669.750     -0.073    29.5083   0.046820    -0.0808  -350.0000     0.7043 1.4349e+03     2.2334    189.411 -9.990e-29
    670.000     -0.079    29.5067   0.045918    -0.0588  -300.0000     0.7035 1.4167e+03     2.2343    189.483 -9.990e-29
    670.250     -0.073    29.5053   0.045695    -0.0073  -220.0000     0.7040 1.2216e+03     2.2345    189.414 -9.990e-29
    670.500     -0.073    29.5039   0.046282    -0.0147  -240.0000    -0.0062 9.1457e+02     2.2363    189.390 -9.990e-29
    670.750     -0.073    29.5020   0.047438    -0.0588    30.0000    -0.0063 7.4321e+02     2.2376    189.475 -9.990e-29
    671.000     -0.075    29.5006   0.048776     0.0735    60.0000    -0.0059 7.3506e+02     2.2388    189.523 -9.990e-29
    671.250     -0.075    29.4994   0.049927    -0.0294   -20.0000     2.4853 8.6735e+02     2.2397    189.629 -9.990e-29
    671.500     -0.072    29.4976   0.050460    -0.0441   -80.0000     2.4851 1.1013e+03     2.2406    189.686 -9.990e-29
    671.750     -0.073    29.4961   0.050464    -0.0367  -190.0000     2.4853 1.3208e+03     2.2410    189.869 -9.990e-29
    672.000     -0.073    29.4944   0.049921    -0.0147  -410.0000     2.4857 1.4136e+03     2.2409    190.010 -9.990e-29
    672.250     -0.073    29.4929   0.048960     0.0441   140.0000     1.0482 1.4207e+03     2.2404    190.184 -9.990e-29
    672.500     -0.073    29.4914   0.047472    -0.0294  -300.0000     1.0491 1.4021e+03     2.2408    190.344 -9.990e-29
    672.750     -0.073    29.4900   0.045686    -0.0294  -160.0000     1.0486 2.7415e+02     2.2406    190.584 -9.990e-29
    673.000     -0.073    29.4879   0.043938    -0.0147   140.0000    -0.0607 2.5865e+02     2.2409    190.691 -9.990e-29
    673.250     -0.073    29.4867   0.042521    -0.0220  -270.0000    -0.0610 2.5181e+02     2.2410    190.669 -9.990e-29
    673.500     -0.075    29.4850   0.041578     0.0073  -110.0000    -0.0611 2.5961e+02     2.2427    190.700 -9.990e-29
    673.750     -0.073    29.4832   0.041254     0.0000  -110.0000     0.0097 1.4275e+03     2.2435    190.532 -9.990e-29
    674.000     -0.073    29.4821   0.041675     0.0000   -20.0000     0.0101 1.4483e+03     2.2436    190.494 -9.990e-29
    674.250     -0.075    29.4800   0.042915    -0.0147  -380.0000     0.0099 3.0055e+02     2.2456    190.456 -9.990e-29
    674.500     -0.075    29.4785   0.044821    -0.0588  -220.0000     0.0522 2.9835e+02     2.2471    190.298 -9.990e-29
    674.750     -0.075    29.4770   0.047273    -0.0367    30.0000     0.0520 1.4806e+03     2.2477    190.451 -9.990e-29
    675.000     -0.075    29.4758   0.049731    -0.0588  -240.0000     0.0520 1.4861e+03     2.2485    190.579 -9.990e-29
    675.250     -0.074    29.4740   0.051392     0.0073  -190.0000     3.6118 1.4682e+03     2.2490    190.645 -9.990e-29
    675.500     -0.074    29.4726   0.052269    -0.0514  -300.0000     3.6128 1.4414e+03     2.2487    190.920 -9.990e-29
    675.750     -0.074    29.4709   0.052447    -0.0367  -300.0000     3.6122 6.5671e+02     2.2491    191.164 -9.990e-29
    676.000     -0.074    29.4698   0.052398     0.0220  -240.0000     3.6107 8.4659e+02     2.2482    191.362 -9.990e-29
    676.250     -0.075    29.4681   0.051867     0.0073    30.0000     1.1978 5.9812e+02     2.2488    191.526 -9.990e-29
    676.500     -0.074    29.4667   0.051009    -0.0588  -160.0000     1.1979 1.3506e+03     2.2488    191.672 -9.990e-29
    676.750     -0.075    29.4649   0.050378    -0.0367   310.0000     1.1975 1.3670e+03     2.2504    191.698 -9.990e-29
    677.000     -0.075    29.4635   0.050068    -0.0220  -350.0000     0.0516 2.9945e+02     2.2504    191.660 -9.990e-29
    677.250     -0.074    29.4621   0.050430    -0.0441  -110.0000     0.0513 2.8789e+02     2.2508    191.538 -9.990e-29
    677.500     -0.077    29.4602   0.051837    -0.0147   -50.0000     0.0512 2.8858e+02     2.2520    191.499 -9.990e-29
    677.750     -0.075    29.4590   0.054304     0.0000  -440.0000     1.1243 2.9861e+02     2.2523    191.392 -9.990e-29
    678.000     -0.070    29.4574   0.057686     0.0000  -130.0000     1.1248 3.4169e+02     2.2540    191.363 -9.990e-29
    678.250     -0.075    29.4561   0.062174    -0.0220  -300.0000     1.1240 1.4112e+03     2.2543    191.317 -9.990e-29
    678.500     -0.074    29.4546   0.066323    -0.0367  -350.0000     0.3426 2.9273e+02     2.2553    191.510 -9.990e-29
    678.750     -0.075    29.4533   0.068695    -0.0367  -240.0000     0.3423 2.7876e+02     2.2558    191.648 -9.990e-29
    679.000     -0.074    29.4516   0.069589     0.0000  -240.0000     0.3423 2.9380e+02     2.2562    191.704 -9.990e-29
    679.250     -0.075    29.4503   0.069818    -0.0588  -190.0000     6.3170 1.4327e+03     2.2576    192.006 -9.990e-29
    679.500     -0.077    29.4488   0.069883    -0.0808  -380.0000     6.3183 1.4244e+03     2.2574    192.251 -9.990e-29
    679.750     -0.076    29.4473   0.070235    -0.0588  -130.0000     6.3161 2.9273e+02     2.2580    192.380 -9.990e-29
    680.000     -0.077    29.4459   0.070866    -0.0881  -410.0000     6.3170 1.3789e+03     2.2579    192.504 -9.990e-29
    680.250     -0.074    29.4442   0.072052    -0.0367  -300.0000     0.7411 1.4100e+03     2.2579    192.555 -9.990e-29
    680.500     -0.074    29.4430   0.074105     0.0000   -20.0000     0.7409 1.4164e+03     2.2578    192.460 -9.990e-29
    680.750     -0.074    29.4414   0.076511     0.0000  -220.0000     0.7412 1.4508e+03     2.2584    192.465 -9.990e-29
    681.000     -0.074    29.4398   0.078647    -0.0661  -410.0000     0.5902 1.4644e+03     2.2581    192.270 -9.990e-29
    681.250     -0.075    29.4385   0.080203    -0.0294   610.0000     0.5908 1.4628e+03     2.2593    192.255 -9.990e-29
    681.500     -0.077    29.4371   0.081443     0.0000  -220.0000     0.5904 1.4496e+03     2.2591    192.196 -9.990e-29
    681.750     -0.076    29.4357   0.082171    -0.0808  -240.0000     0.3198 1.4480e+03     2.2609    192.382 -9.990e-29
    682.000     -0.076    29.4344   0.082134    -0.0514  -410.0000     0.3198 1.4533e+03     2.2624    192.393 -9.990e-29
    682.250     -0.076    29.4330   0.081767    -0.0808  -440.0000     0.3203 1.4515e+03     2.2629    192.467 -9.990e-29
    682.500     -0.076    29.4315   0.081359    -0.0735  -410.0000     0.9231 1.4474e+03     2.2642    192.664 -9.990e-29
    682.750     -0.074    29.4301   0.080884     0.0000   -80.0000     0.9233 1.4499e+03     2.2649    192.729 -9.990e-29
    683.000     -0.077    29.4291   0.080293    -0.0147   -50.0000     0.9226 1.4540e+03     2.2646    193.000 -9.990e-29
    683.250     -0.074    29.4274   0.079563     0.0220  -130.0000     0.9233 1.4603e+03     2.2643    193.046 -9.990e-29
    683.500     -0.072    29.4262   0.078699    -0.0735    10.0000     2.1497 1.4593e+03     2.2635    193.195 -9.990e-29
    683.750     -0.077    29.4246   0.077833    -0.0294  -380.0000     2.1495 1.4533e+03     2.2631    193.249 -9.990e-29
    684.000     -0.072    29.4235   0.076837     0.0000   -50.0000     2.1495 1.4402e+03     2.2635    193.320 -9.990e-29
    684.250     -0.079    29.4217   0.075785    -0.0514   -80.0000     0.0586 1.3924e+03     2.2646    193.493 -9.990e-29
    684.500     -0.076    29.4204   0.074877     0.0000  -350.0000     0.0585 1.4446e+03     2.2659    193.446 -9.990e-29
    684.750     -0.074    29.4193   0.074378    -0.0220  -270.0000     0.0585 1.4628e+03     2.2675    193.506 -9.990e-29
    685.000     -0.077    29.4174   0.074304    -0.0367  -490.0000     0.1168 1.4688e+03     2.2691    193.453 -9.990e-29
    685.250     -0.077    29.4161   0.074741     0.0073  -110.0000     0.1167 1.4717e+03     2.2709    193.425 -9.990e-29
    685.500     -0.076    29.4150   0.075556     0.0000   -80.0000     0.1169 1.4641e+03     2.2720    193.361 -9.990e-29
    685.750     -0.076    29.4137   0.076614     0.0000   140.0000     0.0539 1.4676e+03     2.2718    193.404 -9.990e-29
    686.000     -0.076    29.4123   0.077656    -0.0367    30.0000     0.0541 1.4746e+03     2.2720    193.343 -9.990e-29
    686.250     -0.076    29.4112   0.078100    -0.0220  -520.0000     0.0539 1.4704e+03     2.2721    193.467 -9.990e-29
    686.500     -0.074    29.4099   0.077631    -0.0220   -20.0000     3.5160 1.4647e+03     2.2713    193.471 -9.990e-29
    686.750     -0.076    29.4085   0.076161     0.0147  -240.0000     3.5157 1.4574e+03     2.2703    193.719 -9.990e-29
    687.000     -0.076    29.4075   0.073870    -0.0367   -80.0000     3.5151 1.4468e+03     2.2697    193.981 -9.990e-29
    687.250     -0.077    29.4062   0.071058    -0.0514  1810.0000     3.5151 1.4368e+03     2.2689    194.108 -9.990e-29
    687.500     -0.076    29.4047   0.068000    -0.0367  -380.0000     6.5214 5.7130e+02     2.2700    194.331 -9.990e-29
    687.750     -0.076    29.4034   0.065107    -0.0881   -80.0000     6.5201 2.9020e+02     2.2691    194.469 -9.990e-29
    688.000     -0.072    29.4021   0.063605    -0.0588  -570.0000     6.5208 3.0153e+02     2.2709    194.449 -9.990e-29
    688.250     -0.077    29.4010   0.064700    -0.0808  -110.0000     1.2727 1.4543e+03     2.2722    194.350 -9.990e-29
