cruises/P45_06/L2/CTD/Loop_Edit/P45_06_CTD_08_loop.cnv
* Sea-Bird SBE19plus  Data File:
* FileName = C:\Users\OA_2023-03\Desktop\Bathymetry\ctd_casts\J2_17_04_2026001.hex
* Software version 2.3.0 SB_Terminal.dll
* Temperature SN = 8460
* Conductivity SN = 8460
* System UpLoad Time = Apr 17 2026 17:13:47
* <ApplicationData>
* <SeatermAF>
# nquan = 11
# nvalues = 2934                        
# units = specified
# name 0 = timeS: Time, Elapsed [seconds]
# name 1 = prdM: Pressure, Strain Gauge [db]
# name 2 = tv290C: Temperature [ITS-90, deg C]
# name 3 = c0S/m: Conductivity [S/m]
# name 4 = flECO-AFL: Fluorescence, WET Labs ECO-AFL/FL [mg/m^3]
# name 5 = flECO-AFL1: Fluorescence, WET Labs ECO-AFL/FL, 2 [mg/m^3]
# name 6 = CStarAt0: Beam Attenuation, WET Labs C-Star [1/m]
# name 7 = par/sat/log: PAR/Logarithmic, Satlantic [umol photons/m^2/sec]
# name 8 = sbeox0V: Oxygen raw, SBE 43 [V]
# name 9 = sbeox0Mm/L: Oxygen, SBE 43 [umol/l]
# name 10 = flag:  0.000e+00
# span 0 =      0.000,    733.250       
# span 1 =     -0.083,     59.020       
# span 2 =    19.6278,    30.8273       
# span 3 =  -0.315919,   5.875385       
# span 4 =   -79.9063,    29.9382       
# span 5 = -1.864e+05, 40750.0000       
# span 6 =    -0.1020,    24.8803       
# span 7 = 3.3441e+00, 1.9408e+03       
# span 8 =     1.6516,     2.6927       
# span 9 =    123.864,    236.390       
# span 10 = 0.0000e+00, 0.0000e+00      
# interval = seconds: 0.25
# start_time = Apr 17 2026 14:51:22 [Instrument's time stamp, header]
# bad_flag = -9.990e-29
*END*
[from data line 394]
     98.500     -0.076    30.3423   0.020468     0.0955  1140.0000    -0.0524 3.8637e+02     2.6751    235.932 -9.990e-29
     98.750     -0.076    30.3416   0.020595     0.0147  -300.0000    -0.0597 4.0555e+02     2.6765    236.057 -9.990e-29
     99.000     -0.077    30.3408   0.020812    -0.0588  1250.0000    -0.0596 4.1532e+02     2.6766    236.000 -9.990e-29
     99.250     -0.079    30.3397   0.021060     0.0441   170.0000    -0.0595 1.7888e+03     2.6763    235.975 -9.990e-29
     99.500     -0.077    30.3388   0.021259    -0.5803  -190.0000    -0.0566 1.8410e+03     2.6757    236.016 -9.990e-29
     99.750     -0.076    30.3380   0.021371    -0.4040   -50.0000    -0.0569 1.8598e+03     2.6764    235.842 -9.990e-29
    100.000     -0.077    30.3384   0.021712    -0.0367   -20.0000    -0.0568 1.8418e+03     2.6765    235.936 -9.990e-29
    100.250     -0.077    30.3381   0.021567   -17.4591 40750.0000     0.1247 1.7969e+03     2.6761    235.951 -9.990e-29
    100.500     -0.076    30.3383   0.021434     0.1763 40750.0000     0.1252 1.7962e+03     2.6761    235.966 -9.990e-29
    100.750     -0.076    30.3381   0.021211    -6.9043 -1.257e+05     0.1252 1.7719e+03     2.6761    236.079 -9.990e-29
    101.000     -0.076    30.3380   0.020924     5.9715 40750.0000    -0.0146 1.7969e+03     2.6760    236.023 -9.990e-29
    101.250     -0.077    30.3375   0.020694    -9.0197 40750.0000    -0.0147 1.7321e+03     2.6764    235.969 -9.990e-29
    101.500     -0.074    30.3374   0.020383    27.7274  -330.0000    -0.0147 1.7688e+03     2.6763    236.044 -9.990e-29
    101.750     -0.077    30.3370   0.020389    -5.7658   -20.0000    -0.0147 1.7407e+03     2.6758    236.058 -9.990e-29
    102.000     -0.074    30.3366   0.020244    -0.0220   -80.0000     0.1621 1.8422e+03     2.6761    236.007 -9.990e-29
    102.250     -0.074    30.3359   0.020516    17.9512 40750.0000     0.1620 1.8907e+03     2.6764    235.987 -9.990e-29
    102.500     -0.076    30.3351   0.020691   -33.1186-14690.0000     0.1624 1.9141e+03     2.6758    235.968 -9.990e-29
    102.750     -0.076    30.3346   0.020942    -6.6178  1720.0000     0.8917 1.9133e+03     2.6754    235.970 -9.990e-29
    103.000     -0.076    30.3342   0.021250     5.3251 36600.0000     0.8915 1.8610e+03     2.6759    236.030 -9.990e-29
    103.250     -0.076    30.3342   0.021601     3.0115-79730.0000     0.8918 1.8016e+03     2.6759    236.017 -9.990e-29
    103.500     -0.074    30.3341   0.021864   -17.9585 40750.0000     2.2973 1.7562e+03     2.6764    235.845 -9.990e-29
    103.750     -0.076    30.3341   0.021981     8.0795   -80.0000     2.2968 1.7815e+03     2.6758    236.011 -9.990e-29
    104.000     -0.074    30.3343   0.021933     3.6505   -50.0000     2.2985 1.7441e+03     2.6758    236.038 -9.990e-29
    104.250     -0.070    30.3342   0.021703    -0.0441    10.0000     1.4268 1.6972e+03     2.6764    236.010 -9.990e-29
    104.500     -0.074    30.3342   0.021277    -0.0367    30.0000     1.4266 1.7818e+03     2.6759    235.941 -9.990e-29
    104.750     -0.078    30.3337   0.021153   -32.7073  -110.0000     1.4272 1.8494e+03     2.6761    236.013 -9.990e-29
    105.000     -0.078    30.3333   0.020963    24.2018  -110.0000    -0.0509 1.9026e+03     2.6758    236.039 -9.990e-29
    105.250     -0.079    30.3326   0.020981   -15.2188  -110.0000    -0.0513 1.8382e+03     2.6760    236.005 -9.990e-29
    105.500     -0.078    30.3321   0.020824   -50.9229   -80.0000    -0.0511 1.8145e+03     2.6759    236.002 -9.990e-29
    105.750     -0.074    30.3314   0.020897    -0.0294   -20.0000     0.3401 1.8410e+03     2.6757    235.972 -9.990e-29
    106.000     -0.076    30.3305   0.021081     6.6986  -270.0000     0.3399 1.7216e+03     2.6759    235.967 -9.990e-29
    106.250     -0.076    30.3297   0.021027    -0.0367  -160.0000     0.3401 1.7138e+03     2.6761    236.027 -9.990e-29
    106.500     -0.078    30.3289   0.020963    -0.0441  -130.0000     0.2315 1.8263e+03     2.6760    236.030 -9.990e-29
    106.750     -0.074    30.3282   0.021166    -0.0367  -110.0000     0.2315 1.8299e+03     2.6763    235.962 -9.990e-29
    107.000     -0.074    30.3274   0.021108    -0.0294  -110.0000     0.2312 1.8667e+03     2.6756    235.993 -9.990e-29
    107.250     -0.076    30.3270   0.021054    -0.0220   -20.0000     0.2313 1.8997e+03     2.6760    236.047 -9.990e-29
    107.500     -0.074    30.3266   0.020918    -3.1069  -270.0000    -0.0108 1.8494e+03     2.6757    235.986 -9.990e-29
    107.750     -0.072    30.3257   0.020540    11.3113  -220.0000    -0.0109 1.7981e+03     2.6760    235.921 -9.990e-29
    108.000     -0.076    30.3255   0.020344    -0.6611  -110.0000    -0.0108 1.7768e+03     2.6765    235.981 -9.990e-29
    108.250     -0.078    30.3254   0.020060     1.7187  -160.0000    -0.0519 1.8185e+03     2.6761    235.984 -9.990e-29
    108.500     -0.076    30.3253   0.020009    12.6334  -220.0000    -0.0519 1.8118e+03     2.6764    236.055 -9.990e-29
    108.750     -0.076    30.3246   0.020030    -0.0220    60.0000    -0.0518 1.8315e+03     2.6763    236.002 -9.990e-29
    109.000     -0.076    30.3243   0.020214    -0.0367   -80.0000    -0.0443 1.8631e+03     2.6765    235.996 -9.990e-29
    109.250     -0.076    30.3236   0.020694   -19.5377   -80.0000    -0.0441 1.8343e+03     2.6765    236.068 -9.990e-29
    109.500     -0.074    30.3226   0.021172    11.4362  -130.0000    -0.0440 1.7726e+03     2.6767    236.026 -9.990e-29
    109.750     -0.076    30.3216   0.021613    -0.0588    30.0000     0.5598 1.7570e+03     2.6762    236.055 -9.990e-29
    110.000     -0.074    30.3203   0.021882    -0.0294    10.0000     0.5600 1.7554e+03     2.6756    236.004 -9.990e-29
    110.250     -0.074    30.3190   0.021882    -0.0808   -80.0000     0.5598 1.8106e+03     2.6761    236.021 -9.990e-29
    110.500     -0.076    30.3180   0.021664   -23.1808  -130.0000     0.1811 1.8586e+03     2.6758    236.014 -9.990e-29
    110.750     -0.076    30.3170   0.021277    -7.3817  -300.0000     0.1813 1.9054e+03     2.6760    235.999 -9.990e-29
    111.000     -0.074    30.3161   0.020930    -0.0441    30.0000     0.1813 1.9034e+03     2.6757    236.026 -9.990e-29
    111.250     -0.074    30.3154   0.020549    -0.0588   -80.0000    -0.0551 1.9233e+03     2.6761    236.049 -9.990e-29
    111.500     -0.072    30.3150   0.020305    -0.0588   -80.0000    -0.0547 1.9408e+03     2.6764    236.058 -9.990e-29
    111.750     -0.076    30.3148   0.020429    29.9382 -1.864e+05    -0.0548 1.8849e+03     2.6764    236.101 -9.990e-29
    112.000     -0.076    30.3144   0.020561    -6.3975-87770.0000    -0.0547 1.8486e+03     2.6762    236.023 -9.990e-29
    112.250     -0.074    30.3142   0.021546    17.6060  -110.0000    -0.0455 1.6913e+03     2.6759    236.059 -9.990e-29
    112.500     -0.076    30.3138   0.021809     0.0000   -80.0000    -0.0455 1.7001e+03     2.6754    236.022 -9.990e-29
    112.750     -0.072    30.3124   0.022498    -0.0220   -20.0000    -0.0459 1.8126e+03     2.6761    236.054 -9.990e-29
    113.000     -0.074    30.3119   0.023209    -0.0367   -20.0000     4.5399 1.6994e+03     2.6757    236.118 -9.990e-29
    113.250     -0.074    30.3103   0.023130    -0.0147    60.0000     4.5403 1.8343e+03     2.6758    236.074 -9.990e-29
    113.500     -0.072    30.3091   0.023242    -0.0588   -80.0000     4.5409 1.9349e+03     2.6754    236.118 -9.990e-29
    113.750     -0.074    30.3082   0.023115    -0.0514   -80.0000    -0.0742 1.9341e+03     2.6758    236.121 -9.990e-29
    114.000     -0.074    30.3075   0.022925    -0.0147   -20.0000    -0.0743 1.8772e+03     2.6757    236.169 -9.990e-29
    114.250     -0.074    30.3061   0.022353    -0.0294    90.0000    -0.0737 1.9379e+03     2.6762    236.170 -9.990e-29
    114.500     -0.076    30.3041   0.021981    -0.0367   -80.0000    -0.0623 1.9379e+03     2.6757    236.206 -9.990e-29
    114.750     -0.076    30.3035   0.021613    -0.0441    30.0000    -0.0626 1.8478e+03     2.6761    236.136 -9.990e-29
    115.000     -0.078    30.3020   0.021178    -0.0441   -20.0000    -0.0620 1.8149e+03     2.6764    236.051 -9.990e-29
    115.250     -0.074    30.3001   0.020897    -0.0514    10.0000    -0.0615 1.9017e+03     2.6747    236.106 -9.990e-29
    115.500     -0.074    30.2976   0.021036    -0.0367  -110.0000    -0.0613 1.8216e+03     2.6740    236.070 -9.990e-29
    115.750     -0.076    30.2956   0.021271    -0.0220  -110.0000    -0.0615 1.7149e+03     2.6721    236.092 -9.990e-29
    116.000     -0.072    30.2934   0.021277    -0.0735   -20.0000     0.6316 1.7403e+03     2.6695    236.070 -9.990e-29
    116.250     -0.076    30.2914   0.021718    -0.0588    10.0000     0.6318 1.7513e+03     2.6658    236.119 -9.990e-29
    116.500     -0.074    30.2896   0.022133    -0.0294    10.0000     0.6318 1.7845e+03     2.6658    236.180 -9.990e-29
    116.750     -0.074    30.2873   0.022532    -0.0294  -110.0000     0.0114 1.7570e+03     2.6712    236.224 -9.990e-29
    117.000     -0.076    30.2852   0.022435    -0.0367    10.0000     0.0110 1.8817e+03     2.6747    236.217 -9.990e-29
    117.250     -0.078    30.2835   0.022459    -0.0367  -110.0000     0.0114 1.8821e+03     2.6761    236.177 -9.990e-29
    117.500     -0.076    30.2820   0.022139    -0.0588    60.0000     0.0114 1.8315e+03     2.6800    236.123 -9.990e-29
    117.750     -0.078    30.2801   0.021652    -0.0588   120.0000    -0.0642 1.8964e+03     2.6832    236.197 -9.990e-29
    118.000     -0.072    30.2787   0.021271    -0.0294   -20.0000    -0.0644 1.8643e+03     2.6765    236.165 -9.990e-29
    118.250     -0.072    30.2774   0.020863    -0.0367   -80.0000    -0.0641 1.8331e+03     2.6616    236.172 -9.990e-29
    118.500     -0.069    30.2762   0.020555    -0.0367   -20.0000    -0.0563 1.8647e+03     2.6371    236.116 -9.990e-29
    118.750     -0.072    30.2751   0.020522   -11.4215   -50.0000    -0.0566 1.8784e+03     2.6087    236.183 -9.990e-29
    119.000     -0.072    30.2742   0.020555     9.9157   -80.0000    -0.0567 1.9042e+03     2.5857    236.183 -9.990e-29
    119.250     -0.074    30.2733   0.020891    -0.0147  -160.0000    -0.0577 1.8631e+03     2.5558    236.267 -9.990e-29
    119.500     -0.076    30.2273   0.021513    -0.0367    60.0000    -0.0580 1.7738e+03     2.5242    236.220 -9.990e-29
    119.750     -0.052    30.0704  -0.315919    -9.5338  -110.0000    -0.0577 1.8004e+03     2.5094    236.390 -9.990e-29
    120.000      0.088    29.9509   2.172355     3.7827 27070.0000     5.0176 1.6869e+03     2.5331    221.972 -9.990e-29
    120.250      0.186    29.8677   5.404197     0.5729 -3090.0000     5.0180 1.7134e+03     2.5518    198.834 -9.990e-29
    120.500      0.233    29.8170   5.790881     1.1899 26150.0000     5.0176 1.7772e+03     2.5537    196.237 -9.990e-29
    120.750      0.271    29.7897   5.810059   -24.2238-68930.0000    24.6892 1.7194e+03     2.5433    196.069 -9.990e-29
    121.000      0.304    29.7752   5.829589     6.6178 14050.0000    24.8803 1.6884e+03     2.5216    195.725 -9.990e-29
    121.250      0.327    29.7689   5.847692     0.2718 21750.0000    24.7836 1.7467e+03     2.4973    195.185 -9.990e-29
    121.500      0.315    29.7656   5.846830     3.3787  4940.0000    24.8803 1.7707e+03     2.4895    195.147 -9.990e-29
    121.750      0.306    29.7643   5.843858    -0.4921 -8680.0000     5.2595 1.7205e+03     2.4895    195.748 -9.990e-29
    122.000      0.320    29.7639   4.271133     1.1238    10.0000     5.2598 1.6840e+03     2.4859    207.860 -9.990e-29
    122.250      0.413    29.7626   4.770640    -0.6757  -300.0000     5.2598 1.7287e+03     2.4684    204.522 -9.990e-29
    122.500      0.547    29.7627   5.856796    -0.9989  -870.0000     2.4813 8.8211e+02     2.4428    197.104 -9.990e-29
    122.750      0.724    29.7618   5.855230     0.7345  -760.0000     2.4810 7.4805e+02     2.4272    197.686 -9.990e-29
    123.000      0.938    29.7595   5.863681     0.0220 -1950.0000     2.4817 6.4474e+02     2.4087    197.057 -9.990e-29
    123.250      1.198    29.7569   5.865265     0.4407 -1310.0000     1.4434 8.7736e+02     2.3820    195.350 -9.990e-29
    123.500      1.451    29.7551   5.866215     0.5142 -1040.0000     1.4433 8.2561e+02     2.3506    192.227 -9.990e-29
    123.750      1.662    29.7586   5.865946     0.0808   200.0000     1.4433 9.4065e+02     2.3423    188.319 -9.990e-29
    124.000      1.791    29.7687   5.864735     0.0441    10.0000     0.2148 9.7294e+02     2.3456    184.876 -9.990e-29
    124.250      1.813    29.7815   5.860738    -0.0881  -190.0000     0.2149 1.3679e+03     2.3468    180.718 -9.990e-29
    124.500      1.707    29.7898   5.855681     0.5435 -1010.0000     0.2145 1.0685e+03     2.3417    176.395 -9.990e-29
    124.750      1.504    29.7909   5.853078     0.0000   750.0000     0.2146 1.0577e+03     2.3301    174.147 -9.990e-29
    125.000      1.342    29.7850   5.857373    -0.2130  -650.0000     0.6122 7.8029e+02     2.3165    176.798 -9.990e-29
    125.250      1.229    29.7782   5.861006    -0.1469  -160.0000     0.6122 6.7223e+02     2.3003    179.966 -9.990e-29
    125.500      1.113    29.7756   5.859977    -1.0577  5790.0000     0.6118 1.0162e+03     2.3059    181.960 -9.990e-29
    125.750      0.993    29.7726   5.860396    -0.5582  2300.0000     0.6606 1.2534e+03     2.3307    182.530 -9.990e-29
    126.000      1.000    29.7689   5.864172     0.3158 -1700.0000     0.6603 7.8622e+02     2.3671    181.365 -9.990e-29
    126.250      1.113    29.7683   5.866056    -0.0441   890.0000     0.6604 1.2381e+03     2.4067    179.342 -9.990e-29
    126.500      1.295    29.7689   5.867569     0.0514   200.0000     0.6893 9.8949e+02     2.4356    178.366 -9.990e-29
    126.750      1.493    29.7707   5.868218    -0.8006 -1670.0000     0.6887 1.1869e+03     2.4438    177.635 -9.990e-29
    127.000      1.675    29.7735   5.867688     0.2203  -730.0000     0.6887 8.6007e+02     2.4464    176.311 -9.990e-29
    127.250      1.802    29.7810   5.864893     0.4407   140.0000     0.6893 7.6557e+02     2.4471    174.090 -9.990e-29
    127.500      1.869    29.7898   5.861188     0.1542   -50.0000     0.1663 1.0111e+03     2.4446    171.421 -9.990e-29
    127.750      1.864    29.7958   5.858395    -0.0073   -80.0000     0.1660 1.0434e+03     2.4305    169.924 -9.990e-29
    128.000      1.807    29.7962   5.858846     0.2571   560.0000     0.1659 6.6977e+02     2.4050    168.148 -9.990e-29
    128.250      1.813    29.7889   5.862391     0.0000   230.0000     0.1826 6.6977e+02     2.3679    165.202 -9.990e-29
    128.500      1.849    29.7819   5.863515    -0.0735  -160.0000     0.1823 6.9591e+02     2.3317    161.310 -9.990e-29
    128.750      1.895    29.7764   5.864608     0.1322  -110.0000     0.1831 9.4473e+02     2.3219    159.923 -9.990e-29
    129.000      1.966    29.7719   5.865336     0.1763   -20.0000     0.2005 1.2570e+03     2.3387    160.396 -9.990e-29
    129.250      2.064    29.7683   5.866572     0.0073    10.0000     0.2000 1.3597e+03     2.3665    161.329 -9.990e-29
    129.500      2.209    29.7653   5.867158     0.0147  -110.0000     0.2003 8.5450e+02     2.3894    161.861 -9.990e-29
    129.750      2.389    29.7636   5.867459     0.0000   120.0000     0.1930 1.4281e+03     2.4003    161.555 -9.990e-29
    130.000      2.635    29.7599   5.867269    -0.0073   230.0000     0.1922 8.2151e+02     2.3980    160.963 -9.990e-29
    130.250      2.918    29.7558   5.867079     0.0220    90.0000     0.1932 8.1355e+02     2.3889    159.906 -9.990e-29
    130.500      3.222    29.7520   5.867079     0.0073   -50.0000     0.1928 7.3649e+02     2.3799    160.828 -9.990e-29
    130.750      3.544    29.7478   5.866969     0.0147   200.0000     0.2494 5.5811e+02     2.3719    163.581 -9.990e-29
