cruises/P45_06/L2/CTD/Loop_Edit/P45_06_CTD_06_loop.cnv
* Sea-Bird SBE19plus  Data File:
* FileName = C:\Users\OA_2023-03\Desktop\Bathymetry\ctd_casts\P3_16_04-25002.hex
* Software version 2.3.0 SB_Terminal.dll
* Temperature SN = 8460
* Conductivity SN = 8460
* System UpLoad Time = Apr 16 2026 15:33:25
* <ApplicationData>
* <SeatermAF>
# nquan = 11
# nvalues = 4320                        
# units = specified
# name 0 = timeS: Time, Elapsed [seconds]
# name 1 = prdM: Pressure, Strain Gauge [db]
# name 2 = tv290C: Temperature [ITS-90, deg C]
# name 3 = c0S/m: Conductivity [S/m]
# name 4 = flECO-AFL: Fluorescence, WET Labs ECO-AFL/FL [mg/m^3]
# name 5 = flECO-AFL1: Fluorescence, WET Labs ECO-AFL/FL, 2 [mg/m^3]
# name 6 = CStarAt0: Beam Attenuation, WET Labs C-Star [1/m]
# name 7 = par/sat/log: PAR/Logarithmic, Satlantic [umol photons/m^2/sec]
# name 8 = sbeox0V: Oxygen raw, SBE 43 [V]
# name 9 = sbeox0Mm/L: Oxygen, SBE 43 [umol/l]
# name 10 = flag:  0.000e+00
# span 0 =      0.000,   1079.750       
# span 1 =     -0.074,    168.084       
# span 2 =    15.8925,    31.9941       
# span 3 =   0.000012,   5.877904       
# span 4 =   -48.7708,    29.9382       
# span 5 = -3.024e+05, 40750.0000       
# span 6 =    -0.1114,    20.0947       
# span 7 = 1.1766e-01, 3.5613e+03       
# span 8 =     1.2441,     2.7525       
# span 9 =     86.457,    230.187       
# span 10 = 0.0000e+00, 0.0000e+00      
# interval = seconds: 0.25
# start_time = Apr 16 2026 14:33:22 [Instrument's time stamp, header]
# bad_flag = -9.990e-29
*END*
[from data line 1705]
    426.250     66.713    19.4287   4.841595     0.2203   230.0000     0.0463 3.4671e+00     1.6337    129.572 0.0000e+00
    426.500     66.835    19.4256   4.841340     0.1983   280.0000     0.0465 3.7301e+00     1.6280    129.262 0.0000e+00
    426.750     66.910    19.4234   4.841114     0.1983   250.0000     0.0482 3.8100e+00     1.6210    128.785 0.0000e+00
    427.000     66.948    19.4218   4.840990     0.2350   250.0000     0.0482 3.8332e+00     1.6159    128.441 0.0000e+00
    427.250     66.982    19.4211   4.840859     0.2424   120.0000     0.0482 3.8340e+00     1.6093    127.868 0.0000e+00
    427.500     67.030    19.4206   4.840859     0.1983   280.0000     0.0486 3.8241e+00     1.6021    127.148 0.0000e+00
    427.750     67.113    19.4207   4.840830     0.2130   280.0000     0.0470 3.7277e+00     1.5967    126.668 0.0000e+00
    428.000     67.241    19.4195   4.840830     0.2277   280.0000     0.0470 3.5760e+00     1.5894    126.166 0.0000e+00
    428.250     67.410    19.4155   4.840509     0.1983   280.0000     0.0469 3.3600e+00     1.5828    125.694 0.0000e+00
    428.500     67.599    19.4065   4.839562     0.1983   310.0000     0.0505 3.1455e+00     1.5775    125.291 0.0000e+00
    428.750     67.786    19.3904   4.837878     0.2203   230.0000     0.0511 3.0025e+00     1.5713    124.951 0.0000e+00
    429.000     67.970    19.3671   4.834993     0.2203   230.0000     0.0509 2.9180e+00     1.5659    124.596 0.0000e+00
    429.250     68.148    19.3368   4.831504     0.1983   250.0000     0.0456 3.0012e+00     1.5604    124.609 0.0000e+00
    429.500     68.321    19.3024   4.827404     0.1983   310.0000     0.0455 3.0868e+00     1.5554    124.561 0.0000e+00
    429.750     68.486    19.2665   4.823313     0.1983   250.0000     0.0455 3.1393e+00     1.5511    124.218 0.0000e+00
    430.000     68.644    19.2305   4.819450     0.2130   280.0000     0.0455 3.1244e+00     1.5466    124.028 0.0000e+00
    430.250     68.794    19.1976   4.816038     0.1763   280.0000     0.0448 3.1278e+00     1.5421    123.604 0.0000e+00
    430.500     68.930    19.1707   4.813108     0.1689   250.0000     0.0449 3.1502e+00     1.5389    123.161 0.0000e+00
    430.750     69.057    19.1502   4.811422     0.2203   280.0000     0.0447 3.1332e+00     1.5347    122.646 0.0000e+00
    431.000     69.168    19.1348   4.810179     0.1983   230.0000     0.0436 3.1694e+00     1.5320    122.052 0.0000e+00
    431.250     69.274    19.1237   4.809256     0.1689   280.0000     0.0443 3.1707e+00     1.5307    121.259 0.0000e+00
    431.500     69.388    19.1142   4.808551     0.2277   250.0000     0.0438 3.1749e+00     1.5279    120.420 0.0000e+00
    431.750     69.517    19.1066   4.807788     0.1836   200.0000     0.0427 3.0695e+00     1.5254    119.417 0.0000e+00
    432.000     69.674    19.0982   4.807061     0.1910   340.0000     0.0423 2.9960e+00     1.5230    118.631 0.0000e+00
    432.250     69.861    19.0889   4.806139     0.1763   230.0000     0.0424 2.7650e+00     1.5214    117.696 0.0000e+00
    432.500     70.050    19.0793   4.805150     0.1763   230.0000     0.0425 2.5951e+00     1.5193    116.666 0.0000e+00
    432.750     70.245    19.0690   4.804039     0.1983   250.0000     0.0434 2.5429e+00     1.5177    115.913 0.0000e+00
    433.000     70.407    19.0599   4.802797     0.1689   230.0000     0.0438 2.5951e+00     1.5157    114.971 0.0000e+00
    433.250     70.550    19.0514   4.802128     0.1689   250.0000     0.0442 2.6802e+00     1.5136    114.158 0.0000e+00
    433.500     70.681    19.0438   4.801468     0.1763   250.0000     0.0430 2.7662e+00     1.5115    113.576 0.0000e+00
    433.750     70.778    19.0388   4.800865     0.2057   250.0000     0.0427 2.8760e+00     1.5097    112.940 0.0000e+00
    434.000     70.852    19.0355   4.800640     0.1763   280.0000     0.0432 2.9664e+00     1.5081    112.380 0.0000e+00
    434.250     70.914    19.0326   4.800574     0.1910   250.0000     0.0415 2.9696e+00     1.5065    111.884 0.0000e+00
    434.500     70.967    19.0300   4.800262     0.1836   230.0000     0.0419 2.9973e+00     1.5038    111.460 0.0000e+00
    434.750     71.027    19.0273   4.799906     0.2130   200.0000     0.0418 2.9947e+00     1.5008    111.129 0.0000e+00
    435.000     71.105    19.0246   4.799558     0.2203   250.0000     0.0418 2.9408e+00     1.4983    110.834 0.0000e+00
    435.250     71.210    19.0222   4.799369     0.1836   310.0000     0.0423 2.8979e+00     1.4960    110.495 0.0000e+00
    435.500     71.343    19.0186   4.799151     0.1689   250.0000     0.0420 2.7727e+00     1.4934    110.314 0.0000e+00
    435.750     71.498    19.0145   4.798643     0.1689   280.0000     0.0421 2.6296e+00     1.4914    110.029 0.0000e+00
    436.000     71.661    19.0104   4.798098     0.1983   310.0000     0.0415 2.5617e+00     1.4894    109.931 0.0000e+00
    436.250     71.823    19.0071   4.797786     0.2130   310.0000     0.0413 2.4553e+00     1.4875    110.057 0.0000e+00
    436.500     71.980    19.0042   4.797561     0.1983   230.0000     0.0415 2.4622e+00     1.4859    109.977 0.0000e+00
    436.750     72.136    19.0016   4.797307     0.1542   170.0000     0.0406 2.4729e+00     1.4843    109.901 0.0000e+00
    437.000     72.291    18.9988   4.797082     0.1542   230.0000     0.0409 2.4479e+00     1.4827    109.821 0.0000e+00
    437.250     72.463    18.9950   4.796770     0.1836   250.0000     0.0404 2.4106e+00     1.4823    109.839 0.0000e+00
    437.500     72.642    18.9896   4.796197     0.1689   310.0000     0.0409 2.3427e+00     1.4805    109.729 0.0000e+00
    437.750     72.838    18.9802   4.795275     0.1836   230.0000     0.0406 2.2136e+00     1.4784    109.687 0.0000e+00
    438.000     73.034    18.9611   4.793946     0.1910   250.0000     0.0411 2.1611e+00     1.4777    109.528 0.0000e+00
    438.250     73.225    18.9347   4.790237     0.1983   310.0000     0.0409 2.1457e+00     1.4749    109.351 0.0000e+00
    438.500     73.382    18.9065   4.786566     0.1322   280.0000     0.0405 2.2406e+00     1.4721    109.215 0.0000e+00
    438.750     73.500    18.8810   4.783752     0.1836   170.0000     0.0402 2.3210e+00     1.4704    109.095 0.0000e+00
    439.000     73.571    18.8635   4.781692     0.1983   250.0000     0.0400 2.4237e+00     1.4685    109.002 -9.990e-29
    439.250     73.578    18.8543   4.781098     0.1542   230.0000     0.0439 2.5020e+00     1.4665    108.862 -9.990e-29
    439.500     73.529    18.8496   4.781352     0.1542   250.0000     0.0436 2.5639e+00     1.4653    108.574 -9.990e-29
    439.750     73.447    18.8476   4.781251     0.2130   250.0000     0.0437 2.5811e+00     1.4633    108.191 -9.990e-29
    440.000     73.360    18.8466   4.781287     0.1983   370.0000     0.0418 2.5717e+00     1.4630    107.854 -9.990e-29
    440.250     73.298    18.8457   4.781251     0.1910   250.0000     0.0414 2.5292e+00     1.4620    107.544 -9.990e-29
    440.500     73.298    18.8445   4.781099     0.2057   310.0000     0.0412 2.4831e+00     1.4607    107.189 -9.990e-29
    440.750     73.370    18.8435   4.781004     0.2203   230.0000     0.0417 2.3687e+00     1.4601    106.907 -9.990e-29
    441.000     73.520    18.8390   4.780809     0.1542   230.0000     0.0406 2.1268e+00     1.4590    106.668 0.0000e+00
    441.250     73.712    18.8282   4.779707     0.1542   250.0000     0.0406 1.8764e+00     1.4570    106.495 0.0000e+00
    441.500     73.918    18.8092   4.777525     0.1910   280.0000     0.0407 1.7119e+00     1.4554    106.429 0.0000e+00
    441.750     74.131    18.7948   4.774278     0.1689   310.0000     0.0419 1.7108e+00     1.4531    106.386 0.0000e+00
    442.000     74.314    18.7845   4.774061     0.1616   310.0000     0.0422 1.8903e+00     1.4518    106.331 0.0000e+00
    442.250     74.469    18.7762   4.773423     0.1763   250.0000     0.0424 2.1714e+00     1.4483    106.430 0.0000e+00
    442.500     74.576    18.7685   4.772670     0.1836   250.0000     0.0396 2.2842e+00     1.4458    106.352 0.0000e+00
    442.750     74.631    18.7628   4.772010     0.1910   230.0000     0.0394 2.3672e+00     1.4440    106.165 0.0000e+00
    443.000     74.645    18.7589   4.771721     0.1983   250.0000     0.0395 2.3713e+00     1.4419    106.157 -9.990e-29
    443.250     74.642    18.7552   4.771438     0.1983   280.0000     0.0426 2.4080e+00     1.4402    105.828 -9.990e-29
    443.500     74.645    18.7526   4.771185     0.2057   250.0000     0.0423 2.4252e+00     1.4386    105.441 -9.990e-29
    443.750     74.673    18.7510   4.770996     0.1763   230.0000     0.0424 2.4043e+00     1.4377    105.168 0.0000e+00
    444.000     74.753    18.7505   4.770968     0.1983   250.0000     0.0424 2.3040e+00     1.4371    104.874 0.0000e+00
    444.250     74.883    18.7490   4.771127     0.1469   250.0000     0.0394 2.2069e+00     1.4359    104.573 0.0000e+00
    444.500     75.065    18.7428   4.770591     0.1542   250.0000     0.0398 2.0161e+00     1.4363    104.467 0.0000e+00
    444.750     75.287    18.7320   4.769077     0.1396   310.0000     0.0394 1.7784e+00     1.4350    104.276 0.0000e+00
    445.000     75.525    18.7175   4.767375     0.1469   250.0000     0.0389 1.5315e+00     1.4333    104.336 0.0000e+00
    445.250     75.773    18.7021   4.765586     0.1689   140.0000     0.0390 1.2820e+00     1.4322    104.399 0.0000e+00
    445.500     76.015    18.6886   4.763632     0.1542    90.0000     0.0392 1.2494e+00     1.4311    104.404 0.0000e+00
    445.750     76.257    18.6780   4.762597     0.1910   230.0000     0.0392 1.3924e+00     1.4300    104.462 0.0000e+00
    446.000     76.478    18.6702   4.762155     0.1983   170.0000     0.0390 1.7082e+00     1.4282    104.452 0.0000e+00
    446.250     76.646    18.6628   4.761649     0.1836   170.0000     0.0390 1.9480e+00     1.4268    104.270 0.0000e+00
    446.500     76.757    18.6564   4.760650     0.1542    60.0000     0.0389 2.0994e+00     1.4253    104.078 0.0000e+00
    446.750     76.793    18.6539   4.760144     0.1763   230.0000     0.0385 2.1139e+00     1.4250    103.764 -9.990e-29
    447.000     76.775    18.6536   4.760585     0.1616   250.0000     0.0389 2.0328e+00     1.4241    103.523 -9.990e-29
    447.250     76.733    18.6531   4.760802     0.1910   250.0000     0.0392 2.0598e+00     1.4238    102.987 -9.990e-29
    447.500     76.697    18.6516   4.760520     0.2057   250.0000     0.0418 2.0759e+00     1.4238    102.555 -9.990e-29
    447.750     76.689    18.6501   4.760238     0.1616   230.0000     0.0420 2.0795e+00     1.4227    102.236 -9.990e-29
    448.000     76.735    18.6497   4.760115     0.1616   170.0000     0.0425 1.9670e+00     1.4214    101.930 -9.990e-29
    448.250     76.842    18.6486   4.760303     0.1322   230.0000     0.0375 1.8643e+00     1.4210    101.738 0.0000e+00
    448.500     77.013    18.6445   4.759891     0.1763   230.0000     0.0381 1.7183e+00     1.4198    101.584 0.0000e+00
    448.750     77.202    18.6374   4.758979     0.1836   230.0000     0.0379 1.6058e+00     1.4193    101.581 0.0000e+00
    449.000     77.395    18.6291   4.757850     0.1689   170.0000     0.0379 1.4900e+00     1.4180    101.658 0.0000e+00
    449.250     77.571    18.6212   4.756880     0.1542   250.0000     0.0383 1.5016e+00     1.4172    101.731 0.0000e+00
    449.500     77.735    18.6131   4.756121     0.1469   250.0000     0.0379 1.6040e+00     1.4171    101.974 0.0000e+00
    449.750     77.871    18.6048   4.755086     0.1175   280.0000     0.0383 1.7279e+00     1.4159    101.956 0.0000e+00
    450.000     77.975    18.5978   4.754305     0.1542   200.0000     0.0383 1.7942e+00     1.4155    101.865 0.0000e+00
    450.250     78.044    18.5919   4.753799     0.1983   250.0000     0.0385 1.8426e+00     1.4137    101.775 0.0000e+00
    450.500     78.091    18.5873   4.753329     0.1616   250.0000     0.0385 1.8518e+00     1.4130    101.648 0.0000e+00
    450.750     78.131    18.5826   4.753047     0.1763   230.0000     0.0376 1.8482e+00     1.4114    101.493 0.0000e+00
    451.000     78.160    18.5782   4.752389     0.1910   280.0000     0.0379 1.8390e+00     1.4107    101.218 0.0000e+00
    451.250     78.197    18.5748   4.752049     0.1322   250.0000     0.0373 1.8200e+00     1.4100    101.004 0.0000e+00
    451.500     78.237    18.5721   4.751796     0.1983   230.0000     0.0381 1.8165e+00     1.4084    100.755 0.0000e+00
    451.750     78.295    18.5694   4.751608     0.1910   250.0000     0.0383 1.8252e+00     1.4082    100.775 0.0000e+00
    452.000     78.366    18.5661   4.751326     0.1689   250.0000     0.0376 1.7381e+00     1.4070    100.725 0.0000e+00
    452.250     78.462    18.5608   4.750791     0.1249   250.0000     0.0381 1.7257e+00     1.4063    100.763 0.0000e+00
    452.500     78.568    18.5543   4.749916     0.1763   170.0000     0.0369 1.6965e+00     1.4058    100.878 0.0000e+00
    452.750     78.697    18.5472   4.749099     0.1469   280.0000     0.0373 1.6134e+00     1.4055    100.847 0.0000e+00
    453.000     78.839    18.5381   4.748253     0.1689   250.0000     0.0371 1.5717e+00     1.4045    100.790 0.0000e+00
    453.250     78.970    18.5281   4.746908     0.1396   200.0000     0.0407 1.5885e+00     1.4037    100.796 0.0000e+00
    453.500     79.099    18.5191   4.745810     0.1322   140.0000     0.0401 1.5816e+00     1.4024    100.669 0.0000e+00
    453.750     79.215    18.5111   4.745000     0.1616   250.0000     0.0406 1.6096e+00     1.4026    100.601 0.0000e+00
    454.000     79.328    18.5041   4.744372     0.1469   250.0000     0.0368 1.6448e+00     1.4019    100.432 0.0000e+00
    454.250     79.435    18.4977   4.743837     0.1763   310.0000     0.0371 1.6638e+00     1.4021    100.315 0.0000e+00
    454.500     79.544    18.4910   4.743179     0.1763   250.0000     0.0368 1.6299e+00     1.4021    100.316 0.0000e+00
    454.750     79.673    18.4848   4.742399     0.1910   250.0000     0.0371 1.6243e+00     1.4021    100.229 0.0000e+00
    455.000     79.815    18.4785   4.741929     0.1102   250.0000     0.0373 1.5851e+00     1.4022    100.221 0.0000e+00
    455.250     79.970    18.4710   4.741120     0.0881   250.0000     0.0375 1.5388e+00     1.4020     99.993 0.0000e+00
    455.500     80.137    18.4616   4.740181     0.1249   200.0000     0.0376 1.4742e+00     1.4027     99.924 0.0000e+00
    455.750     80.299    18.4516   4.738931     0.1322   230.0000     0.0372 1.4346e+00     1.4021     99.707 0.0000e+00
    456.000     80.466    18.4426   4.737927     0.0808   250.0000     0.0370 1.4606e+00     1.4030     99.630 0.0000e+00
    456.250     80.632    18.4340   4.737054     0.1322   250.0000     0.0370 1.4343e+00     1.4032     99.546 0.0000e+00
    456.500     80.803    18.4257   4.736180     0.1469   250.0000     0.0370 1.4112e+00     1.4030     99.335 0.0000e+00
    456.750     80.966    18.4175   4.735335     0.1322   250.0000     0.0368 1.3903e+00     1.4038     99.366 0.0000e+00
    457.000     81.132    18.4088   4.734497     0.1102   200.0000     0.0370 1.4219e+00     1.4047     99.257 0.0000e+00
    457.250     81.292    18.3998   4.733465     0.1322   280.0000     0.0373 1.3903e+00     1.4045     99.252 0.0000e+00
    457.500     81.445    18.3905   4.732440     0.1322   200.0000     0.0365 1.4461e+00     1.4060     99.241 0.0000e+00
    457.750     81.594    18.3825   4.731472     0.1249   170.0000     0.0368 1.4232e+00     1.4065     99.290 0.0000e+00
    458.000     81.730    18.3751   4.730751     0.1249   170.0000     0.0369 1.4127e+00     1.4072     99.213 0.0000e+00
    458.250     81.866    18.3694   4.730188     0.1689   230.0000     0.0370 1.4306e+00     1.4082     99.151 0.0000e+00
    458.500     81.997    18.3642   4.729726     0.1542   250.0000     0.0371 1.4383e+00     1.4079     99.019 0.0000e+00
    458.750     82.112    18.3597   4.729221     0.0808   250.0000     0.0375 1.4578e+00     1.4102     99.062 0.0000e+00
