cruises/P45_06/L2/CTD/Loop_Edit/P45_06_CTD_08_loop.cnv
* Sea-Bird SBE19plus  Data File:
* FileName = C:\Users\OA_2023-03\Desktop\Bathymetry\ctd_casts\J2_17_04_2026001.hex
* Software version 2.3.0 SB_Terminal.dll
* Temperature SN = 8460
* Conductivity SN = 8460
* System UpLoad Time = Apr 17 2026 17:13:47
* <ApplicationData>
* <SeatermAF>
# nquan = 11
# nvalues = 2934                        
# units = specified
# name 0 = timeS: Time, Elapsed [seconds]
# name 1 = prdM: Pressure, Strain Gauge [db]
# name 2 = tv290C: Temperature [ITS-90, deg C]
# name 3 = c0S/m: Conductivity [S/m]
# name 4 = flECO-AFL: Fluorescence, WET Labs ECO-AFL/FL [mg/m^3]
# name 5 = flECO-AFL1: Fluorescence, WET Labs ECO-AFL/FL, 2 [mg/m^3]
# name 6 = CStarAt0: Beam Attenuation, WET Labs C-Star [1/m]
# name 7 = par/sat/log: PAR/Logarithmic, Satlantic [umol photons/m^2/sec]
# name 8 = sbeox0V: Oxygen raw, SBE 43 [V]
# name 9 = sbeox0Mm/L: Oxygen, SBE 43 [umol/l]
# name 10 = flag:  0.000e+00
# span 0 =      0.000,    733.250       
# span 1 =     -0.083,     59.020       
# span 2 =    19.6278,    30.8273       
# span 3 =  -0.315919,   5.875385       
# span 4 =   -79.9063,    29.9382       
# span 5 = -1.864e+05, 40750.0000       
# span 6 =    -0.1020,    24.8803       
# span 7 = 3.3441e+00, 1.9408e+03       
# span 8 =     1.6516,     2.6927       
# span 9 =    123.864,    236.390       
# span 10 = 0.0000e+00, 0.0000e+00      
# interval = seconds: 0.25
# start_time = Apr 17 2026 14:51:22 [Instrument's time stamp, header]
# bad_flag = -9.990e-29
*END*
[from data line 1443]
    360.750      4.107    29.7478   5.866969     0.0441  -130.0000     0.0884 2.1056e+02     2.6074    190.907 -9.990e-29
    361.000      4.150    29.7548   5.867611     0.0073    10.0000     0.0867 2.2288e+02     2.6069    190.742 -9.990e-29
    361.250      4.196    29.7594   5.868719     0.0220   250.0000     0.0866 2.3319e+02     2.6054    190.648 -9.990e-29
    361.500      4.230    29.7636   5.868909     0.0147    60.0000     0.0866 2.4770e+02     2.6062    190.572 -9.990e-29
    361.750      4.256    29.7656   5.869273     0.0220    60.0000     0.0888 2.8185e+02     2.6091    190.285 -9.990e-29
    362.000      4.268    29.7626   5.869313    -0.0220    90.0000     0.0893 2.4915e+02     2.6109    190.117 -9.990e-29
    362.250      4.274    29.7563   5.868180     0.0000   120.0000     0.0898 2.3721e+02     2.6118    190.058 -9.990e-29
    362.500      4.263    29.7502   5.867048     0.0294   120.0000     0.0891 2.2668e+02     2.6134    190.408 -9.990e-29
    362.750      4.241    29.7459   5.866399     0.0441   120.0000     0.0888 2.7027e+02     2.6133    190.385 -9.990e-29
    363.000      4.216    29.7441   5.866328     0.0220   -20.0000     0.0888 3.0363e+02     2.6127    190.345 -9.990e-29
    363.250      4.181    29.7427   5.866399     0.0294  -110.0000     0.0889 2.6306e+02     2.6108    190.303 -9.990e-29
    363.500      4.152    29.7416   5.866288     0.0147   -50.0000     0.0920 2.5921e+02     2.6086    190.495 -9.990e-29
    363.750      4.128    29.7409   5.866138     0.0147   -20.0000     0.0920 2.6028e+02     2.6079    190.550 -9.990e-29
    364.000      4.114    29.7403   5.866138     0.0220   230.0000     0.0912 2.3568e+02     2.6100    190.547 -9.990e-29
    364.250      4.103    29.7393   5.866217     0.0220    10.0000     0.0874 2.2643e+02     2.6140    190.523 -9.990e-29
    364.500      4.101    29.7342   5.866059     0.0220   230.0000     0.0874 2.7303e+02     2.6154    190.410 -9.990e-29
    364.750      4.101    29.7292   5.864578     0.0147   -20.0000     0.0878 3.3569e+02     2.6178    190.367 -9.990e-29
    365.000      4.105    29.7280   5.864285     0.0367   140.0000     0.0991 3.3605e+02     2.6188    190.431 -9.990e-29
    365.250      4.114    29.7279   5.864792     0.0220   -20.0000     0.0991 2.9045e+02     2.6196    190.507 -9.990e-29
    365.500      4.128    29.7298   5.864792     0.0220   170.0000     0.0990 5.2135e+02     2.6217    190.420 -9.990e-29
    365.750      4.150    29.7317   5.865378     0.0220    10.0000     0.0993 2.8051e+02     2.6236    190.276 -9.990e-29
    366.000      4.174    29.7331   5.865536     0.0220    90.0000     0.0862 2.3829e+02     2.6249    190.203 -9.990e-29
    366.250      4.208    29.7352   5.865687     0.0588   140.0000     0.0860 2.2511e+02     2.6251    190.029 -9.990e-29
    366.500      4.235    29.7371   5.865948     0.0294    30.0000     0.0861 2.7368e+02     2.6242    190.100 -9.990e-29
    366.750      4.272    29.7388   5.866099     0.0220   140.0000     0.0991 3.1596e+02     2.6236    190.415 -9.990e-29
    367.000      4.312    29.7402   5.866328     0.0294   200.0000     0.0991 2.6283e+02     2.6227    190.640 -9.990e-29
    367.250      4.350    29.7421   5.866328     0.0294   140.0000     0.0989 2.5950e+02     2.6196    190.809 -9.990e-29
    367.500      4.383    29.7443   5.866629     0.0147    90.0000     0.0865 2.9355e+02     2.6194    191.074 -9.990e-29
    367.750      4.397    29.7466   5.867009     0.0147    10.0000     0.0864 2.7362e+02     2.6178    191.137 -9.990e-29
    368.000      4.381    29.7488   5.867310     0.0220   140.0000     0.0865 2.3446e+02     2.6175    191.097 -9.990e-29
    368.250      4.326    29.7502   5.867349     0.0441   120.0000     0.0874 2.2979e+02     2.6172    190.854 -9.990e-29
    368.500      4.250    29.7517   5.867539     0.0073    60.0000     0.0894 2.2934e+02     2.6182    190.480 -9.990e-29
    368.750      4.192    29.7527   5.867634     0.0220   -20.0000     0.0892 2.5422e+02     2.6182    190.231 -9.990e-29
    369.000      4.181    29.7536   5.867729     0.0073    30.0000     0.0894 2.4749e+02     2.6172    190.356 -9.990e-29
    369.250      4.221    29.7536   5.867761     0.0367    30.0000     0.0876 2.1987e+02     2.6188    190.779 -9.990e-29
    369.500      4.330    29.7520   5.867666     0.0220   140.0000     0.0875 2.1349e+02     2.6206    190.997 -9.990e-29
    369.750      4.515    29.7478   5.867341     0.0147    10.0000     0.0875 2.1553e+02     2.6232    191.390 -9.990e-29
    370.000      4.757    29.7357   5.866320     0.0000    60.0000     0.0896 3.6817e+02     2.6243    191.655 0.0000e+00
    370.250      5.006    29.7232   5.863383     0.0220   170.0000     0.0895 4.2303e+02     2.6251    191.894 0.0000e+00
    370.500      5.246    29.7126   5.862814     0.0367    60.0000     0.0894 3.7728e+02     2.6259    192.213 0.0000e+00
    370.750      5.453    29.7049   5.861872    -0.0220   -20.0000     0.0934 6.2348e+02     2.6242    192.458 0.0000e+00
    371.000      5.621    29.6979   5.861421     0.0220    90.0000     0.0935 2.5882e+02     2.6229    192.552 0.0000e+00
    371.250      5.744    29.6921   5.860891     0.0294   120.0000     0.0935 2.0291e+02     2.6223    192.521 0.0000e+00
    371.500      5.823    29.6885   5.860290     0.0294   120.0000     0.0938 1.9694e+02     2.6224    192.390 0.0000e+00
    371.750      5.881    29.6862   5.860250     0.0294    90.0000     0.0889 1.8718e+02     2.6214    192.250 0.0000e+00
    372.000      5.917    29.6869   5.859981     0.0220   -80.0000     0.0886 2.0956e+02     2.6228    192.079 0.0000e+00
    372.250      5.948    29.6884   5.860630     0.0220   140.0000     0.0892 2.1170e+02     2.6220    191.643 0.0000e+00
    372.500      5.990    29.6889   5.860797     0.0367    30.0000     0.0898 2.0490e+02     2.6222    191.479 0.0000e+00
    372.750      6.070    29.6874   5.860725     0.0220    90.0000     0.0902 2.0060e+02     2.6205    191.204 0.0000e+00
    373.000      6.177    29.6798   5.860393     0.0147    10.0000     0.0902 2.6130e+02     2.6185    191.116 0.0000e+00
    373.250      6.306    29.6594   5.858668     0.0220   230.0000     0.1013 3.4909e+02     2.6234    191.100 0.0000e+00
    373.500      6.453    29.6399   5.853723     0.0220   120.0000     0.1017 2.7421e+02     2.6354    191.305 0.0000e+00
    373.750      6.626    29.6199   5.852933     0.0220   230.0000     0.1012 3.1229e+02     2.6323    191.427 0.0000e+00
    374.000      6.804    29.5896   5.850561     0.0367  -110.0000     0.1015 4.2680e+02     2.6294    191.470 0.0000e+00
    374.250      6.997    29.5578   5.845026     0.0147   340.0000     0.0908 3.6327e+02     2.6286    191.825 0.0000e+00
    374.500      7.191    29.5309   5.841897     0.0294   -50.0000     0.0906 2.6771e+02     2.6291    192.175 0.0000e+00
    374.750      7.377    29.5113   5.839843     0.0367    30.0000     0.0903 2.4451e+02     2.6300    192.641 0.0000e+00
    375.000      7.542    29.4969   5.838603     0.0147   -50.0000     0.0872 2.0029e+02     2.6250    192.911 0.0000e+00
    375.250      7.697    29.4841   5.837892     0.0220    30.0000     0.0869 1.8714e+02     2.6219    193.114 0.0000e+00
    375.500      7.824    29.4675   5.837016     0.0441    30.0000     0.0870 1.9827e+02     2.6222    193.267 0.0000e+00
    375.750      7.939    29.4582   5.833951     0.0441   200.0000     0.0866 2.2216e+02     2.6250    193.153 0.0000e+00
    376.000      8.039    29.4542   5.834552     0.0441    10.0000     0.0861 2.4488e+02     2.6249    192.997 0.0000e+00
    376.250      8.135    29.4502   5.834512     0.0220   250.0000     0.0861 1.9169e+02     2.6214    192.828 0.0000e+00
    376.500      8.220    29.4450   5.833802     0.0220   140.0000     0.0866 1.8062e+02     2.6214    192.739 0.0000e+00
    376.750      8.293    29.4384   5.833272     0.0147  -110.0000     0.0866 1.7933e+02     2.6198    192.550 0.0000e+00
    377.000      8.355    29.4315   5.832341     0.0147   170.0000     0.0872 1.9930e+02     2.6224    192.675 0.0000e+00
    377.250      8.409    29.4255   5.831591     0.0220   170.0000     0.0866 2.1368e+02     2.6240    192.620 0.0000e+00
    377.500      8.466    29.4202   5.830912     0.0294   200.0000     0.0883 2.3093e+02     2.6251    192.685 0.0000e+00
    377.750      8.542    29.4160   5.830541     0.0220   170.0000     0.0886 1.8577e+02     2.6286    192.578 0.0000e+00
    378.000      8.660    29.4096   5.830091     0.0073  -160.0000     0.0884 1.7717e+02     2.6296    192.386 0.0000e+00
    378.250      8.831    29.4001   5.829151     0.0367   -20.0000     0.0862 2.2840e+02     2.6301    192.923 0.0000e+00
    378.500      9.069    29.3897   5.827486     0.0367   -80.0000     0.0867 3.0153e+02     2.6295    194.353 0.0000e+00
    378.750      9.329    29.3818   5.826231     0.0294    30.0000     0.0861 2.6922e+02     2.6276    194.283 0.0000e+00
    379.000      9.599    29.3772   5.826002     0.0220   -20.0000     0.0875 2.1447e+02     2.6276    194.076 0.0000e+00
    379.250      9.848    29.3742   5.825821     0.0441   170.0000     0.0879 3.3071e+02     2.6262    194.044 0.0000e+00
    379.500     10.068    29.3715   5.825782     0.0294   170.0000     0.0878 2.4594e+02     2.6226    194.081 0.0000e+00
    379.750     10.235    29.3703   5.825592     0.0220    60.0000     0.0877 1.8116e+02     2.6227    194.126 0.0000e+00
    380.000     10.346    29.3695   5.825553     0.0073    90.0000     0.0856 1.8589e+02     2.6223    193.449 0.0000e+00
    380.250     10.400    29.3690   5.825592     0.0294   140.0000     0.0861 1.8429e+02     2.6225    192.794 0.0000e+00
    380.500     10.417    29.3694   5.825632     0.0367    60.0000     0.0860 2.0252e+02     2.6238    192.567 -9.990e-29
    380.750     10.408    29.3695   5.825632     0.0441  -110.0000     0.0865 1.8913e+02     2.6245    192.948 -9.990e-29
    381.000     10.413    29.3696   5.825648     0.0220    10.0000     0.0862 1.5853e+02     2.6231    193.033 0.0000e+00
    381.250     10.455    29.3694   5.825632     0.0220   140.0000     0.0868 1.5152e+02     2.6250    192.693 0.0000e+00
    381.500     10.553    29.3684   5.825632     0.3085   170.0000     0.0876 1.5493e+02     2.6267    192.689 0.0000e+00
    381.750     10.707    29.3661   5.825293     0.0220   170.0000     0.0878 1.9835e+02     2.6278    192.568 0.0000e+00
    382.000     10.915    29.3637   5.824772     0.0294   140.0000     0.0874 2.5433e+02     2.6275    192.970 0.0000e+00
    382.250     11.162    29.3616   5.824583     0.0367    10.0000     0.0823 2.5989e+02     2.6266    193.211 0.0000e+00
    382.500     11.409    29.3600   5.824433     0.0367    60.0000     0.0821 1.9580e+02     2.6255    193.365 0.0000e+00
    382.750     11.658    29.3583   5.824322     0.0441   140.0000     0.0821 1.8811e+02     2.6246    193.799 0.0000e+00
    383.000     11.876    29.3573   5.824212     0.0294   200.0000     0.0823 2.4177e+02     2.6243    194.062 0.0000e+00
    383.250     12.058    29.3571   5.824244     0.0073    90.0000     0.0936 2.2619e+02     2.6227    194.265 0.0000e+00
    383.500     12.178    29.3568   5.824204     0.0294  -110.0000     0.0934 1.8617e+02     2.6209    194.230 0.0000e+00
    383.750     12.242    29.3565   5.824212     0.0441   140.0000     0.0932 1.9613e+02     2.6199    193.988 0.0000e+00
    384.000     12.256    29.3567   5.824212     0.0220   420.0000     0.0893 2.0543e+02     2.6222    193.846 -9.990e-29
    384.250     12.240    29.3568   5.824244     0.0294    60.0000     0.0895 2.2183e+02     2.6253    193.577 -9.990e-29
    384.500     12.216    29.3567   5.824212     0.0294   170.0000     0.0891 2.1354e+02     2.6271    193.040 -9.990e-29
    384.750     12.231    29.3569   5.824212     0.0147    30.0000     0.0839 2.0247e+02     2.6284    192.887 -9.990e-29
    385.000     12.311    29.3568   5.824244     0.0220    30.0000     0.0835 2.3083e+02     2.6287    192.797 0.0000e+00
    385.250     12.458    29.3558   5.824244     0.0220    60.0000     0.0837 2.4052e+02     2.6287    192.813 0.0000e+00
    385.500     12.651    29.3540   5.824063     0.0220   120.0000     0.0833 2.3456e+02     2.6310    193.014 0.0000e+00
    385.750     12.873    29.3524   5.823913     0.0588  -190.0000     0.0828 1.9281e+02     2.6319    193.194 0.0000e+00
    386.000     13.080    29.3505   5.823834     0.0294   140.0000     0.0824 1.9707e+02     2.6304    193.133 0.0000e+00
    386.250     13.267    29.3494   5.823834     0.0441    60.0000     0.0826 2.3274e+02     2.6292    193.436 0.0000e+00
    386.500     13.455    29.3480   5.823795     0.0220   250.0000     0.0805 2.2400e+02     2.6269    193.731 0.0000e+00
    386.750     13.627    29.3467   5.823519     0.0294   170.0000     0.0808 2.0911e+02     2.6252    193.894 0.0000e+00
    387.000     13.789    29.3455   5.823424     0.0367   140.0000     0.0804 1.8449e+02     2.6220    193.899 0.0000e+00
    387.250     13.927    29.3444   5.823274     0.0220  -110.0000     0.0844 1.6522e+02     2.6217    193.804 0.0000e+00
    387.500     14.060    29.3434   5.823164     0.0367   120.0000     0.0845 1.7941e+02     2.6247    193.638 0.0000e+00
    387.750     14.180    29.3420   5.823014     0.0220   200.0000     0.0842 1.9415e+02     2.6275    193.500 0.0000e+00
    388.000     14.269    29.3407   5.822904     0.0441    60.0000     0.0847 2.0802e+02     2.6302    193.409 0.0000e+00
    388.250     14.338    29.3394   5.822714     0.0294   200.0000     0.0808 1.9394e+02     2.6316    193.147 0.0000e+00
    388.500     14.394    29.3385   5.822564     0.0588    60.0000     0.0804 1.8868e+02     2.6323    192.870 0.0000e+00
    388.750     14.454    29.3383   5.822525     0.0367   200.0000     0.0801 1.8848e+02     2.6335    192.714 0.0000e+00
    389.000     14.540    29.3375   5.822525     0.0294   120.0000     0.0825 2.0221e+02     2.6333    192.969 0.0000e+00
    389.250     14.676    29.3359   5.822375     0.0294   140.0000     0.0821 2.2458e+02     2.6336    193.389 0.0000e+00
    389.500     14.867    29.3318   5.821965     0.0220   230.0000     0.0824 2.2125e+02     2.6320    193.713 0.0000e+00
    389.750     15.109    29.3256   5.821215     0.0220   170.0000     0.0774 1.8702e+02     2.6323    193.996 0.0000e+00
    390.000     15.354    29.3174   5.820284     0.0367    90.0000     0.0776 1.5330e+02     2.6336    194.165 0.0000e+00
    390.250     15.591    29.3091   5.819125     0.0367   120.0000     0.0772 1.5393e+02     2.6331    194.282 0.0000e+00
    390.500     15.780    29.3027   5.818115     0.0367  -110.0000     0.0772 1.7752e+02     2.6318    194.606 0.0000e+00
    390.750     15.922    29.2977   5.817737     0.0367    30.0000     0.0826 1.7185e+02     2.6323    194.710 0.0000e+00
    391.000     15.983    29.2942   5.817406     0.0294    10.0000     0.0824 1.6049e+02     2.6349    194.474 0.0000e+00
    391.250     15.991    29.2922   5.816956     0.0294   -20.0000     0.0826 1.7030e+02     2.6373    194.250 -9.990e-29
    391.500     15.965    29.2911   5.817216     0.0441   140.0000     0.0848 1.8893e+02     2.6405    193.900 -9.990e-29
    391.750     15.913    29.2905   5.817106     0.0294   -50.0000     0.0844 1.8799e+02     2.6425    193.614 -9.990e-29
    392.000     15.889    29.2903   5.817067     0.0441   120.0000     0.0845 1.9440e+02     2.6428    193.170 -9.990e-29
    392.250     15.920    29.2886   5.817067     0.0367   170.0000     0.0794 1.6938e+02     2.6431    193.021 -9.990e-29
    392.500     16.045    29.2822   5.816656     0.0441   120.0000     0.0795 1.7301e+02     2.6436    193.277 0.0000e+00
    392.750     16.265    29.2669   5.815016     0.0220   170.0000     0.0793 2.0068e+02     2.6430    193.675 0.0000e+00
    393.000     16.527    29.2385   5.811538     0.0367    90.0000     0.0797 1.6600e+02     2.6443    194.183 0.0000e+00
