cruises/P45_06/L2/CTD/Loop_Edit/P45_06_CTD_09_loop.cnv
* Sea-Bird SBE19plus  Data File:
* FileName = C:\Users\OA_2023-03\Desktop\Bathymetry\ctd_casts\S1_18_04_26001.hex
* Software version 2.3.0 SB_Terminal.dll
* Temperature SN = 8460
* Conductivity SN = 8460
* System UpLoad Time = Apr 18 2026 10:40:32
* <ApplicationData>
* <SeatermAF>
# nquan = 11
# nvalues = 2744                        
# units = specified
# name 0 = timeS: Time, Elapsed [seconds]
# name 1 = prdM: Pressure, Strain Gauge [db]
# name 2 = tv290C: Temperature [ITS-90, deg C]
# name 3 = c0S/m: Conductivity [S/m]
# name 4 = flECO-AFL: Fluorescence, WET Labs ECO-AFL/FL [mg/m^3]
# name 5 = flECO-AFL1: Fluorescence, WET Labs ECO-AFL/FL, 2 [mg/m^3]
# name 6 = CStarAt0: Beam Attenuation, WET Labs C-Star [1/m]
# name 7 = par/sat/log: PAR/Logarithmic, Satlantic [umol photons/m^2/sec]
# name 8 = sbeox0V: Oxygen raw, SBE 43 [V]
# name 9 = sbeox0Mm/L: Oxygen, SBE 43 [umol/l]
# name 10 = flag:  0.000e+00
# span 0 =      0.000,    685.750       
# span 1 =     -0.100,     37.847       
# span 2 =    22.6161,    29.3172       
# span 3 =  -0.312213,   5.811900       
# span 4 =   -15.2482,    29.9382       
# span 5 = -1.033e+05, 40750.0000       
# span 6 =    -0.0660,    24.8803       
# span 7 = 5.6337e+00, 3.4091e+03       
# span 8 =     1.6497,     2.8063       
# span 9 =    102.454,    251.190       
# span 10 = 0.0000e+00, 0.0000e+00      
# interval = seconds: 0.25
# start_time = Apr 18 2026 09:40:24 [Instrument's time stamp, header]
# bad_flag = -9.990e-29
*END*
[from data line 2099]
    524.750     33.180    23.2755   5.226433     0.5068   420.0000     0.1774 5.4189e+01     2.3953    197.788 0.0000e+00
    525.000     33.052    23.3121   5.226365     0.4627   370.0000     0.1772 5.4566e+01     2.3970    199.105 0.0000e+00
    525.250     32.987    23.3740   5.230884     0.5215   420.0000     0.1829 5.3306e+01     2.3996    200.004 0.0000e+00
    525.500     32.960    23.4436   5.238322     0.4921   370.0000     0.1832 5.2063e+01     2.4029    200.649 0.0000e+00
    525.750     32.954    23.4936   5.244655     0.5215   700.0000     0.1834 5.1973e+01     2.4066    200.716 -9.990e-29
    526.000     32.952    23.5244   5.246321     0.5729   590.0000     0.1741 5.3121e+01     2.4111    200.371 -9.990e-29
    526.250     32.931    23.5479   5.247308     0.6170   810.0000     0.1737 5.4862e+01     2.4141    199.465 0.0000e+00
    526.500     32.878    23.5719   5.248673     0.6390   730.0000     0.1742 5.6904e+01     2.4189    198.152 0.0000e+00
    526.750     32.776    23.5981   5.251163     0.6390   500.0000     0.1734 5.9215e+01     2.4234    196.410 0.0000e+00
    527.000     32.632    23.6305   5.253555     0.7051   730.0000     0.1741 6.2479e+01     2.4276    194.658 0.0000e+00
    527.250     32.449    23.6759   5.257344     0.6831   810.0000     0.1737 6.5044e+01     2.4303    192.629 0.0000e+00
    527.500     32.232    23.7339   5.263537     0.7933   700.0000     0.1734 6.6986e+01     2.4325    191.274 0.0000e+00
    527.750     31.989    23.8250   5.269800     0.6904   840.0000     0.1921 6.8540e+01     2.4348    189.879 0.0000e+00
    528.000     31.727    23.9594   5.282745     0.6757   670.0000     0.1923 6.9948e+01     2.4376    188.877 0.0000e+00
    528.250     31.474    24.0870   5.302212     0.5803   750.0000     0.1921 7.0831e+01     2.4405    188.093 0.0000e+00
    528.500     31.231    24.2127   5.309123     0.5435   780.0000     0.1649 7.3041e+01     2.4436    187.566 0.0000e+00
    528.750     31.000    24.3138   5.324272     0.5509   750.0000     0.1654 7.5646e+01     2.4444    187.083 0.0000e+00
    529.000     30.792    24.3816   5.328506     0.5949   480.0000     0.1650 7.7451e+01     2.4472    187.272 0.0000e+00
    529.250     30.605    24.4313   5.331459     0.4774   420.0000     0.1452 7.9316e+01     2.4481    187.068 0.0000e+00
    529.500     30.445    24.4784   5.334276     0.4848   390.0000     0.1458 8.0544e+01     2.4498    187.129 0.0000e+00
    529.750     30.298    24.5152   5.339291     0.4407   390.0000     0.1456 8.2716e+01     2.4500    187.292 0.0000e+00
    530.000     30.171    24.5410   5.341137     0.4848   420.0000     0.1460 8.5870e+01     2.4485    187.601 0.0000e+00
    530.250     30.038    24.5624   5.342292     0.4334   390.0000     0.1421 8.8952e+01     2.4472    188.053 0.0000e+00
    530.500     29.900    24.5873   5.344101     0.4627   280.0000     0.1421 9.1886e+01     2.4466    188.615 0.0000e+00
    530.750     29.749    24.6099   5.347310     0.4113   530.0000     0.1421 9.4466e+01     2.4488    189.224 0.0000e+00
    531.000     29.574    24.6283   5.348831     0.3599   310.0000     0.1417 9.7056e+01     2.4507    189.883 0.0000e+00
    531.250     29.392    24.6524   5.350352     0.2865   250.0000     0.1412 9.8985e+01     2.4536    190.425 0.0000e+00
    531.500     29.189    24.6849   5.353463     0.3526   310.0000     0.1414 1.0216e+02     2.4571    191.071 0.0000e+00
    531.750     28.983    24.7220   5.357907     0.3085   280.0000     0.1378 1.0404e+02     2.4647    191.615 0.0000e+00
    532.000     28.767    24.7584   5.361790     0.3232   280.0000     0.1375 1.0608e+02     2.4710    192.039 0.0000e+00
    532.250     28.550    24.7886   5.365193     0.3085   310.0000     0.1376 1.0970e+02     2.4768    192.209 0.0000e+00
    532.500     28.325    24.8129   5.366670     0.2718   310.0000     0.1378 1.1683e+02     2.4826    192.270 0.0000e+00
    532.750     28.105    24.8341   5.368764     0.3379   280.0000     0.1366 1.1925e+02     2.4889    192.299 0.0000e+00
    533.000     27.898    24.8521   5.370204     0.2865   230.0000     0.1370 1.1802e+02     2.4974    192.389 0.0000e+00
    533.250     27.705    24.8673   5.371491     0.2644   250.0000     0.1372 1.1537e+02     2.5030    192.518 0.0000e+00
    533.500     27.550    24.8809   5.372771     0.3085   200.0000     0.1339 1.1108e+02     2.5105    192.656 0.0000e+00
    533.750     27.450    24.8923   5.373960     0.3379   340.0000     0.1337 1.0998e+02     2.5185    192.569 0.0000e+00
    534.000     27.389    24.9035   5.374737     0.2865   250.0000     0.1340 1.1017e+02     2.5287    192.736 0.0000e+00
    534.250     27.354    24.9177   5.375819     0.2644   200.0000     0.1368 1.1480e+02     2.5370    192.732 0.0000e+00
    534.500     27.325    24.9296   5.377969     0.3011   280.0000     0.1372 1.1569e+02     2.5440    192.802 0.0000e+00
    534.750     27.283    24.9378   5.378495     0.2571   420.0000     0.1368 1.1797e+02     2.5489    192.663 0.0000e+00
    535.000     27.201    24.9526   5.378990     0.2644   230.0000     0.1405 1.2626e+02     2.5545    192.279 0.0000e+00
    535.250     27.067    24.9693   5.382048     0.2644   200.0000     0.1407 1.3684e+02     2.5619    191.873 0.0000e+00
    535.500     26.863    24.9852   5.383863     0.2644   250.0000     0.1407 1.4764e+02     2.5678    191.544 0.0000e+00
    535.750     26.609    24.9996   5.385488     0.2424   340.0000     0.1412 1.5113e+02     2.5759    191.617 0.0000e+00
    536.000     26.321    25.0126   5.387013     0.2718   310.0000     0.1357 1.5067e+02     2.5826    191.707 0.0000e+00
    536.250     26.036    25.0240   5.388340     0.2644   140.0000     0.1354 1.4947e+02     2.5898    192.034 0.0000e+00
    536.500     25.769    25.0360   5.389592     0.2644   250.0000     0.1356 1.4966e+02     2.5951    192.509 0.0000e+00
    536.750     25.532    25.0497   5.390950     0.2644   340.0000     0.1300 1.4767e+02     2.6004    193.605 0.0000e+00
    537.000     25.345    25.0664   5.392980     0.2424   250.0000     0.1306 1.4539e+02     2.6062    194.643 0.0000e+00
    537.250     25.212    25.0880   5.395323     0.2350   280.0000     0.1306 1.4454e+02     2.6109    195.574 0.0000e+00
    537.500     25.120    25.1105   5.398553     0.2203   310.0000     0.1284 1.4071e+02     2.6190    196.427 0.0000e+00
    537.750     25.063    25.1271   5.400936     0.2130   250.0000     0.1287 1.4457e+02     2.6275    197.218 0.0000e+00
    538.000     25.016    25.1369   5.401577     0.2203   250.0000     0.1283 1.5713e+02     2.6339    198.257 0.0000e+00
    538.250     24.951    25.1520   5.401737     0.2277   250.0000     0.1315 1.5918e+02     2.6412    198.923 0.0000e+00
    538.500     24.854    25.1728   5.405060     0.2203   250.0000     0.1317 1.6857e+02     2.6462    199.706 0.0000e+00
    538.750     24.709    25.1925   5.407643     0.2130   310.0000     0.1317 1.8270e+02     2.6505    200.482 0.0000e+00
    539.000     24.514    25.2124   5.409171     0.1983   170.0000     0.1316 1.9214e+02     2.6545    201.579 0.0000e+00
    539.250     24.283    25.2539   5.411082     0.2277   250.0000     0.1271 1.9298e+02     2.6573    202.499 0.0000e+00
    539.500     24.031    25.3128   5.418851     0.1983   230.0000     0.1273 1.8657e+02     2.6604    203.175 0.0000e+00
    539.750     23.798    25.3751   5.425744     0.2130   230.0000     0.1270 1.7645e+02     2.6575    203.462 0.0000e+00
    540.000     23.609    25.4382   5.432633     0.1836   230.0000     0.1191 1.7274e+02     2.6667    203.691 0.0000e+00
    540.250     23.478    25.4888   5.438806     0.2057   230.0000     0.1193 1.6941e+02     2.6675    204.134 0.0000e+00
    540.500     23.401    25.5557   5.441617     0.2130   170.0000     0.1191 1.5591e+02     2.6657    204.367 0.0000e+00
    540.750     23.376    25.6254   5.450892     0.2203   250.0000     0.1237 1.5191e+02     2.6662    204.833 0.0000e+00
    541.000     23.367    25.6752   5.457396     0.2057   170.0000     0.1235 1.5337e+02     2.6681    205.151 0.0000e+00
    541.250     23.352    25.7013   5.459627     0.1910   140.0000     0.1234 1.5747e+02     2.6708    205.645 0.0000e+00
    541.500     23.294    25.7295   5.458460     0.1469   230.0000     0.1201 1.6298e+02     2.6749    206.054 0.0000e+00
    541.750     23.172    25.7953   5.462496     0.1910   250.0000     0.1201 1.7226e+02     2.6753    206.465 0.0000e+00
    542.000     22.980    25.8689   5.474999     0.1763   230.0000     0.1200 1.7092e+02     2.6751    206.788 0.0000e+00
    542.250     22.711    25.9603   5.481438     0.1763   230.0000     0.1200 1.6676e+02     2.6775    206.882 0.0000e+00
    542.500     22.385    26.0706   5.493165     0.2203   200.0000     0.1171 1.6705e+02     2.6796    207.320 0.0000e+00
    542.750     22.056    26.1776   5.505427     0.1910   230.0000     0.1170 1.7316e+02     2.6826    207.778 0.0000e+00
    543.000     21.754    26.2675   5.514455     0.1616   200.0000     0.1168 1.8573e+02     2.6846    208.049 0.0000e+00
    543.250     21.503    26.3404   5.520088     0.1763   200.0000     0.1161 1.9407e+02     2.6885    208.478 0.0000e+00
    543.500     21.336    26.4315   5.523611     0.1542   250.0000     0.1154 1.9152e+02     2.6913    208.727 0.0000e+00
    543.750     21.242    26.5287   5.537207     0.1763   200.0000     0.1157 1.7949e+02     2.6935    208.802 0.0000e+00
    544.000     21.207    26.6287   5.545795     0.1469   230.0000     0.1126 1.6748e+02     2.6922    208.748 -9.990e-29
    544.250     21.231    26.7211   5.555748     0.1616   170.0000     0.1125 1.4882e+02     2.6908    208.471 -9.990e-29
    544.500     21.272    26.7891   5.562313     0.1836   120.0000     0.1120 1.3319e+02     2.6875    208.145 -9.990e-29
    544.750     21.320    26.8175   5.565631     0.1028   230.0000     0.1123 1.2569e+02     2.6840    207.170 -9.990e-29
    545.000     21.320    26.8160   5.563726     0.1542    30.0000     0.1117 1.2846e+02     2.6797    207.730 -9.990e-29
    545.250     21.269    26.8352   5.560020     0.0955   120.0000     0.1115 1.3426e+02     2.6767    207.585 -9.990e-29
    545.500     21.132    26.8638   5.566643     0.1102   250.0000     0.1114 1.3815e+02     2.6754    207.152 0.0000e+00
    545.750     20.905    26.8914   5.569808     0.1542  1220.0000     0.1122 1.4053e+02     2.6746    206.931 0.0000e+00
    546.000     20.603    26.9167   5.572083     0.1689   200.0000     0.1125 1.4166e+02     2.6754    206.869 0.0000e+00
    546.250     20.231    26.9371   5.574468     0.1542   200.0000     0.1122 1.4065e+02     2.6754    206.977 0.0000e+00
    546.500     19.836    26.9585   5.575845     0.1616   280.0000     0.1096 1.4172e+02     2.6738    207.318 0.0000e+00
    546.750     19.458    26.9974   5.578292     0.1469   170.0000     0.1100 1.4320e+02     2.6727    207.300 0.0000e+00
    547.000     19.143    27.0396   5.584498     0.1396   170.0000     0.1099 1.4470e+02     2.6697    207.005 0.0000e+00
    547.250     18.911    27.0814   5.588613     0.1322   230.0000     0.1099 1.4687e+02     2.6624    207.162 0.0000e+00
    547.500     18.765    27.1780   5.592202     0.1616   120.0000     0.0984 1.4741e+02     2.6586    207.305 0.0000e+00
    547.750     18.716    27.3088   5.608620     0.0955   120.0000     0.0987 1.4302e+02     2.6521    207.369 -9.990e-29
    548.000     18.745    27.4210   5.625237     0.1102   140.0000     0.0981 1.3464e+02     2.6473    207.157 -9.990e-29
    548.250     18.834    27.5076   5.632653     0.1322   170.0000     0.0987 1.2447e+02     2.6436    207.140 -9.990e-29
    548.500     18.923    27.5681   5.637101     0.1102   200.0000     0.0996 1.2099e+02     2.6382    207.123 -9.990e-29
    548.750     19.002    27.6052   5.639683     0.1249   200.0000     0.0989 1.2725e+02     2.6339    207.178 -9.990e-29
    549.000     19.025    27.6259   5.640904     0.0661   230.0000     0.0979 1.3357e+02     2.6327    206.860 -9.990e-29
    549.250     18.967    27.6444   5.641013     0.1102   170.0000     0.0980 1.3830e+02     2.6311    206.472 -9.990e-29
    549.500     18.807    27.6657   5.643239     0.1102   200.0000     0.0982 1.4154e+02     2.6304    205.820 -9.990e-29
    549.750     18.549    27.6948   5.645971     0.1102    30.0000     0.0967 1.4706e+02     2.6298    205.086 0.0000e+00
    550.000     18.218    27.7347   5.650152     0.0955   200.0000     0.0965 1.5070e+02     2.6299    204.214 0.0000e+00
    550.250     17.853    27.7793   5.655590     0.0661    30.0000     0.0969 1.5420e+02     2.6299    203.433 0.0000e+00
    550.500     17.507    27.8189   5.660421     0.0955    90.0000     0.0970 1.5808e+02     2.6317    202.924 0.0000e+00
    550.750     17.231    27.8620   5.663422     0.0955    60.0000     0.0930 1.6213e+02     2.6311    202.602 0.0000e+00
    551.000     17.058    27.9304   5.668155     0.0881   140.0000     0.0927 1.6256e+02     2.6314    202.618 0.0000e+00
    551.250     16.978    27.9951   5.679086     0.0514   170.0000     0.0926 1.5935e+02     2.6305    202.565 -9.990e-29
    551.500     16.991    28.0329   5.683512     0.0735    30.0000     0.0896 1.5195e+02     2.6298    202.367 -9.990e-29
    551.750     17.080    28.0558   5.683472     0.0808    30.0000     0.0896 1.4068e+02     2.6292    202.233 -9.990e-29
    552.000     17.173    28.0782   5.684127     0.0588   140.0000     0.0902 1.3481e+02     2.6301    201.912 -9.990e-29
    552.250     17.249    28.0974   5.686595     0.0661    10.0000     0.0913 1.4373e+02     2.6300    201.002 -9.990e-29
    552.500     17.282    28.1070   5.688047     0.0808   -20.0000     0.0916 1.5267e+02     2.6292    200.365 -9.990e-29
    552.750     17.245    28.1139   5.687391     0.0735    30.0000     0.0916 1.5771e+02     2.6269    199.405 -9.990e-29
    553.000     17.122    28.1224   5.688406     0.0588    90.0000     0.0916 1.6147e+02     2.6248    198.628 -9.990e-29
    553.250     16.931    28.1316   5.689500     0.0661   -50.0000     0.0887 1.6475e+02     2.6224    198.043 0.0000e+00
    553.500     16.678    28.1436   5.690804     0.0808    10.0000     0.0890 1.6785e+02     2.6186    197.351 0.0000e+00
    553.750     16.407    28.1616   5.692257     0.0441    90.0000     0.0888 1.6956e+02     2.6150    196.831 0.0000e+00
    554.000     16.133    28.1833   5.695023     0.0881   120.0000     0.0886 1.7107e+02     2.6124    196.746 0.0000e+00
    554.250     15.893    28.2126   5.697243     0.0514   -50.0000     0.0886 1.7357e+02     2.6106    196.720 0.0000e+00
    554.500     15.691    28.2437   5.700995     0.0514    10.0000     0.0888 1.7871e+02     2.6092    196.756 0.0000e+00
    554.750     15.527    28.2671   5.704451     0.0661    90.0000     0.0864 1.8007e+02     2.6095    196.842 0.0000e+00
    555.000     15.387    28.2842   5.705178     0.0661   140.0000     0.0868 1.8298e+02     2.6112    196.997 0.0000e+00
    555.250     15.264    28.2989   5.706202     0.0441  -110.0000     0.0865 1.8783e+02     2.6124    197.146 0.0000e+00
    555.500     15.160    28.2967   5.707657     0.0661    60.0000     0.0894 1.9012e+02     2.6139    197.505 0.0000e+00
    555.750     15.071    28.3051   5.704958     0.0588   140.0000     0.0894 1.9365e+02     2.6158    197.590 0.0000e+00
    556.000     14.986    28.3367   5.708134     0.0881   -20.0000     0.0896 1.9444e+02     2.6176    197.672 0.0000e+00
    556.250     14.896    28.3756   5.714089     0.0588    30.0000     0.0890 1.9491e+02     2.6183    197.556 0.0000e+00
    556.500     14.796    28.4227   5.718801     0.0441   -20.0000     0.0879 1.9520e+02     2.6213    197.372 0.0000e+00
    556.750     14.691    28.4680   5.724659     0.0808  -130.0000     0.0879 1.9921e+02     2.6192    197.125 0.0000e+00
    557.000     14.593    28.5026   5.728427     0.0441   170.0000     0.0876 2.0834e+02     2.6187    197.033 0.0000e+00
