cruises/P45_06/L2/CTD/Loop_Edit/P45_06_CTD_04_loop.cnv
* Sea-Bird SBE19plus  Data File:
* FileName = C:\Users\OA_2023-03\Desktop\Bathymetry\ctd_casts\proble cast 2001.hex
* Software version 2.3.0 SB_Terminal.dll
* Temperature SN = 8460
* Conductivity SN = 8460
* System UpLoad Time = Apr 16 2026 17:48:13
* <ApplicationData>
* <SeatermAF>
# nquan = 11
# nvalues = 6675                        
# units = specified
# name 0 = timeS: Time, Elapsed [seconds]
# name 1 = prdM: Pressure, Strain Gauge [db]
# name 2 = tv290C: Temperature [ITS-90, deg C]
# name 3 = c0S/m: Conductivity [S/m]
# name 4 = flECO-AFL: Fluorescence, WET Labs ECO-AFL/FL [mg/m^3]
# name 5 = flECO-AFL1: Fluorescence, WET Labs ECO-AFL/FL, 2 [mg/m^3]
# name 6 = CStarAt0: Beam Attenuation, WET Labs C-Star [1/m]
# name 7 = par/sat/log: PAR/Logarithmic, Satlantic [umol photons/m^2/sec]
# name 8 = sbeox0V: Oxygen raw, SBE 43 [V]
# name 9 = sbeox0Mm/L: Oxygen, SBE 43 [umol/l]
# name 10 = flag:  0.000e+00
# span 0 =      0.000,   1668.500       
# span 1 =     -0.107,     93.004       
# span 2 =    18.2970,    29.6030       
# span 3 =  -0.321385,   5.827162       
# span 4 =   -40.1037,    29.9382       
# span 5 = -2.758e+05, 3.1026e+05       
# span 6 =    -0.0859,    55.2620       
# span 7 = 1.1782e-01, 1.1638e+03       
# span 8 =     1.1747,     2.5956       
# span 9 =     73.455,    205.288       
# span 10 = 0.0000e+00, 0.0000e+00      
# interval = seconds: 0.25
# start_time = Apr 16 2026 16:22:25 [Instrument's time stamp, header]
# bad_flag = -9.990e-29
*END*
[from data line 1443]
    360.750     41.393    20.8537   4.979552     0.7198   950.0000     0.1483 7.0460e+00     1.8174    155.148 0.0000e+00
    361.000     41.546    20.8014   4.972893     0.7051   670.0000     0.1484 7.0338e+00     1.8119    153.853 0.0000e+00
    361.250     41.684    20.7581   4.967572     0.7125   730.0000     0.1396 7.0521e+00     1.8085    152.662 0.0000e+00
    361.500     41.819    20.7238   4.965097     0.7272   780.0000     0.1392 7.0368e+00     1.8011    151.324 0.0000e+00
    361.750     41.952    20.6891   4.962673     0.6611   590.0000     0.1392 6.9356e+00     1.7947    149.945 0.0000e+00
    362.000     42.077    20.6534   4.958704     0.6096   640.0000     0.1357 6.8432e+00     1.7864    148.382 0.0000e+00
    362.250     42.197    20.6225   4.955347     0.6611   780.0000     0.1362 6.7930e+00     1.7777    146.640 0.0000e+00
    362.500     42.315    20.5949   4.952933     0.6023   810.0000     0.1360 6.7374e+00     1.7687    144.769 0.0000e+00
    362.750     42.446    20.5688   4.950777     0.6390   670.0000     0.1323 6.6347e+00     1.7595    143.068 0.0000e+00
    363.000     42.581    20.5451   4.948342     0.6243   860.0000     0.1323 6.5152e+00     1.7493    141.348 0.0000e+00
    363.250     42.741    20.5245   4.946348     0.6096   590.0000     0.1329 6.2759e+00     1.7396    139.918 0.0000e+00
    363.500     42.919    20.5045   4.944672     0.7272   640.0000     0.1327 5.8968e+00     1.7291    138.901 0.0000e+00
    363.750     43.110    20.4868   4.942503     0.6023   590.0000     0.1357 5.6021e+00     1.7207    138.150 0.0000e+00
    364.000     43.310    20.4727   4.941319     0.8594   480.0000     0.1364 5.3152e+00     1.7100    137.698 0.0000e+00
    364.250     43.519    20.4582   4.940400     0.6170   750.0000     0.1359 5.1633e+00     1.7009    137.441 0.0000e+00
    364.500     43.728    20.4411   4.938540     0.5729   750.0000     0.1245 5.0474e+00     1.6906    137.203 0.0000e+00
    364.750     43.948    20.4227   4.936549     0.5876   450.0000     0.1252 5.0890e+00     1.6809    136.955 0.0000e+00
    365.000     44.148    20.3925   4.934844     0.5656   780.0000     0.1249 5.1622e+00     1.6710    136.881 0.0000e+00
    365.250     44.328    20.3520   4.929047     0.5876   390.0000     0.1238 5.3164e+00     1.6607    136.724 0.0000e+00
    365.500     44.486    20.3097   4.923657     0.5288   610.0000     0.1236 5.4057e+00     1.6533    136.771 0.0000e+00
    365.750     44.617    20.2588   4.919635     0.5509   670.0000     0.1237 5.5143e+00     1.6448    136.509 0.0000e+00
    366.000     44.732    20.2058   4.912313     0.5656   610.0000     0.1205 5.5394e+00     1.6368    136.292 0.0000e+00
    366.250     44.828    20.1591   4.907422     0.5435   280.0000     0.1207 5.5972e+00     1.6293    136.335 0.0000e+00
    366.500     44.921    20.1152   4.903545     0.5582   450.0000     0.1207 5.6398e+00     1.6227    135.799 0.0000e+00
    366.750     45.017    20.0779   4.898570     0.5215   310.0000     0.1206 5.6264e+00     1.6167    135.263 0.0000e+00
    367.000     45.123    20.0469   4.895949     0.4921   420.0000     0.1204 5.5287e+00     1.6113    134.326 0.0000e+00
    367.250     45.256    20.0114   4.893445     0.4554   480.0000     0.1208 5.3083e+00     1.6050    133.227 0.0000e+00
    367.500     45.399    19.9655   4.888627     0.3746   370.0000     0.1205 5.0846e+00     1.5998    132.006 0.0000e+00
    367.750     45.557    19.9058   4.882203     0.3966   340.0000     0.1175 4.9116e+00     1.5965    130.778 0.0000e+00
    368.000     45.710    19.8406   4.873976     0.3746   280.0000     0.1173 4.7631e+00     1.5910    129.389 0.0000e+00
    368.250     45.861    19.7797   4.867348     0.3893   280.0000     0.1175 4.6561e+00     1.5869    128.082 0.0000e+00
    368.500     46.019    19.7288   4.861695     0.3966   420.0000     0.1164 4.6310e+00     1.5835    126.821 0.0000e+00
    368.750     46.177    19.6847   4.858199     0.3746   310.0000     0.1164 4.5931e+00     1.5781    125.836 0.0000e+00
    369.000     46.327    19.6462   4.854024     0.3893   280.0000     0.1163 4.5673e+00     1.5735    124.649 0.0000e+00
    369.250     46.474    19.6108   4.851354     0.3746   340.0000     0.1096 4.5328e+00     1.5699    123.683 0.0000e+00
    369.500     46.610    19.5776   4.847496     0.3526   370.0000     0.1095 4.4541e+00     1.5654    122.588 0.0000e+00
    369.750     46.741    19.5455   4.844732     0.3599   200.0000     0.1097 4.4349e+00     1.5611    121.583 0.0000e+00
    370.000     46.863    19.5172   4.841328     0.3305   250.0000     0.1094 4.4110e+00     1.5579    120.572 0.0000e+00
    370.250     46.981    19.4952   4.838799     0.3085   310.0000     0.1061 4.4071e+00     1.5546    119.485 0.0000e+00
    370.500     47.101    19.4794   4.837481     0.3526   340.0000     0.1063 4.3881e+00     1.5512    118.797 0.0000e+00
    370.750     47.238    19.4665   4.836585     0.3526   310.0000     0.1059 4.2178e+00     1.5486    117.971 0.0000e+00
    371.000     47.410    19.4538   4.835172     0.3379   250.0000     0.1055 3.9836e+00     1.5451    117.296 0.0000e+00
    371.250     47.605    19.4399   4.834152     0.3379   280.0000     0.1061 3.7747e+00     1.5416    116.679 0.0000e+00
    371.500     47.810    19.4195   4.832549     0.3011   310.0000     0.1061 3.5498e+00     1.5383    116.256 0.0000e+00
    371.750     48.020    19.3903   4.829279     0.3379   420.0000     0.0980 3.3419e+00     1.5358    115.928 0.0000e+00
    372.000     48.232    19.3579   4.825414     0.2571   250.0000     0.0980 3.3239e+00     1.5293    115.717 0.0000e+00
    372.250     48.420    19.3233   4.821455     0.2424   280.0000     0.0975 3.4783e+00     1.5264    115.376 0.0000e+00
    372.500     48.570    19.2964   4.817781     0.2718   230.0000     0.0979 3.6685e+00     1.5226    115.097 0.0000e+00
    372.750     48.689    19.2755   4.816312     0.2424   200.0000     0.0963 3.7977e+00     1.5206    115.114 0.0000e+00
    373.000     48.771    19.2609   4.814719     0.2718   230.0000     0.0956 3.8874e+00     1.5170    114.807 0.0000e+00
    373.250     48.825    19.2522   4.814145     0.2424   250.0000     0.0958 3.9391e+00     1.5151    114.610 0.0000e+00
    373.500     48.867    19.2459   4.813985     0.2865   370.0000     0.0972 4.0244e+00     1.5131    114.476 0.0000e+00
    373.750     48.916    19.2402   4.813447     0.2791   280.0000     0.0969 3.9570e+00     1.5115    114.021 0.0000e+00
    374.000     48.987    19.2339   4.812779     0.3232   250.0000     0.0976 3.8615e+00     1.5092    113.617 0.0000e+00
    374.250     49.094    19.2253   4.811979     0.2644   280.0000     0.0931 3.7862e+00     1.5085    113.342 0.0000e+00
    374.500     49.243    19.2061   4.810641     0.2277   280.0000     0.0927 3.6094e+00     1.5077    112.877 0.0000e+00
    374.750     49.409    19.1779   4.806542     0.2203   230.0000     0.0929 3.3717e+00     1.5070    112.432 0.0000e+00
    375.000     49.572    19.1443   4.802785     0.3011   140.0000     0.0936 3.2661e+00     1.5054    112.210 0.0000e+00
    375.250     49.740    19.1070   4.798660     0.1983   310.0000     0.0912 3.1976e+00     1.5042    111.975 0.0000e+00
    375.500     49.885    19.0732   4.794565     0.2130   230.0000     0.0914 3.2513e+00     1.5029    111.751 0.0000e+00
    375.750     50.007    19.0492   4.792126     0.2203   230.0000     0.0907 3.3988e+00     1.5024    111.714 0.0000e+00
    376.000     50.109    19.0341   4.791016     0.1983   250.0000     0.0878 3.4783e+00     1.5021    111.479 0.0000e+00
    376.250     50.193    19.0255   4.790574     0.2057   200.0000     0.0884 3.5139e+00     1.5009    111.207 0.0000e+00
    376.500     50.269    19.0208   4.790451     0.1983   170.0000     0.0879 3.5086e+00     1.5014    110.945 0.0000e+00
    376.750     50.351    19.0177   4.789624     0.2203   250.0000     0.0882 3.4927e+00     1.4996    110.749 0.0000e+00
    377.000     50.449    19.0164   4.790037     0.2130   280.0000     0.0880 3.4024e+00     1.4996    109.918 0.0000e+00
    377.250     50.567    19.0154   4.790226     0.1910   140.0000     0.0881 3.3491e+00     1.4991    109.514 0.0000e+00
    377.500     50.709    19.0139   4.790132     0.1910   200.0000     0.0874 3.2275e+00     1.4988    109.027 0.0000e+00
    377.750     50.880    19.0117   4.789813     0.1983   230.0000     0.0879 3.0516e+00     1.4988    108.794 0.0000e+00
    378.000     51.071    19.0094   4.789406     0.1983   250.0000     0.0878 2.8835e+00     1.4983    108.443 0.0000e+00
    378.250     51.276    19.0065   4.789153     0.1983   250.0000     0.0878 2.6599e+00     1.4977    108.319 0.0000e+00
    378.500     51.505    19.0047   4.788833     0.1983   200.0000     0.0837 2.4511e+00     1.4980    108.259 0.0000e+00
    378.750     51.747    19.0033   4.788739     0.2057   280.0000     0.0837 2.3595e+00     1.4977    108.290 0.0000e+00
    379.000     51.982    19.0025   4.788645     0.2057   230.0000     0.0835 2.3636e+00     1.4970    108.283 0.0000e+00
    379.250     52.204    19.0022   4.788710     0.1689   230.0000     0.0802 2.4363e+00     1.4966    108.374 0.0000e+00
    379.500     52.396    19.0026   4.788805     0.2130   250.0000     0.0803 2.6565e+00     1.4959    108.472 0.0000e+00
    379.750     52.533    19.0035   4.788957     0.2057   250.0000     0.0807 2.8365e+00     1.4961    108.558 0.0000e+00
    380.000     52.613    19.0044   4.789059     0.2057   230.0000     0.0764 2.8935e+00     1.4952    108.530 0.0000e+00
    380.250     52.646    19.0063   4.789153     0.2277   230.0000     0.0766 2.9818e+00     1.4942    108.479 -9.990e-29
    380.500     52.640    19.0071   4.789436     0.2277   250.0000     0.0766 2.9921e+00     1.4936    108.387 -9.990e-29
    380.750     52.622    19.0069   4.789182     0.2203   200.0000     0.0765 2.9980e+00     1.4938    108.386 -9.990e-29
    381.000     52.607    19.0065   4.789023     0.2424   340.0000     0.0762 3.0221e+00     1.4935    108.426 -9.990e-29
    381.250     52.627    19.0069   4.788863     0.2130   250.0000     0.0763 2.8985e+00     1.4923    108.305 0.0000e+00
    381.500     52.691    19.0076   4.789023     0.2057   250.0000     0.0764 2.8108e+00     1.4912    108.428 0.0000e+00
    381.750     52.815    19.0077   4.789153     0.1983   200.0000     0.0757 2.6836e+00     1.4901    108.263 0.0000e+00
    382.000     52.995    19.0056   4.789059     0.1983   170.0000     0.0764 2.5079e+00     1.4900    108.342 0.0000e+00
    382.250     53.202    19.0018   4.788551     0.2277   250.0000     0.0758 2.2679e+00     1.4897    108.336 0.0000e+00
    382.500     53.420    18.9923   4.787855     0.2203   140.0000     0.0740 2.1039e+00     1.4893    108.353 0.0000e+00
    382.750     53.638    18.9791   4.785983     0.1763   250.0000     0.0738 2.0575e+00     1.4890    108.401 0.0000e+00
    383.000     53.844    18.9672   4.784946     0.1689   250.0000     0.0742 2.1583e+00     1.4886    108.399 0.0000e+00
    383.250     54.022    18.9544   4.783836     0.2203   250.0000     0.0726 2.3559e+00     1.4880    108.374 0.0000e+00
    383.500     54.159    18.9415   4.782604     0.1763   250.0000     0.0723 2.4601e+00     1.4883    108.469 0.0000e+00
    383.750     54.246    18.9316   4.781052     0.1836   200.0000     0.0721 2.5506e+00     1.4871    108.519 0.0000e+00
    384.000     54.286    18.9265   4.780740     0.1983   140.0000     0.0725 2.5739e+00     1.4869    108.459 0.0000e+00
    384.250     54.313    18.9234   4.780799     0.2057   250.0000     0.0720 2.6171e+00     1.4869    108.418 0.0000e+00
    384.500     54.346    18.9209   4.780516     0.1983   250.0000     0.0725 2.5717e+00     1.4860    108.321 0.0000e+00
    384.750     54.419    18.9200   4.780233     0.1910   200.0000     0.0723 2.5036e+00     1.4849    108.339 0.0000e+00
    385.000     54.546    18.9181   4.780458     0.1763   200.0000     0.0726 2.4221e+00     1.4835    108.237 0.0000e+00
    385.250     54.722    18.9094   4.779951     0.1836   250.0000     0.0728 2.2314e+00     1.4807    108.093 0.0000e+00
    385.500     54.931    18.8897   4.777993     0.1910   140.0000     0.0729 2.0332e+00     1.4816    107.983 0.0000e+00
    385.750     55.140    18.8637   4.774333     0.1763   140.0000     0.0713 1.9022e+00     1.4775    108.045 0.0000e+00
    386.000     55.333    18.8424   4.771145     0.1763   200.0000     0.0714 1.9492e+00     1.4751    108.082 0.0000e+00
    386.250     55.495    18.8271   4.769885     0.1396   230.0000     0.0716 2.0687e+00     1.4736    107.988 0.0000e+00
    386.500     55.619    18.8157   4.769038     0.1616   230.0000     0.0713 2.2170e+00     1.4719    107.862 0.0000e+00
    386.750     55.691    18.8091   4.768219     0.1616   170.0000     0.0731 2.2951e+00     1.4709    107.711 0.0000e+00
    387.000     55.733    18.8052   4.768154     0.1542   170.0000     0.0731 2.3210e+00     1.4691    107.725 0.0000e+00
    387.250     55.775    18.8027   4.767937     0.1689   200.0000     0.0733 2.2886e+00     1.4688    107.714 0.0000e+00
    387.500     55.828    18.8011   4.767807     0.1763   250.0000     0.0736 2.2753e+00     1.4679    107.679 0.0000e+00
    387.750     55.913    18.7991   4.767684     0.1249   170.0000     0.0735 2.2122e+00     1.4674    107.646 0.0000e+00
    388.000     56.046    18.7928   4.767401     0.1689   120.0000     0.0736 2.1592e+00     1.4665    107.654 0.0000e+00
    388.250     56.233    18.7746   4.765729     0.1542   250.0000     0.0700 1.9598e+00     1.4665    107.669 0.0000e+00
    388.500     56.432    18.7469   4.761768     0.1102   250.0000     0.0702 1.8216e+00     1.4661    107.807 0.0000e+00
    388.750     56.637    18.7234   4.758056     0.1616   140.0000     0.0706 1.7071e+00     1.4658    107.722 0.0000e+00
    389.000     56.844    18.7050   4.756457     0.1322   250.0000     0.0701 1.7153e+00     1.4646    107.727 0.0000e+00
    389.250     57.021    18.6927   4.755423     0.1249   170.0000     0.0687 1.8157e+00     1.4645    107.777 0.0000e+00
    389.500     57.148    18.6849   4.755329     0.1028   200.0000     0.0692 1.9354e+00     1.4632    107.690 0.0000e+00
    389.750     57.234    18.6806   4.755076     0.1175   250.0000     0.0692 2.0262e+00     1.4623    107.551 0.0000e+00
    390.000     57.270    18.6787   4.754953     0.1249   -50.0000     0.0609 2.0696e+00     1.4619    107.328 -9.990e-29
    390.250     57.270    18.6774   4.755018     0.1249   200.0000     0.0616 2.0804e+00     1.4615    106.874 -9.990e-29
    390.500     57.259    18.6763   4.754924     0.1469   140.0000     0.0614 2.0889e+00     1.4609    106.921 -9.990e-29
    390.750     57.257    18.6756   4.754888     0.1542   230.0000     0.0614 2.1039e+00     1.4600    106.313 -9.990e-29
    391.000     57.281    18.6758   4.754765     0.1322   140.0000     0.0615 2.0665e+00     1.4590    105.840 0.0000e+00
    391.250     57.352    18.6763   4.754888     0.1763   120.0000     0.0615 1.9820e+00     1.4586    105.531 0.0000e+00
    391.500     57.454    18.6758   4.755047     0.1249   120.0000     0.0683 1.8985e+00     1.4590    105.253 0.0000e+00
    391.750     57.595    18.6741   4.754859     0.1249   170.0000     0.0685 1.8530e+00     1.4584    105.129 0.0000e+00
    392.000     57.770    18.6683   4.754483     0.1469   250.0000     0.0681 1.7123e+00     1.4578    104.953 0.0000e+00
    392.250     57.975    18.6536   4.753319     0.1175   140.0000     0.0681 1.5768e+00     1.4576    105.021 0.0000e+00
    392.500     58.190    18.6303   4.750563     0.1028   170.0000     0.0643 1.5176e+00     1.4569    105.007 0.0000e+00
    392.750     58.406    18.6064   4.746738     0.0881   200.0000     0.0640 1.4446e+00     1.4577    105.214 0.0000e+00
    393.000     58.617    18.5872   4.744613     0.0955   -50.0000     0.0637 1.5124e+00     1.4569    105.289 0.0000e+00
