cruises/P45_06/L2/CTD/Loop_Edit/P45_06_CTD_06_loop.cnv
* Sea-Bird SBE19plus  Data File:
* FileName = C:\Users\OA_2023-03\Desktop\Bathymetry\ctd_casts\P3_16_04-25002.hex
* Software version 2.3.0 SB_Terminal.dll
* Temperature SN = 8460
* Conductivity SN = 8460
* System UpLoad Time = Apr 16 2026 15:33:25
* <ApplicationData>
* <SeatermAF>
# nquan = 11
# nvalues = 4320                        
# units = specified
# name 0 = timeS: Time, Elapsed [seconds]
# name 1 = prdM: Pressure, Strain Gauge [db]
# name 2 = tv290C: Temperature [ITS-90, deg C]
# name 3 = c0S/m: Conductivity [S/m]
# name 4 = flECO-AFL: Fluorescence, WET Labs ECO-AFL/FL [mg/m^3]
# name 5 = flECO-AFL1: Fluorescence, WET Labs ECO-AFL/FL, 2 [mg/m^3]
# name 6 = CStarAt0: Beam Attenuation, WET Labs C-Star [1/m]
# name 7 = par/sat/log: PAR/Logarithmic, Satlantic [umol photons/m^2/sec]
# name 8 = sbeox0V: Oxygen raw, SBE 43 [V]
# name 9 = sbeox0Mm/L: Oxygen, SBE 43 [umol/l]
# name 10 = flag:  0.000e+00
# span 0 =      0.000,   1079.750       
# span 1 =     -0.074,    168.084       
# span 2 =    15.8925,    31.9941       
# span 3 =   0.000012,   5.877904       
# span 4 =   -48.7708,    29.9382       
# span 5 = -3.024e+05, 40750.0000       
# span 6 =    -0.1114,    20.0947       
# span 7 = 1.1766e-01, 3.5613e+03       
# span 8 =     1.2441,     2.7525       
# span 9 =     86.457,    230.187       
# span 10 = 0.0000e+00, 0.0000e+00      
# interval = seconds: 0.25
# start_time = Apr 16 2026 14:33:22 [Instrument's time stamp, header]
# bad_flag = -9.990e-29
*END*
[from data line 2755]
    688.750    143.804    16.4283   4.518083     0.0220   200.0000     0.0218 1.1794e-01     1.3391     90.574 0.0000e+00
    689.000    143.631    16.4334   4.518650     0.0000   230.0000     0.0221 1.1810e-01     1.3415     90.648 0.0000e+00
    689.250    143.522    16.4391   4.519124     0.0220   200.0000     0.0218 1.1792e-01     1.3448     90.708 0.0000e+00
    689.500    143.466    16.4489   4.519896     0.0147   250.0000     0.0217 1.1794e-01     1.3472     90.909 -9.990e-29
    689.750    143.453    16.4605   4.521837     0.0147   230.0000     0.0228 1.1802e-01     1.3491     91.187 -9.990e-29
    690.000    143.451    16.4696   4.523282     0.0294    90.0000     0.0225 1.1792e-01     1.3511     91.228 -9.990e-29
    690.250    143.437    16.4749   4.523728     0.0220   140.0000     0.0228 1.1812e-01     1.3517     91.548 -9.990e-29
    690.500    143.386    16.4777   4.523621     0.0220   170.0000     0.0218 1.1789e-01     1.3546     91.846 0.0000e+00
    690.750    143.280    16.4814   4.523806     0.0367   200.0000     0.0222 1.1805e-01     1.3557     92.243 0.0000e+00
    691.000    143.111    16.4855   4.524436     0.0073   140.0000     0.0221 1.1787e-01     1.3583     92.666 0.0000e+00
    691.250    142.880    16.4892   4.524911     0.0294    90.0000     0.0217 1.1792e-01     1.3599     93.242 0.0000e+00
    691.500    142.620    16.4926   4.525286     0.0367   140.0000     0.0215 1.1794e-01     1.3624     94.028 0.0000e+00
    691.750    142.336    16.4952   4.525591     0.0073   140.0000     0.0219 1.1784e-01     1.3642     94.813 0.0000e+00
    692.000    142.067    16.4974   4.525803     0.0294   200.0000     0.0217 1.1807e-01     1.3665     95.533 0.0000e+00
    692.250    141.825    16.4992   4.525881     0.0220   120.0000     0.0221 1.1797e-01     1.3688     96.333 0.0000e+00
    692.500    141.615    16.5007   4.526143     0.0220   200.0000     0.0220 1.1776e-01     1.3715     96.924 0.0000e+00
    692.750    141.457    16.5020   4.526263     0.0220   170.0000     0.0222 1.1794e-01     1.3735     97.591 0.0000e+00
    693.000    141.337    16.5031   4.526362     0.0147    10.0000     0.0214 1.1815e-01     1.3765     98.278 0.0000e+00
    693.250    141.241    16.5043   4.526483     0.0073   120.0000     0.0209 1.1797e-01     1.3786     98.687 0.0000e+00
    693.500    141.161    16.5055   4.526554     0.0073    30.0000     0.0214 1.1787e-01     1.3809     98.866 0.0000e+00
    693.750    141.084    16.5082   4.526702     0.0367    60.0000     0.0214 1.1787e-01     1.3810     99.250 0.0000e+00
    694.000    141.013    16.5122   4.527354     0.0294    90.0000     0.0215 1.1792e-01     1.3832     99.441 0.0000e+00
    694.250    140.949    16.5173   4.528056     0.0147   170.0000     0.0211 1.1805e-01     1.3841     99.708 0.0000e+00
    694.500    140.884    16.5227   4.528644     0.0294   250.0000     0.0212 1.1810e-01     1.3858     99.866 0.0000e+00
    694.750    140.813    16.5280   4.529360     0.0147   170.0000     0.0210 1.1797e-01     1.3864     99.908 0.0000e+00
    695.000    140.727    16.5332   4.529877     0.0367   140.0000     0.0213 1.1805e-01     1.3872     99.961 0.0000e+00
    695.250    140.615    16.5389   4.530430     0.0220   120.0000     0.0213 1.1802e-01     1.3875     99.831 0.0000e+00
    695.500    140.467    16.5459   4.531139     0.0220   140.0000     0.0209 1.1797e-01     1.3883    100.049 0.0000e+00
    695.750    140.271    16.5541   4.532252     0.0367   230.0000     0.0207 1.1805e-01     1.3896     99.986 0.0000e+00
    696.000    140.031    16.5628   4.533266     0.0294   140.0000     0.0211 1.1805e-01     1.3909    100.196 0.0000e+00
    696.250    139.754    16.5719   4.534379     0.0367   250.0000     0.0215 1.1805e-01     1.3919    100.278 0.0000e+00
    696.500    139.468    16.5804   4.535400     0.0220   140.0000     0.0214 1.1802e-01     1.3922    100.569 0.0000e+00
    696.750    139.186    16.5872   4.536109     0.0441   200.0000     0.0221 1.1787e-01     1.3941    100.786 0.0000e+00
    697.000    138.933    16.5938   4.536669    -0.0073   120.0000     0.0220 1.1797e-01     1.3952    101.093 0.0000e+00
    697.250    138.753    16.5988   4.537435     0.0073   -50.0000     0.0219 1.1805e-01     1.3959    101.424 0.0000e+00
    697.500    138.644    16.6031   4.537563     0.0073   120.0000     0.0220 1.1797e-01     1.3962    101.764 0.0000e+00
    697.750    138.591    16.6083   4.538060     0.0220   250.0000     0.0220 1.1794e-01     1.3972    102.048 -9.990e-29
    698.000    138.579    16.6142   4.538861     0.0220    60.0000     0.0215 1.1787e-01     1.3984    102.433 -9.990e-29
    698.250    138.570    16.6189   4.539634     0.0367   120.0000     0.0217 1.1802e-01     1.3983    102.714 -9.990e-29
    698.500    138.546    16.6211   4.539847     0.0073   170.0000     0.0216 1.1787e-01     1.3994    102.999 0.0000e+00
    698.750    138.479    16.6228   4.539599     0.0220   170.0000     0.0218 1.1797e-01     1.4001    102.918 0.0000e+00
    699.000    138.353    16.6256   4.539982     0.0367   120.0000     0.0215 1.1807e-01     1.3999    103.077 0.0000e+00
    699.250    138.186    16.6297   4.540528     0.0441    60.0000     0.0217 1.1802e-01     1.4006    103.034 0.0000e+00
    699.500    137.980    16.6331   4.541053     0.0147   170.0000     0.0226 1.1807e-01     1.4006    103.086 0.0000e+00
    699.750    137.745    16.6361   4.541351     0.0073   120.0000     0.0224 1.1802e-01     1.4021    103.001 0.0000e+00
    700.000    137.505    16.6383   4.541514     0.0147   170.0000     0.0230 1.1794e-01     1.4023    102.912 0.0000e+00
    700.250    137.278    16.6406   4.541826     0.0367   200.0000     0.0226 1.1805e-01     1.4024    102.799 0.0000e+00
    700.500    137.063    16.6429   4.541982     0.0220   120.0000     0.0216 1.1794e-01     1.4031    102.785 0.0000e+00
    700.750    136.867    16.6459   4.542231     0.0367   170.0000     0.0216 1.1799e-01     1.4038    102.913 0.0000e+00
    701.000    136.683    16.6498   4.542770     0.0441   120.0000     0.0215 1.1799e-01     1.4045    103.001 0.0000e+00
    701.250    136.526    16.6530   4.543309     0.0220   230.0000     0.0212 1.1787e-01     1.4058    103.116 0.0000e+00
    701.500    136.388    16.6555   4.543437     0.0220    90.0000     0.0211 1.1799e-01     1.4065    103.115 0.0000e+00
    701.750    136.268    16.6578   4.543650     0.0294    60.0000     0.0209 1.1817e-01     1.4067    103.401 0.0000e+00
    702.000    136.162    16.6602   4.543870     0.0294   230.0000     0.0215 1.1810e-01     1.4079    103.578 0.0000e+00
    702.250    136.075    16.6628   4.544239     0.0367    60.0000     0.0217 1.1802e-01     1.4087    103.682 0.0000e+00
    702.500    135.995    16.6650   4.544487     0.0367    60.0000     0.0220 1.1797e-01     1.4090    103.668 0.0000e+00
    702.750    135.919    16.6671   4.544707     0.0147   280.0000     0.0220 1.1815e-01     1.4099    103.729 0.0000e+00
    703.000    135.833    16.6688   4.544892     0.0000    90.0000     0.0238 1.1805e-01     1.4097    103.848 0.0000e+00
    703.250    135.731    16.6703   4.545012     0.0000    10.0000     0.0236 1.1797e-01     1.4097    103.783 0.0000e+00
    703.500    135.607    16.6727   4.545289     0.0147    90.0000     0.0238 1.1797e-01     1.4099    103.875 0.0000e+00
    703.750    135.465    16.6753   4.545573     0.0220    10.0000     0.0229 1.1799e-01     1.4102    103.883 0.0000e+00
    704.000    135.298    16.6785   4.545942     0.0220   170.0000     0.0224 1.1812e-01     1.4106    103.790 0.0000e+00
    704.250    135.120    16.6822   4.546375     0.0294    30.0000     0.0225 1.1805e-01     1.4107    103.832 0.0000e+00
    704.500    134.931    16.6864   4.546893     0.0367   120.0000     0.0211 1.1787e-01     1.4105    103.770 0.0000e+00
    704.750    134.749    16.6901   4.547433     0.0000   250.0000     0.0210 1.1797e-01     1.4107    103.922 0.0000e+00
    705.000    134.585    16.6931   4.547645     0.0147   200.0000     0.0211 1.1792e-01     1.4110    103.923 0.0000e+00
    705.250    134.439    16.6953   4.547865     0.0220   170.0000     0.0216 1.1789e-01     1.4111    103.924 0.0000e+00
    705.500    134.317    16.6971   4.548078     0.0367    90.0000     0.0218 1.1807e-01     1.4115    103.977 0.0000e+00
    705.750    134.214    16.6987   4.548171     0.0367    30.0000     0.0221 1.1794e-01     1.4111    104.087 0.0000e+00
    706.000    134.121    16.7001   4.548234     0.0220   140.0000     0.0219 1.1797e-01     1.4119    104.210 0.0000e+00
    706.250    134.034    16.7012   4.548469     0.0147   140.0000     0.0226 1.1797e-01     1.4120    104.400 0.0000e+00
    706.500    133.932    16.7030   4.548604     0.0220   230.0000     0.0218 1.1807e-01     1.4119    104.521 0.0000e+00
    706.750    133.823    16.7049   4.548852     0.0220   230.0000     0.0224 1.1799e-01     1.4119    104.514 0.0000e+00
    707.000    133.697    16.7066   4.549101     0.0294   200.0000     0.0228 1.1799e-01     1.4125    104.710 0.0000e+00
    707.250    133.553    16.7083   4.549285     0.0294   140.0000     0.0228 1.1797e-01     1.4128    104.844 0.0000e+00
    707.500    133.395    16.7100   4.549413     0.0294    10.0000     0.0228 1.1797e-01     1.4125    104.845 0.0000e+00
    707.750    133.215    16.7114   4.549569     0.0441   -50.0000     0.0226 1.1797e-01     1.4119    104.946 0.0000e+00
    708.000    133.022    16.7128   4.549754     0.0000   120.0000     0.0265 1.1792e-01     1.4112    104.854 0.0000e+00
    708.250    132.816    16.7141   4.549832     0.0220   170.0000     0.0264 1.1794e-01     1.4112    104.759 0.0000e+00
    708.500    132.605    16.7151   4.549974     0.0367    90.0000     0.0261 1.1805e-01     1.4107    104.706 0.0000e+00
    708.750    132.402    16.7164   4.550094     0.0294    60.0000     0.0207 1.1797e-01     1.4097    104.679 0.0000e+00
    709.000    132.209    16.7176   4.550215     0.0220   140.0000     0.0209 1.1810e-01     1.4091    104.657 0.0000e+00
    709.250    132.032    16.7187   4.550343     0.0220   170.0000     0.0209 1.1805e-01     1.4088    104.619 0.0000e+00
    709.500    131.870    16.7198   4.550371     0.0294   120.0000     0.0219 1.1792e-01     1.4083    104.553 0.0000e+00
    709.750    131.734    16.7214   4.550591     0.0588   140.0000     0.0214 1.1792e-01     1.4063    104.543 0.0000e+00
    710.000    131.628    16.7237   4.550868     0.0367    90.0000     0.0215 1.1817e-01     1.4051    104.597 0.0000e+00
    710.250    131.537    16.7254   4.551209     0.0220   250.0000     0.0215 1.1805e-01     1.4049    104.599 0.0000e+00
    710.500    131.454    16.7274   4.551273     0.0294   200.0000     0.0224 1.1797e-01     1.4039    104.640 0.0000e+00
    710.750    131.366    16.7305   4.551550     0.0294   230.0000     0.0224 1.1792e-01     1.4034    104.560 0.0000e+00
    711.000    131.270    16.7339   4.552111     0.0220   200.0000     0.0219 1.1797e-01     1.4036    104.654 0.0000e+00
    711.250    131.150    16.7378   4.552516     0.0220   140.0000     0.0222 1.1810e-01     1.4023    104.689 0.0000e+00
    711.500    131.004    16.7416   4.553013     0.0073   170.0000     0.0219 1.1810e-01     1.4020    104.681 0.0000e+00
    711.750    130.833    16.7451   4.553354     0.0294   250.0000     0.0220 1.1810e-01     1.4017    104.652 0.0000e+00
    712.000    130.635    16.7481   4.553638     0.0441    10.0000     0.0224 1.1807e-01     1.4022    104.708 0.0000e+00
    712.250    130.419    16.7514   4.553943     0.0294    60.0000     0.0224 1.1799e-01     1.4014    104.750 0.0000e+00
    712.500    130.191    16.7551   4.554341     0.0367   140.0000     0.0220 1.1794e-01     1.3999    104.701 0.0000e+00
    712.750    129.955    16.7597   4.554874     0.0367   200.0000     0.0224 1.1794e-01     1.4006    104.570 0.0000e+00
    713.000    129.720    16.7651   4.555492     0.0294   200.0000     0.0232 1.1792e-01     1.4003    104.376 0.0000e+00
    713.250    129.496    16.7696   4.556174     0.0294   170.0000     0.0228 1.1802e-01     1.3998    104.319 0.0000e+00
    713.500    129.296    16.7750   4.556458     0.0367    60.0000     0.0230 1.1792e-01     1.3989    104.182 0.0000e+00
    713.750    129.129    16.7801   4.557296     0.0367   120.0000     0.0230 1.1807e-01     1.3987    103.954 0.0000e+00
    714.000    128.990    16.7847   4.557687     0.0220   230.0000     0.0228 1.1794e-01     1.3970    103.769 0.0000e+00
    714.250    128.878    16.7899   4.558135     0.0441   230.0000     0.0233 1.1794e-01     1.3959    103.673 0.0000e+00
    714.500    128.774    16.7937   4.558938     0.0294   200.0000     0.0230 1.1799e-01     1.3952    103.585 0.0000e+00
    714.750    128.683    16.7965   4.558909     0.0367   120.0000     0.0226 1.1805e-01     1.3945    103.277 0.0000e+00
    715.000    128.590    16.7997   4.559250     0.0441    60.0000     0.0226 1.1810e-01     1.3929    103.045 0.0000e+00
    715.250    128.486    16.8037   4.559684     0.0220   120.0000     0.0227 1.1805e-01     1.3918    102.950 0.0000e+00
    715.500    128.375    16.8070   4.560217     0.0294   230.0000     0.0234 1.1812e-01     1.3906    102.797 0.0000e+00
    715.750    128.255    16.8102   4.560430     0.0220   200.0000     0.0228 1.1812e-01     1.3896    102.728 0.0000e+00
    716.000    128.132    16.8132   4.560785     0.0294   170.0000     0.0232 1.1802e-01     1.3885    102.790 0.0000e+00
    716.250    128.008    16.8169   4.561112     0.0441   120.0000     0.0229 1.1802e-01     1.3872    102.647 0.0000e+00
    716.500    127.890    16.8205   4.561681     0.0367   140.0000     0.0225 1.1794e-01     1.3870    102.668 0.0000e+00
    716.750    127.786    16.8237   4.561887     0.0441   170.0000     0.0225 1.1805e-01     1.3870    102.725 0.0000e+00
    717.000    127.706    16.8277   4.562420     0.0220   170.0000     0.0239 1.1802e-01     1.3859    102.865 0.0000e+00
    717.250    127.639    16.8311   4.562889     0.0294    60.0000     0.0240 1.1797e-01     1.3855    102.783 0.0000e+00
    717.500    127.586    16.8336   4.563167     0.0441   140.0000     0.0237 1.1797e-01     1.3856    102.592 0.0000e+00
    717.750    127.537    16.8360   4.563359     0.0514   170.0000     0.0239 1.1794e-01     1.3852    102.685 0.0000e+00
    718.000    127.475    16.8372   4.563387     0.0514   -50.0000     0.0239 1.1797e-01     1.3843    102.644 0.0000e+00
    718.250    127.397    16.8389   4.563558     0.0441   250.0000     0.0238 1.1799e-01     1.3846    102.623 0.0000e+00
    718.500    127.289    16.8398   4.563707     0.0367   -80.0000     0.0237 1.1802e-01     1.3847    102.473 0.0000e+00
    718.750    127.160    16.8409   4.563792     0.0441   280.0000     0.0231 1.1794e-01     1.3839    102.427 0.0000e+00
    719.000    126.996    16.8417   4.563828     0.0441   200.0000     0.0233 1.1797e-01     1.3834    102.131 0.0000e+00
    719.250    126.813    16.8423   4.563884     0.0441   170.0000     0.0237 1.1787e-01     1.3836    101.953 0.0000e+00
    719.500    126.612    16.8428   4.563941     0.0441   230.0000     0.0234 1.1810e-01     1.3839    101.812 0.0000e+00
    719.750    126.391    16.8431   4.563977     0.0367    90.0000     0.0234 1.1805e-01     1.3828    101.625 0.0000e+00
    720.000    126.159    16.8437   4.564033     0.0441   120.0000     0.0239 1.1802e-01     1.3822    101.361 0.0000e+00
    720.250    125.925    16.8438   4.564069     0.0441   -50.0000     0.0237 1.1792e-01     1.3826    101.165 0.0000e+00
    720.500    125.696    16.8443   4.564062     0.0294   230.0000     0.0237 1.1810e-01     1.3823    100.976 0.0000e+00
    720.750    125.461    16.8448   4.564118     0.0441   170.0000     0.0241 1.1784e-01     1.3823    100.835 0.0000e+00
    721.000    125.237    16.8450   4.564118     0.0367   140.0000     0.0241 1.1807e-01     1.3809    100.714 0.0000e+00
