cruises/P45_06/L2/CTD/Loop_Edit/P45_06_CTD_06_loop.cnv
* Sea-Bird SBE19plus  Data File:
* FileName = C:\Users\OA_2023-03\Desktop\Bathymetry\ctd_casts\P3_16_04-25002.hex
* Software version 2.3.0 SB_Terminal.dll
* Temperature SN = 8460
* Conductivity SN = 8460
* System UpLoad Time = Apr 16 2026 15:33:25
* <ApplicationData>
* <SeatermAF>
# nquan = 11
# nvalues = 4320                        
# units = specified
# name 0 = timeS: Time, Elapsed [seconds]
# name 1 = prdM: Pressure, Strain Gauge [db]
# name 2 = tv290C: Temperature [ITS-90, deg C]
# name 3 = c0S/m: Conductivity [S/m]
# name 4 = flECO-AFL: Fluorescence, WET Labs ECO-AFL/FL [mg/m^3]
# name 5 = flECO-AFL1: Fluorescence, WET Labs ECO-AFL/FL, 2 [mg/m^3]
# name 6 = CStarAt0: Beam Attenuation, WET Labs C-Star [1/m]
# name 7 = par/sat/log: PAR/Logarithmic, Satlantic [umol photons/m^2/sec]
# name 8 = sbeox0V: Oxygen raw, SBE 43 [V]
# name 9 = sbeox0Mm/L: Oxygen, SBE 43 [umol/l]
# name 10 = flag:  0.000e+00
# span 0 =      0.000,   1079.750       
# span 1 =     -0.074,    168.084       
# span 2 =    15.8925,    31.9941       
# span 3 =   0.000012,   5.877904       
# span 4 =   -48.7708,    29.9382       
# span 5 = -3.024e+05, 40750.0000       
# span 6 =    -0.1114,    20.0947       
# span 7 = 1.1766e-01, 3.5613e+03       
# span 8 =     1.2441,     2.7525       
# span 9 =     86.457,    230.187       
# span 10 = 0.0000e+00, 0.0000e+00      
# interval = seconds: 0.25
# start_time = Apr 16 2026 14:33:22 [Instrument's time stamp, header]
# bad_flag = -9.990e-29
*END*
[from data line 1968]
    492.000     97.675    17.6340   4.650261     0.0955   120.0000     0.0305 6.1146e-01     1.4012     97.321 0.0000e+00
    492.250     97.737    17.6272   4.649594     0.0661   170.0000     0.0307 5.6872e-01     1.4012     97.681 0.0000e+00
    492.500     97.786    17.6229   4.649165     0.1102   280.0000     0.0311 6.2484e-01     1.4024     97.623 0.0000e+00
    492.750     97.828    17.6194   4.649043     0.0661   230.0000     0.0314 6.0058e-01     1.4031     98.026 0.0000e+00
    493.000     97.875    17.6170   4.648771     0.1763   200.0000     0.0315 5.7503e-01     1.4035     98.478 0.0000e+00
    493.250     97.942    17.6149   4.648491     0.1102   140.0000     0.0312 5.9695e-01     1.4044     98.921 0.0000e+00
    493.500     98.024    17.6133   4.648434     0.0955   250.0000     0.0311 5.6675e-01     1.4039     99.475 0.0000e+00
    493.750     98.124    17.6109   4.648190     0.1175   140.0000     0.0313 5.5739e-01     1.4031     99.867 0.0000e+00
    494.000     98.244    17.6084   4.647854     0.0881   230.0000     0.0311 5.4866e-01     1.4035    100.311 0.0000e+00
    494.250     98.364    17.6052   4.647546     0.0735   230.0000     0.0313 5.3878e-01     1.4033    100.682 0.0000e+00
    494.500     98.499    17.6017   4.647001     0.1175   120.0000     0.0310 5.1485e-01     1.4034    100.912 0.0000e+00
    494.750     98.635    17.5982   4.646543     0.0881    60.0000     0.0313 5.2508e-01     1.4023    101.156 0.0000e+00
    495.000     98.763    17.5951   4.646177     0.1175   200.0000     0.0322 5.3610e-01     1.4014    101.237 0.0000e+00
    495.250     98.894    17.5924   4.645898     0.0735   200.0000     0.0322 5.3033e-01     1.4008    101.361 0.0000e+00
    495.500     99.006    17.5901   4.645626     0.0881   250.0000     0.0315 5.1854e-01     1.4000    101.293 0.0000e+00
    495.750     99.110    17.5887   4.645411     0.0881   230.0000     0.0307 5.2907e-01     1.3986    101.464 0.0000e+00
    496.000     99.203    17.5877   4.645354     0.0735   200.0000     0.0313 5.2417e-01     1.3972    101.356 0.0000e+00
    496.250     99.292    17.5861   4.645261     0.0955   170.0000     0.0310 5.3703e-01     1.3968    101.515 0.0000e+00
    496.500     99.390    17.5835   4.644953     0.1028   120.0000     0.0309 5.3356e-01     1.3955    101.661 0.0000e+00
    496.750     99.492    17.5792   4.644344     0.0735   200.0000     0.0316 5.3901e-01     1.3945    101.722 0.0000e+00
    497.000     99.597    17.5737   4.643706     0.0881   230.0000     0.0309 5.1797e-01     1.3934    101.896 0.0000e+00
    497.250     99.717    17.5670   4.642825     0.0661    10.0000     0.0325 5.4170e-01     1.3927    101.869 0.0000e+00
    497.500     99.845    17.5580   4.641966     0.0514   200.0000     0.0321 5.2090e-01     1.3919    102.018 0.0000e+00
    497.750     99.974    17.5483   4.640505     0.0588   200.0000     0.0324 5.0241e-01     1.3910    102.059 0.0000e+00
    498.000    100.097    17.5387   4.639324     0.1102   230.0000     0.0326 4.8490e-01     1.3900    102.102 0.0000e+00
    498.250    100.221    17.5293   4.638343     0.0955   170.0000     0.0320 4.9145e-01     1.3892    102.145 0.0000e+00
    498.500    100.354    17.5204   4.637284     0.0588   140.0000     0.0320 5.1229e-01     1.3877    102.022 0.0000e+00
    498.750    100.494    17.5127   4.636432     0.0661   170.0000     0.0321 5.1207e-01     1.3865    101.831 0.0000e+00
    499.000    100.650    17.5059   4.635731     0.0661   140.0000     0.0318 4.7989e-01     1.3844    101.776 0.0000e+00
    499.250    100.812    17.5001   4.635058     0.0881   200.0000     0.0318 4.7115e-01     1.3836    101.693 0.0000e+00
    499.500    100.974    17.4961   4.634758     0.0955   230.0000     0.0313 4.6881e-01     1.3820    101.612 0.0000e+00
    499.750    101.132    17.4939   4.634729     0.0881   170.0000     0.0305 4.8239e-01     1.3796    101.391 0.0000e+00
    500.000    101.280    17.4924   4.634787     0.0514   140.0000     0.0311 4.8532e-01     1.3775    101.183 0.0000e+00
    500.250    101.420    17.4905   4.634758     0.0441   140.0000     0.0309 4.7381e-01     1.3751    101.026 0.0000e+00
    500.500    101.552    17.4888   4.634486     0.0881   170.0000     0.0316 4.6770e-01     1.3757    100.896 0.0000e+00
    500.750    101.672    17.4870   4.634300     0.1102   170.0000     0.0315 4.8176e-01     1.3738    100.656 0.0000e+00
    501.000    101.794    17.4856   4.634179     0.0441   250.0000     0.0320 5.0296e-01     1.3721    100.357 0.0000e+00
    501.250    101.933    17.4843   4.634064     0.0588   250.0000     0.0318 4.8637e-01     1.3704    100.249 0.0000e+00
    501.500    102.103    17.4807   4.633907     0.0881   170.0000     0.0309 4.7299e-01     1.3692    100.044 0.0000e+00
    501.750    102.316    17.4738   4.633084     0.0735    60.0000     0.0314 4.2791e-01     1.3673     99.926 0.0000e+00
    502.000    102.542    17.4646   4.631753     0.0661   230.0000     0.0309 4.2606e-01     1.3667     99.785 0.0000e+00
    502.250    102.765    17.4570   4.630387     0.0367   140.0000     0.0305 3.4743e-01     1.3654     99.719 0.0000e+00
    502.500    102.987    17.4522   4.630051     0.1028   200.0000     0.0308 3.5665e-01     1.3641     99.672 0.0000e+00
    502.750    103.202    17.4490   4.629958     0.0661    60.0000     0.0307 4.1067e-01     1.3639     99.620 0.0000e+00
    503.000    103.389    17.4464   4.629715     0.0661   140.0000     0.0309 3.9825e-01     1.3623     99.534 0.0000e+00
    503.250    103.540    17.4446   4.629565     0.0661   120.0000     0.0299 4.5051e-01     1.3621     99.440 0.0000e+00
    503.500    103.651    17.4430   4.629443     0.0735   140.0000     0.0299 4.2680e-01     1.3611     99.278 0.0000e+00
    503.750    103.737    17.4424   4.629314     0.0661   140.0000     0.0303 4.3472e-01     1.3601     99.114 0.0000e+00
    504.000    103.799    17.4424   4.629500     0.0735   140.0000     0.0313 4.6146e-01     1.3606     98.803 0.0000e+00
    504.250    103.851    17.4431   4.629594     0.0588   170.0000     0.0309 4.2846e-01     1.3601     98.643 0.0000e+00
    504.500    103.900    17.4441   4.629808     0.0735   230.0000     0.0309 4.1993e-01     1.3592     98.392 0.0000e+00
    504.750    103.962    17.4445   4.629915     0.1322   200.0000     0.0313 3.8897e-01     1.3580     98.024 0.0000e+00
    505.000    104.046    17.4447   4.629865     0.0661    30.0000     0.0310 4.2818e-01     1.3580     97.672 0.0000e+00
    505.250    104.149    17.4440   4.629837     0.0661   200.0000     0.0313 4.2846e-01     1.3572     97.285 0.0000e+00
    505.500    104.275    17.4427   4.629744     0.0514   170.0000     0.0304 4.1112e-01     1.3564     97.381 0.0000e+00
    505.750    104.410    17.4403   4.629436     0.0661   250.0000     0.0306 4.0223e-01     1.3547     97.194 0.0000e+00
    506.000    104.541    17.4371   4.628986     0.0955   200.0000     0.0303 4.1085e-01     1.3547     97.027 0.0000e+00
    506.250    104.673    17.4332   4.628535     0.0808   200.0000     0.0298 3.6833e-01     1.3535     96.840 0.0000e+00
    506.500    104.781    17.4288   4.627927     0.0514   200.0000     0.0301 3.4773e-01     1.3530     96.764 0.0000e+00
    506.750    104.877    17.4251   4.627477     0.0661   120.0000     0.0303 3.6849e-01     1.3516     96.595 0.0000e+00
    507.000    104.959    17.4221   4.627169     0.0514   120.0000     0.0304 4.0705e-01     1.3512     96.593 0.0000e+00
    507.250    105.042    17.4203   4.627048     0.0955  -160.0000     0.0330 4.2615e-01     1.3511     96.455 0.0000e+00
    507.500    105.126    17.4189   4.626926     0.0881    90.0000     0.0332 3.7598e-01     1.3508     96.268 0.0000e+00
    507.750    105.222    17.4176   4.626840     0.0441   170.0000     0.0326 4.3509e-01     1.3496     96.363 0.0000e+00
    508.000    105.328    17.4155   4.626619     0.0661   230.0000     0.0301 4.1032e-01     1.3486     96.247 0.0000e+00
    508.250    105.448    17.4130   4.626347     0.0514   200.0000     0.0295 3.6825e-01     1.3486     96.311 0.0000e+00
    508.500    105.572    17.4110   4.626104     0.0514   200.0000     0.0298 3.5975e-01     1.3480     96.260 0.0000e+00
    508.750    105.695    17.4089   4.625954     0.0514   120.0000     0.0298 3.4773e-01     1.3473     96.201 0.0000e+00
    509.000    105.812    17.4073   4.625804     0.0441   120.0000     0.0295 3.6186e-01     1.3473     96.324 0.0000e+00
    509.250    105.924    17.4059   4.625682     0.0588   250.0000     0.0299 3.6186e-01     1.3467     96.367 0.0000e+00
    509.500    106.024    17.4046   4.625589     0.0661   230.0000     0.0295 3.6945e-01     1.3461     96.311 0.0000e+00
    509.750    106.124    17.4033   4.625439     0.0441   170.0000     0.0299 3.6476e-01     1.3461     96.173 0.0000e+00
    510.000    106.221    17.4014   4.625289     0.0661   170.0000     0.0292 3.7851e-01     1.3456     96.227 0.0000e+00
    510.250    106.319    17.3990   4.625046     0.0441   170.0000     0.0298 3.8604e-01     1.3444     96.121 0.0000e+00
    510.500    106.423    17.3964   4.624617     0.1102   170.0000     0.0300 3.8263e-01     1.3444     96.024 0.0000e+00
    510.750    106.541    17.3944   4.624410     0.0661    30.0000     0.0299 3.6022e-01     1.3442     95.773 0.0000e+00
    511.000    106.685    17.3925   4.624224     0.0514   140.0000     0.0299 3.3215e-01     1.3437     95.723 0.0000e+00
    511.250    106.839    17.3904   4.624045     0.0441    90.0000     0.0299 3.3532e-01     1.3422     95.564 0.0000e+00
    511.500    106.997    17.3879   4.623738     0.0588   120.0000     0.0296 3.5634e-01     1.3424     95.514 0.0000e+00
    511.750    107.165    17.3853   4.623466     0.0514   170.0000     0.0291 3.3700e-01     1.3422     95.334 0.0000e+00
    512.000    107.319    17.3826   4.623223     0.0588   170.0000     0.0301 3.4192e-01     1.3411     95.259 0.0000e+00
    512.250    107.459    17.3803   4.622988     0.0441   140.0000     0.0303 3.4073e-01     1.3404     95.304 0.0000e+00
    512.500    107.590    17.3784   4.622745     0.0881   120.0000     0.0302 3.5951e-01     1.3396     95.341 0.0000e+00
    512.750    107.705    17.3758   4.622559     0.0735   230.0000     0.0303 3.1141e-01     1.3393     95.240 0.0000e+00
    513.000    107.818    17.3721   4.622094     0.0588   120.0000     0.0295 3.5296e-01     1.3382     95.118 0.0000e+00
    513.250    107.927    17.3680   4.621501     0.0441   140.0000     0.0294 3.6865e-01     1.3380     95.163 0.0000e+00
    513.500    108.041    17.3642   4.621108     0.0661   250.0000     0.0290 3.5603e-01     1.3367     95.118 0.0000e+00
    513.750    108.178    17.3609   4.620715     0.0367   120.0000     0.0303 3.4096e-01     1.3364     95.080 0.0000e+00
    514.000    108.329    17.3577   4.620422     0.0441   120.0000     0.0298 3.2978e-01     1.3355     95.085 0.0000e+00
    514.250    108.485    17.3540   4.620136     0.0588    60.0000     0.0305 3.2914e-01     1.3359     95.035 0.0000e+00
    514.500    108.660    17.3497   4.619621     0.0441   140.0000     0.0288 3.2280e-01     1.3353     94.997 0.0000e+00
    514.750    108.834    17.3445   4.619014     0.0441    60.0000     0.0292 3.0833e-01     1.3350     95.070 0.0000e+00
    515.000    109.011    17.3392   4.618321     0.0588   140.0000     0.0290 2.9868e-01     1.3354     95.041 0.0000e+00
    515.250    109.185    17.3328   4.617835     0.0661   200.0000     0.0299 2.9349e-01     1.3354     94.881 0.0000e+00
    515.500    109.362    17.3221   4.616778     0.0808    30.0000     0.0303 3.2666e-01     1.3348     94.889 0.0000e+00
    515.750    109.540    17.3054   4.614963     0.0514    60.0000     0.0301 2.9285e-01     1.3348     94.899 0.0000e+00
    516.000    109.715    17.2814   4.612241     0.0661  -110.0000     0.0303 3.2687e-01     1.3343     94.858 0.0000e+00
    516.250    109.893    17.2556   4.608435     0.0441   120.0000     0.0296 2.5748e-01     1.3354     94.683 0.0000e+00
    516.500    110.073    17.2305   4.605601     0.0514   230.0000     0.0290 2.6904e-01     1.3352     94.755 0.0000e+00
    516.750    110.257    17.2105   4.603068     0.0661   170.0000     0.0288 2.6085e-01     1.3338     94.780 0.0000e+00
    517.000    110.429    17.1970   4.601770     0.0661    90.0000     0.0289 2.7279e-01     1.3344     94.696 0.0000e+00
    517.250    110.580    17.1866   4.601199     0.0661   140.0000     0.0290 2.8210e-01     1.3341     94.642 0.0000e+00
    517.500    110.702    17.1776   4.600350     0.0661    60.0000     0.0292 3.1094e-01     1.3335     94.529 0.0000e+00
    517.750    110.791    17.1697   4.599480     0.0441   230.0000     0.0288 3.1047e-01     1.3336     94.489 0.0000e+00
    518.000    110.859    17.1634   4.598788     0.0220    90.0000     0.0286 3.2455e-01     1.3334     94.368 0.0000e+00
    518.250    110.910    17.1590   4.598432     0.0808   120.0000     0.0288 2.8076e-01     1.3330     94.382 0.0000e+00
    518.500    110.953    17.1566   4.598189     0.0881    60.0000     0.0298 3.0166e-01     1.3332     94.163 0.0000e+00
    518.750    111.013    17.1545   4.598082     0.0881   170.0000     0.0292 2.8983e-01     1.3329     94.130 0.0000e+00
    519.000    111.106    17.1523   4.597918     0.0661   140.0000     0.0296 2.9540e-01     1.3335     94.050 0.0000e+00
    519.250    111.230    17.1498   4.597676     0.0441   140.0000     0.0297 2.9868e-01     1.3334     94.146 0.0000e+00
    519.500    111.372    17.1474   4.597362     0.0441   200.0000     0.0308 2.8412e-01     1.3333     94.119 0.0000e+00
    519.750    111.512    17.1449   4.597105     0.0441   230.0000     0.0304 2.8436e-01     1.3338     94.129 0.0000e+00
    520.000    111.655    17.1428   4.596834     0.0514   120.0000     0.0313 2.2786e-01     1.3333     94.269 0.0000e+00
    520.250    111.786    17.1413   4.596713     0.0661   120.0000     0.0286 2.4031e-01     1.3334     94.359 0.0000e+00
    520.500    111.897    17.1405   4.596685     0.0441  -110.0000     0.0290 2.4219e-01     1.3325     94.363 0.0000e+00
    520.750    111.990    17.1400   4.596671     0.0514   200.0000     0.0285 2.4005e-01     1.3331     94.393 0.0000e+00
    521.000    112.072    17.1399   4.596656     0.0441   170.0000     0.0275 2.6904e-01     1.3335     94.338 0.0000e+00
    521.250    112.154    17.1401   4.596685     0.0514    10.0000     0.0279 2.9336e-01     1.3332     94.495 0.0000e+00
    521.500    112.248    17.1402   4.596735     0.0367    60.0000     0.0279 2.4493e-01     1.3331     94.526 0.0000e+00
    521.750    112.363    17.1403   4.596714     0.0441    10.0000     0.0279 2.5143e-01     1.3329     94.322 0.0000e+00
    522.000    112.516    17.1397   4.596685     0.0367   230.0000     0.0286 2.4010e-01     1.3328     94.366 0.0000e+00
    522.250    112.697    17.1389   4.596592     0.0441   140.0000     0.0287 2.2801e-01     1.3318     94.327 0.0000e+00
    522.500    112.879    17.1380   4.596443     0.0661    60.0000     0.0282 2.2096e-01     1.3314     94.258 0.0000e+00
    522.750    113.054    17.1371   4.596357     0.0661   250.0000     0.0281 2.5776e-01     1.3324     94.250 0.0000e+00
    523.000    113.216    17.1369   4.596322     0.0661   200.0000     0.0285 2.4835e-01     1.3319     94.209 0.0000e+00
    523.250    113.365    17.1365   4.596322     0.0367   140.0000     0.0282 2.2255e-01     1.3314     94.118 0.0000e+00
    523.500    113.485    17.1368   4.596357     0.0441   170.0000     0.0292 2.2555e-01     1.3319     94.186 0.0000e+00
    523.750    113.576    17.1369   4.596386     0.0441   140.0000     0.0285 2.2356e-01     1.3315     94.194 0.0000e+00
    524.000    113.636    17.1371   4.596415     0.0441   170.0000     0.0287 2.5361e-01     1.3322     94.281 0.0000e+00
    524.250    113.681    17.1376   4.596443     0.0514    60.0000     0.0279 2.6586e-01     1.3321     94.308 0.0000e+00
