cruises/P45_06/L2/CTD/Loop_Edit/P45_06_CTD_11_loop.cnv
* Sea-Bird SBE19plus  Data File:
* FileName = C:\Users\OA_2023-03\Desktop\Bathymetry\ctd_casts\S2_18_04_26001.hex
* Software version 2.3.0 SB_Terminal.dll
* Temperature SN = 8460
* Conductivity SN = 8460
* System UpLoad Time = Apr 18 2026 16:37:44
* <ApplicationData>
* <SeatermAF>
** cast at s3
# nquan = 11
# nvalues = 4802                        
# units = specified
# name 0 = timeS: Time, Elapsed [seconds]
# name 1 = prdM: Pressure, Strain Gauge [db]
# name 2 = tv290C: Temperature [ITS-90, deg C]
# name 3 = c0S/m: Conductivity [S/m]
# name 4 = flECO-AFL: Fluorescence, WET Labs ECO-AFL/FL [mg/m^3]
# name 5 = flECO-AFL1: Fluorescence, WET Labs ECO-AFL/FL, 2 [mg/m^3]
# name 6 = CStarAt0: Beam Attenuation, WET Labs C-Star [1/m]
# name 7 = par/sat/log: PAR/Logarithmic, Satlantic [umol photons/m^2/sec]
# name 8 = sbeox0V: Oxygen raw, SBE 43 [V]
# name 9 = sbeox0Mm/L: Oxygen, SBE 43 [umol/l]
# name 10 = flag:  0.000e+00
# span 0 =      0.000,   1200.250       
# span 1 =     -0.094,    199.110       
# span 2 =    14.0680,    29.9585       
# span 3 =  -0.626929,   5.890303       
# span 4 =   -82.6239,    29.9382       
# span 5 = -2.047e+05, 1.4700e+05       
# span 6 =     0.0148,    55.2620       
# span 7 = 1.1782e-01, 3.7805e+03       
# span 8 =     1.0321,     2.7578       
# span 9 =     63.551,    238.883       
# span 10 = 0.0000e+00, 0.0000e+00      
# interval = seconds: 0.25
# start_time = Apr 18 2026 13:32:54 [Instrument's time stamp, header]
# bad_flag = -9.990e-29
*END*
[from data line 4328]
   1082.000      0.831    29.9340   5.887139     0.0294  -300.0000     0.0893 2.1139e+03     2.6201    190.334 -9.990e-29
   1082.250      0.802    29.9353   5.887194     0.0220  -110.0000     0.0894 1.1719e+03     2.6165    190.672 -9.990e-29
   1082.500      0.844    29.9369   5.887305     0.0220   120.0000     0.1147 2.0464e+03     2.6165    190.808 -9.990e-29
   1082.750      0.927    29.9388   5.887757    -0.0073   230.0000     0.1140 1.5568e+03     2.6177    190.899 -9.990e-29
   1083.000      1.027    29.9402   5.887947     0.0000    60.0000     0.1141 1.7880e+03     2.6197    191.040 -9.990e-29
   1083.250      1.114    29.9395   5.887947     0.0000    90.0000     0.1004 1.8220e+03     2.6233    190.884 -9.990e-29
   1083.500      1.216    29.9369   5.887607     0.0220   170.0000     0.1005 1.1923e+03     2.6259    190.626 -9.990e-29
   1083.750      1.322    29.9316   5.887155    -0.0073  -160.0000     0.1004 2.9664e+03     2.6250    190.441 -9.990e-29
   1084.000      1.425    29.9268   5.886156     0.0147   200.0000     0.1524 2.2411e+03     2.6218    190.576 -9.990e-29
   1084.250      1.504    29.9232   5.885862    -0.0147   120.0000     0.1518 8.5561e+02     2.6185    190.535 -9.990e-29
   1084.500      1.551    29.9195   5.885537     0.0220   200.0000     0.1518 1.4819e+03     2.6170    190.570 -9.990e-29
   1084.750      1.565    29.9161   5.885141     0.0367    90.0000     0.0835 1.2632e+03     2.6180    190.513 -9.990e-29
   1085.000      1.553    29.9162   5.884800     0.0294   280.0000     0.0835 2.0750e+03     2.6188    190.339 -9.990e-29
   1085.250      1.502    29.9195   5.885387     0.0367    10.0000     0.0833 1.7761e+03     2.6197    190.343 -9.990e-29
   1085.500      1.422    29.9209   5.886283     0.0294  -130.0000     0.0835 1.3288e+03     2.6205    190.484 -9.990e-29
   1085.750      1.327    29.9201   5.885902    -0.0147   230.0000     0.0761 2.1245e+03     2.6192    190.557 -9.990e-29
   1086.000      1.229    29.9198   5.885482    -0.0147    60.0000     0.0758 1.3500e+03     2.6142    190.553 -9.990e-29
   1086.250      1.138    29.9211   5.885672     0.0367    10.0000     0.0764 1.6009e+03     2.6091    190.620 -9.990e-29
   1086.500      1.045    29.9223   5.886092     0.0073    60.0000     0.0913 1.3381e+03     2.6017    190.655 -9.990e-29
   1086.750      0.949    29.9227   5.886092     0.0147   230.0000     0.0910 1.0306e+03     2.5940    190.836 -9.990e-29
   1087.000      0.878    29.9244   5.886092     0.0441    30.0000     0.0912 2.1149e+03     2.5847    190.925 -9.990e-29
   1087.250      0.846    29.9279   5.886282    -0.0147  -220.0000     0.1036 2.2088e+03     2.5811    190.520 -9.990e-29
   1087.500      0.840    29.9316   5.887115    -0.0220   640.0000     0.1041 1.2443e+03     2.5775    190.418 -9.990e-29
   1087.750      0.900    29.9347   5.887416     0.0367   120.0000     0.1034 1.2553e+03     2.5746    190.490 -9.990e-29
   1088.000      1.002    29.9364   5.887757     0.0220    90.0000     0.1036 1.4085e+03     2.5567    190.696 -9.990e-29
   1088.250      1.111    29.9373   5.887614     0.0441    60.0000     0.1019 1.6746e+03     2.5282    191.110 -9.990e-29
   1088.500      1.185    29.9385   5.887726     0.3158  -130.0000     0.1019 2.3662e+03     2.5016    191.468 -9.990e-29
   1088.750      1.213    29.9386   5.887757    -0.0073    60.0000     0.1021 1.9875e+03     2.4758    191.453 -9.990e-29
   1089.000      1.135    29.9373   5.887694     0.0441    90.0000     0.0873 9.5480e+02     2.4584    191.163 -9.990e-29
   1089.250      0.936    29.9344   5.887250     0.0073    90.0000     0.0872 1.7298e+03     2.4568    190.804 -9.990e-29
   1089.500      0.720    29.9323   5.886813     0.0294  -110.0000     0.0878 1.4318e+03     2.4660    190.495 -9.990e-29
   1089.750      0.526    29.9320   5.886774    -0.0073   140.0000     0.1115 1.9324e+03     2.4765    190.433 -9.990e-29
   1090.000      0.342    29.9331   5.887067     0.0367   230.0000     0.1113 1.9013e+03     2.4713    190.392 -9.990e-29
   1090.250      0.237    29.9342   5.887233    -0.2057  -130.0000     0.1113 1.8796e+03     2.4453    190.411 -9.990e-29
   1090.500      0.257    29.9354   5.886964    -0.0220  -300.0000     0.1113 1.8606e+03     2.4078    190.540 -9.990e-29
   1090.750      0.320    29.9366   5.887455     0.0294  -350.0000    14.0448 1.8506e+03     2.3717    190.524 -9.990e-29
   1091.000      0.360    29.9372   5.887455    -0.0294   120.0000    14.0644 1.8478e+03     2.3394    190.089 -9.990e-29
   1091.250      0.382    29.9369   5.887344    -0.0147  -110.0000    14.0535 1.8486e+03     2.3130    189.512 -9.990e-29
   1091.500      0.388    29.9376   5.887416     0.0514   120.0000     0.8335 1.8805e+03     2.2937    188.560 -9.990e-29
   1091.750      0.366    29.9376   5.887416     0.1542   -80.0000     0.8335 1.9183e+03     2.2773    187.466 -9.990e-29
   1092.000      0.321    29.9371   5.887471     0.0147    30.0000     0.8331 1.9308e+03     2.2661    186.193 -9.990e-29
   1092.250      0.217    29.9362   5.887289     0.0220   -20.0000     3.3321 1.9162e+03     2.2556    185.549 0.0000e+00
   1092.500      0.121    29.9337   5.886924     0.0220   390.0000     3.3321 1.9274e+03     2.2486    185.038 0.0000e+00
   1092.750      0.112    29.9305   5.886702     0.1028  -930.0000     3.3328 1.9341e+03     2.2436    184.780 0.0000e+00
   1093.000      0.164    29.9280   5.886662     0.2497 -1010.0000     5.0317 1.9366e+03     2.2409    182.993 -9.990e-29
   1093.250      0.202    29.9259   5.886559    -0.1542  -380.0000     5.0326 1.9446e+03     2.2380    179.861 -9.990e-29
   1093.500      0.139    29.9217   5.885679     0.1763   -20.0000     5.0322 1.9387e+03     2.2368    176.682 -9.990e-29
   1093.750     -0.030    29.9170   5.885061     0.0955  -550.0000     5.0328 1.9395e+03     2.2342    173.404 0.0000e+00
   1094.000     -0.065    29.9136   5.884950     3.0996 40750.0000     8.5301 1.9366e+03     2.2325    170.971 0.0000e+00
   1094.250     -0.059    29.9109   5.884760    29.9382 -1.376e+05     8.5284 1.9224e+03     2.2302    170.395 -9.990e-29
   1094.500     -0.061    29.9085   5.884569   -82.6239-79620.0000     8.5295 1.9154e+03     2.2294    171.537 -9.990e-29
   1094.750     -0.061    29.9052   5.884157    22.2921 40750.0000    14.3448 1.9034e+03     2.2281    173.484 -9.990e-29
   1095.000     -0.065    29.9003   5.882865   -12.7362 40750.0000    14.3519 1.9030e+03     2.2259    174.346 -9.990e-29
   1095.250     -0.061    29.8959   5.882754    -7.3009 40750.0000    14.3425 1.8964e+03     2.2240    172.866 -9.990e-29
   1095.500     -0.063    29.8923   1.808887    29.9382-43890.0000    25.3653 1.8866e+03     2.2219    195.245 -9.990e-29
   1095.750     -0.063    29.8911   0.971875   -48.8663-82450.0000    25.3653 1.9104e+03     2.2199    195.524 -9.990e-29
   1096.000     -0.063    29.8906   0.994412   -18.8326-72860.0000    25.4773 1.9442e+03     2.2209    190.205 -9.990e-29
   1096.250     -0.065    29.8901   0.884087    29.9382-61200.0000    26.0028 1.9619e+03     2.2218    185.905 -9.990e-29
   1096.500     -0.063    29.8893   0.810582    29.9382 76920.0000    26.1345 1.9927e+03     2.2176    182.514 -9.990e-29
   1096.750     -0.061    29.8885   0.765235    29.9382 40750.0000    26.2248 2.0192e+03     2.2187    180.117 -9.990e-29
   1097.000     -0.063    29.8875   0.731162   -21.5723 40750.0000    26.0901 1.9777e+03     2.2170    179.388 -9.990e-29
   1097.250     -0.061    29.8865   0.776856     2.7470 20700.0000    17.4048 1.9059e+03     2.2198    179.163 -9.990e-29
   1097.500     -0.063    29.8854   0.760444     0.3966 20060.0000    17.4048 1.8980e+03     2.2168    180.000 -9.990e-29
   1097.750     -0.063    29.8845   0.767539     2.9674-18740.0000    17.4048 1.8204e+03     2.2170    180.853 -9.990e-29
   1098.000     -0.067    29.8836   0.813561    -4.9065  1780.0000    12.1898 1.8252e+03     2.2194    181.584 0.0000e+00
   1098.250     -0.063    29.8826   0.757918   -17.2608 40750.0000    12.1939 1.8196e+03     2.2183    182.589 -9.990e-29
   1098.500     -0.065    29.8818   0.733728    -8.7479-37930.0000    12.1953 1.8972e+03     2.2177    183.404 -9.990e-29
   1098.750     -0.063    29.8808   0.686632    22.4096  5520.0000    15.9942 1.9845e+03     2.2161    184.005 -9.990e-29
   1099.000     -0.066    29.8795   0.688849     2.2402 17070.0000    15.9942 1.8821e+03     2.2162    184.267 -9.990e-29
   1099.250     -0.066    29.8782   0.677615    -1.0503 40750.0000    16.0048 1.9841e+03     2.2166    184.412 -9.990e-29
   1099.500     -0.065    29.8772   0.620247     8.2191-74770.0000    18.2916 1.8086e+03     2.2169    184.841 -9.990e-29
   1099.750     -0.063    29.8755   0.568379     6.1698-50730.0000    18.2728 1.7795e+03     2.2161    185.108 -9.990e-29
   1100.000     -0.063    29.8744   0.505703    -8.8654 37430.0000    18.2791 1.7343e+03     2.2161    185.248 -9.990e-29
   1100.250     -0.068    29.8730   0.470581   -21.4694 -1.098e+05    18.3105 1.7554e+03     2.2159    185.254 0.0000e+00
   1100.500     -0.065    29.8713   0.432855    -5.0387 -8460.0000    12.1803 1.8418e+03     2.2158    185.218 -9.990e-29
   1100.750     -0.065    29.8702   0.407241    -3.2612 13740.0000    12.1803 1.9383e+03     2.2149    185.143 -9.990e-29
   1101.000     -0.065    29.8686   0.377871    11.4215 38400.0000    12.1775 2.0074e+03     2.2141    185.449 -9.990e-29
   1101.250     -0.063    29.8673   0.355651    -5.0387-15080.0000    19.2609 4.6086e+02     2.2142    185.769 -9.990e-29
   1101.500     -0.066    29.8659   0.353816     1.3441 -1310.0000    19.2290 4.3415e+02     2.2145    185.321 -9.990e-29
   1101.750     -0.065    29.8645   0.358538    -0.4921 -1230.0000    19.2770 4.0275e+02     2.2139    185.491 -9.990e-29
   1102.000     -0.066    29.8632   0.358935    -0.1910  1750.0000    16.3958 3.8428e+02     2.2148    185.379 -9.990e-29
   1102.250     -0.065    29.8615   0.349771     0.0220  -130.0000    16.4075 3.7777e+02     2.2139    185.858 -9.990e-29
   1102.500     -0.065    29.8602   0.326513    -0.0514  -110.0000    16.4075 1.1500e+03     2.2146    185.690 -9.990e-29
   1102.750     -0.065    29.8588   0.309378     0.0147  -570.0000    17.8237 4.4183e+02     2.2148    185.818 -9.990e-29
   1103.000     -0.066    29.8573   0.301250     0.1175 -1430.0000    17.8014 1.9572e+03     2.2150    186.179 -9.990e-29
   1103.250     -0.065    29.8558   0.292046     0.2644    60.0000    17.7903 1.9496e+03     2.2152    186.157 -9.990e-29
   1103.500     -0.066    29.8544   0.288576     0.0441  -520.0000    22.6973 1.5916e+03     2.2156    186.203 -9.990e-29
   1103.750     -0.065    29.8523   0.275867     0.2277  -550.0000    22.8124 7.3921e+02     2.2153    186.026 -9.990e-29
   1104.000     -0.068    29.8511   0.262330     0.0588  1280.0000    22.9308 1.3114e+03     2.2145    186.099 -9.990e-29
   1104.250     -0.068    29.8495   0.252244    -0.0514   860.0000    22.8910 3.9023e+02     2.2145    186.158 -9.990e-29
   1104.500     -0.070    29.8476   0.248374    -0.4701   480.0000    13.6815 1.7097e+03     2.2139    186.268 0.0000e+00
   1104.750     -0.068    29.8460   0.237043     0.2277 -2390.0000    13.6736 1.8181e+03     2.2136    186.208 -9.990e-29
   1105.000     -0.066    29.8443   0.226685     1.0210    30.0000    13.6815 1.4238e+03     2.2123    186.237 -9.990e-29
   1105.250     -0.066    29.8427   0.216407     0.0294  -270.0000    14.0405 1.8586e+03     2.2125    186.312 -9.990e-29
   1105.500     -0.066    29.8407   0.201926    -0.0367  -350.0000    14.0448 1.8055e+03     2.2124    186.410 -9.990e-29
   1105.750     -0.066    29.8394   0.194020    -0.0147   370.0000    14.0405 9.3598e+02     2.2109    186.359 -9.990e-29
   1106.000     -0.064    29.8376   0.187499     0.1102    60.0000    15.5747 1.5501e+03     2.2116    186.267 -9.990e-29
   1106.250     -0.068    29.8360   0.179703     0.0588  -110.0000    15.5715 1.3558e+03     2.2115    186.288 -9.990e-29
   1106.500     -0.070    29.8343   0.174768    -0.0955   -50.0000    15.5779 1.1678e+03     2.2122    186.344 -9.990e-29
   1106.750     -0.066    29.8329   0.169257     0.1983   -80.0000    29.8261 5.0394e+02     2.2132    186.327 -9.990e-29
   1107.000     -0.064    29.8309   0.163414    -0.4260   -80.0000    30.1782 4.4983e+02     2.2135    186.479 -9.990e-29
   1107.250     -0.066    29.8291   0.156959     0.1102    10.0000    30.4314 5.7902e+02     2.2141    186.435 -9.990e-29
   1107.500     -0.070    29.8278   0.151359     0.0147  -220.0000    55.2620 1.5364e+03     2.2136    186.580 -9.990e-29
   1107.750     -0.068    29.8260   0.145564    -0.4480 -2230.0000    55.2620 1.8255e+03     2.2136    186.687 -9.990e-29
   1108.000     -0.070    29.8245   0.139143    -0.1616   500.0000    55.2620 1.7985e+03     2.2138    186.768 -9.990e-29
   1108.250     -0.068    29.8228   0.132613     0.2791 -2230.0000    55.2620 6.1345e+02     2.2138    186.842 -9.990e-29
   1108.500     -0.066    29.8210   0.127329     0.0441  -730.0000    18.3999 1.7861e+03     2.2141    186.930 -9.990e-29
   1108.750     -0.072    29.8192   0.121140    -0.0441   390.0000    18.4063 4.7432e+02     2.2138    186.939 0.0000e+00
   1109.000     -0.070    29.8174   0.117941     0.0735  -350.0000    18.4063 5.1107e+02     2.2141    186.834 -9.990e-29
   1109.250     -0.070    29.8157   0.119026     0.1175  -240.0000    20.7350 1.5368e+03     2.2138    186.822 -9.990e-29
   1109.500     -0.064    29.8140   0.122971    -0.1396  -840.0000    20.7005 6.7954e+02     2.2142    186.701 -9.990e-29
   1109.750     -0.066    29.8121   0.122971     0.1028  -110.0000    20.6890 1.8224e+03     2.2159    186.638 -9.990e-29
   1110.000     -0.070    29.8104   0.128899    -0.0220   230.0000    11.6023 1.8866e+03     2.2157    186.418 -9.990e-29
   1110.250     -0.066    29.8089   0.132259     0.7712   250.0000    11.5965 4.5453e+02     2.2167    186.394 -9.990e-29
   1110.500     -0.070    29.8071   0.141021    -0.1616   390.0000    11.6047 1.8299e+03     2.2167    186.339 -9.990e-29
   1110.750     -0.068    29.8054   0.142267     0.0588   670.0000    11.6059 4.6096e+02     2.2183    186.152 -9.990e-29
   1111.000     -0.068    29.8034   0.144768    -0.1469 -1040.0000    20.0848 1.8303e+03     2.2208    186.250 -9.990e-29
   1111.250     -0.068    29.8015   0.161277     0.0367 -4940.0000    20.0750 1.8486e+03     2.2215    186.171 -9.990e-29
   1111.500     -0.068    29.7992   0.174009     0.8594  3020.0000    20.1046 1.8196e+03     2.2214    186.239 -9.990e-29
   1111.750     -0.070    29.7970   0.156940    -0.4260 -5330.0000    19.6035 1.8366e+03     2.2212    186.507 -9.990e-29
   1112.000     -0.070    29.7949   0.151462     0.1175  -350.0000    19.5860 1.6201e+03     2.2193    186.648 -9.990e-29
   1112.250     -0.072    29.7925   0.144496    -0.9255   370.0000    19.6035 3.9739e+02     2.2180    186.805 -9.990e-29
   1112.500     -0.068    29.7906   0.144659     0.0367  -760.0000    10.8028 4.4905e+02     2.2182    186.792 -9.990e-29
   1112.750     -0.070    29.7882   0.142037     0.1322   230.0000    10.8038 1.8968e+03     2.2167    186.835 -9.990e-29
   1113.000     -0.068    29.7860   0.135390    -0.3893    10.0000    10.8096 6.3341e+02     2.2170    186.863 -9.990e-29
   1113.250     -0.064    29.7841   0.133778     0.1763  -590.0000    22.1670 4.2184e+02     2.2182    186.856 -9.990e-29
   1113.500     -0.066    29.7817   0.126396     0.0735    60.0000    22.0689 1.9191e+03     2.2180    186.910 -9.990e-29
   1113.750     -0.068    29.7795   0.124655    -0.0808  -700.0000    22.2846 1.8362e+03     2.2189    186.847 -9.990e-29
   1114.000     -0.066    29.7772   0.122749    -0.0073  -380.0000    11.1414 1.9713e+03     2.2171    186.890 -9.990e-29
   1114.250     -0.072    29.7752   0.123145     0.0881    60.0000    11.1320 1.9387e+03     2.2185    186.861 -9.990e-29
   1114.500     -0.066    29.7728   0.140740     0.0220  -350.0000    11.1372 1.9966e+03     2.2180    186.842 -9.990e-29
