cruises/P45_06/L2/CTD/Loop_Edit/P45_06_CTD_05_loop.cnv
* Sea-Bird SBE19plus  Data File:
* FileName = C:\Users\OA_2023-03\Desktop\Bathymetry\ctd_casts\proble cast 2002.hex
* Software version 2.3.0 SB_Terminal.dll
* Temperature SN = 8460
* Conductivity SN = 8460
* System UpLoad Time = Apr 16 2026 17:52:48
* <ApplicationData>
* <SeatermAF>
# nquan = 11
# nvalues = 5576                        
# units = specified
# name 0 = timeS: Time, Elapsed [seconds]
# name 1 = prdM: Pressure, Strain Gauge [db]
# name 2 = tv290C: Temperature [ITS-90, deg C]
# name 3 = c0S/m: Conductivity [S/m]
# name 4 = flECO-AFL: Fluorescence, WET Labs ECO-AFL/FL [mg/m^3]
# name 5 = flECO-AFL1: Fluorescence, WET Labs ECO-AFL/FL, 2 [mg/m^3]
# name 6 = CStarAt0: Beam Attenuation, WET Labs C-Star [1/m]
# name 7 = par/sat/log: PAR/Logarithmic, Satlantic [umol photons/m^2/sec]
# name 8 = sbeox0V: Oxygen raw, SBE 43 [V]
# name 9 = sbeox0Mm/L: Oxygen, SBE 43 [umol/l]
# name 10 = flag:  0.000e+00
# span 0 =      0.000,   1393.750       
# span 1 =     -0.125,     73.964       
# span 2 =    18.3364,    29.4507       
# span 3 =  -0.251727,   5.807033       
# span 4 =    -4.8477,     4.4584       
# span 5 =-85630.0000, 35270.0000       
# span 6 =     0.0545,    22.7930       
# span 7 = 1.1792e-01, 2.9764e+02       
# span 8 =     1.4314,     2.5962       
# span 9 =     97.389,    201.906       
# span 10 = 0.0000e+00, 0.0000e+00      
# interval = seconds: 0.25
# start_time = Apr 16 2026 17:14:45 [Instrument's time stamp, header]
# bad_flag = -9.990e-29
*END*
[from data line 656]
    164.000     -0.116    28.3384   0.005217    -0.0220   -50.0000     0.7815 1.8254e+02     2.2477    196.508 -9.990e-29
    164.250     -0.115    28.3381   0.005172    -0.0514   -20.0000     0.7815 1.8246e+02     2.2483    196.430 -9.990e-29
    164.500     -0.115    28.3384   0.005190    -0.0220  -300.0000     0.8147 1.7786e+02     2.2483    196.358 -9.990e-29
    164.750     -0.116    28.3385   0.005232     0.0000    60.0000     0.8140 1.1280e+02     2.2491    196.188 -9.990e-29
    165.000     -0.115    28.3386   0.005310    -0.0220  -270.0000     0.8150 9.9954e+01     2.2491    196.176 -9.990e-29
    165.250     -0.118    28.3388   0.005439     0.0000  -160.0000     0.8155 1.0006e+02     2.2494    196.255 -9.990e-29
    165.500     -0.116    28.3388   0.005571    -0.0073  -110.0000     0.9242 1.0352e+02     2.2502    196.249 -9.990e-29
    165.750     -0.118    28.3389   0.005742    -0.0147  -240.0000     0.9238 1.0530e+02     2.2502    196.293 -9.990e-29
    166.000     -0.115    28.3388   0.005862    -0.0220   -80.0000     0.9237 1.0640e+02     2.2502    196.404 -9.990e-29
    166.250     -0.116    28.3392   0.005904    -0.0294    10.0000     5.1402 1.0946e+02     2.2502    196.549 -9.990e-29
    166.500     -0.118    28.3390   0.005943    -0.0147   -20.0000     5.1407 1.1278e+02     2.2506    196.617 -9.990e-29
    166.750     -0.116    28.3391   0.005889    -0.0147  -130.0000     5.1393 1.6091e+02     2.2514    196.764 -9.990e-29
    167.000     -0.116    28.3391   0.005769    -0.0367    10.0000     1.1742 1.9037e+02     2.2503    196.809 -9.990e-29
    167.250     -0.113    28.3391   0.005610     0.0000    10.0000     1.1738 1.9728e+02     2.2501    196.819 -9.990e-29
    167.500     -0.116    28.3395   0.005484    -0.0220  -110.0000     1.1742 1.9861e+02     2.2506    196.840 -9.990e-29
    167.750     -0.116    28.3394   0.005385    -0.0073    30.0000     0.8653 1.8710e+02     2.2504    196.649 -9.990e-29
    168.000     -0.118    28.3397   0.005346    -0.0220    90.0000     0.8659 1.8101e+02     2.2509    196.619 -9.990e-29
    168.250     -0.115    28.3399   0.005376    -0.0367   -80.0000     0.8659 1.7274e+02     2.2499    196.498 -9.990e-29
    168.500     -0.115    28.3399   0.005457    -0.0514    60.0000     0.5386 1.6719e+02     2.2498    196.382 -9.990e-29
    168.750     -0.116    28.3399   0.005562    -0.0367  -300.0000     0.5381 1.1853e+02     2.2504    196.380 -9.990e-29
    169.000     -0.115    28.3399   0.005622    -0.0220    90.0000     0.5389 1.1559e+02     2.2502    196.256 -9.990e-29
    169.250     -0.116    28.3410   0.005658     0.0000  -130.0000     1.7182 1.1529e+02     2.2499    196.335 -9.990e-29
    169.500     -0.118    28.3388   0.005685    -0.0220   -50.0000     1.7182 1.1672e+02     2.2504    196.359 -9.990e-29
    169.750     -0.116    28.3404   0.005655     0.0073  -240.0000     1.7183 1.4767e+02     2.2496    196.504 -9.990e-29
    170.000     -0.115    28.3404   0.005748    -0.0514    30.0000     1.8003 1.8152e+02     2.2499    196.541 -9.990e-29
    170.250     -0.115    28.3402   0.005790    -0.0220    30.0000     1.7991 1.8038e+02     2.2500    196.615 -9.990e-29
    170.500     -0.116    28.3402   0.005817    -0.0073   -80.0000     1.7987 1.8445e+02     2.2499    196.759 -9.990e-29
    170.750     -0.115    28.3405   0.005829    -0.0367    10.0000     0.9698 1.8926e+02     2.2501    196.781 -9.990e-29
    171.000     -0.115    28.3405   0.005835     0.0220  -220.0000     0.4347 1.8771e+02     2.2501    196.789 -9.990e-29
    171.250     -0.116    28.3405   0.005835    -0.0367  -160.0000     0.4350 1.8975e+02     2.2496    196.765 -9.990e-29
    171.500     -0.116    28.3408   0.005844    -0.0220   140.0000     0.4353 1.8815e+02     2.2501    196.811 -9.990e-29
    171.750     -0.115    28.3407   0.005877    -0.0955   -50.0000     0.8523 1.8795e+02     2.2508    196.897 -9.990e-29
    172.000     -0.115    28.3410   0.005922    -0.0147   -50.0000     0.8524 1.8832e+02     2.2501    196.749 -9.990e-29
    172.250     -0.116    28.3408   0.005961     0.0220  -330.0000     0.8525 1.8617e+02     2.2501    196.684 -9.990e-29
    172.500     -0.115    28.3416   0.005955    -0.0220  -220.0000     1.0730 1.8678e+02     2.2502    196.723 -9.990e-29
    172.750     -0.115    28.3411   0.005895    -0.0073   250.0000     1.0722 1.8505e+02     2.2499    196.691 -9.990e-29
    173.000     -0.120    28.3411   0.005718    -0.0588  -470.0000     1.0724 1.8337e+02     2.2502    196.755 -9.990e-29
    173.250     -0.118    28.3411   0.005649    -0.0294  -240.0000     0.7491 1.8042e+02     2.2511    196.617 -9.990e-29
    173.500     -0.115    28.3412   0.005496    -0.0147  -240.0000     0.7485 1.7972e+02     2.2503    196.570 -9.990e-29
    173.750     -0.118    28.3408   0.005370    -0.0147   -50.0000     0.7489 1.8337e+02     2.2507    196.644 -9.990e-29
    174.000     -0.115    28.3419   0.005292    -0.0367  -110.0000     0.3966 1.8429e+02     2.2506    196.654 -9.990e-29
    174.250     -0.118    28.3418   0.005259    -0.0367   120.0000     0.3968 1.8266e+02     2.2510    196.611 -9.990e-29
    174.500     -0.116    28.3416   0.005292    -0.0441   -20.0000     0.3971 1.8302e+02     2.2512    196.657 -9.990e-29
    174.750     -0.115    28.3418   0.005310    -0.0514  -160.0000     0.3365 1.2334e+02     2.2510    196.564 -9.990e-29
    175.000     -0.113    28.3418   0.005319    -0.0294   -50.0000     0.3365 1.1288e+02     2.2518    196.600 -9.990e-29
    175.250     -0.113    28.3421   0.005304    -0.0441   -80.0000     0.3366 1.0979e+02     2.2516    196.632 -9.990e-29
    175.500     -0.116    28.3421   0.005265    -0.0220   120.0000     0.6274 1.0833e+02     2.2519    196.618 -9.990e-29
    175.750     -0.116    28.3422   0.005223    -0.0588  -160.0000     0.6270 1.0758e+02     2.2509    196.627 -9.990e-29
    176.000     -0.118    28.3416   0.005178    -0.0441   -20.0000     0.6277 1.0626e+02     2.2508    196.639 -9.990e-29
    176.250     -0.115    28.3426   0.005163    -0.0220   120.0000     0.6822 1.0480e+02     2.2495    196.583 -9.990e-29
    176.500     -0.115    28.3421   0.005178    -0.0147   -20.0000     0.6820 1.0300e+02     2.2496    196.640 -9.990e-29
    176.750     -0.118    28.3424   0.005226     0.0000  -160.0000     0.6815 1.0137e+02     2.2503    196.750 -9.990e-29
    177.000     -0.116    28.3428   0.005319     0.0000   -50.0000     0.6819 9.9975e+01     2.2499    196.662 -9.990e-29
    177.250     -0.115    28.3430   0.005343    -0.0220  -160.0000     0.4344 9.8857e+01     2.2512    196.656 -9.990e-29
    177.500     -0.117    28.3432   0.005385     0.0220  -190.0000     0.4339 9.8154e+01     2.2511    196.674 -9.990e-29
    177.750     -0.117    28.3434   0.005418    -0.0073    30.0000     0.4342 1.0476e+02     2.2523    196.627 -9.990e-29
    178.000     -0.115    28.3429   0.005436     0.0000    10.0000     0.5473 1.1346e+02     2.2524    196.653 -9.990e-29
    178.250     -0.115    28.3427   0.005463    -0.0881    30.0000     0.5467 1.0703e+02     2.2526    196.781 -9.990e-29
    178.500     -0.115    28.3435   0.005496    -0.0367    60.0000     0.5472 9.4712e+01     2.2521    196.678 -9.990e-29
    178.750     -0.117    28.3439   0.005562    -0.0441  -130.0000     0.3724 9.6282e+01     2.2530    196.725 -9.990e-29
    179.000     -0.117    28.3437   0.005649     0.0147    10.0000     0.3726 1.0247e+02     2.2518    196.733 -9.990e-29
    179.250     -0.118    28.3437   0.005715     0.0000  -130.0000     0.3726 1.0784e+02     2.2518    196.783 -9.990e-29
    179.500     -0.113    28.3438   0.005736    -0.0514   200.0000     0.7160 9.9608e+01     2.2508    196.818 -9.990e-29
    179.750     -0.115    28.3441   0.005703    -0.0220  -130.0000     0.7158 1.6443e+02     2.2511    196.791 -9.990e-29
    180.000     -0.118    28.3439   0.005610    -0.0367   -50.0000     0.7160 1.0652e+02     2.2515    196.893 -9.990e-29
    180.250     -0.115    28.3444   0.005469    -0.0441  -110.0000     0.4843 1.0810e+02     2.2512    196.862 -9.990e-29
    180.500     -0.115    28.3444   0.005331    -0.0294    30.0000     0.4839 1.0758e+02     2.2514    196.923 -9.990e-29
    180.750     -0.115    28.3445   0.005211    -0.0220    30.0000     0.4844 1.0408e+02     2.2515    196.775 -9.990e-29
    181.000     -0.118    28.3446   0.005139    -0.0220   -50.0000     0.5041 1.0292e+02     2.2524    196.730 -9.990e-29
    181.250     -0.113    28.3446   0.005139     0.0220   -20.0000     0.5048 1.0218e+02     2.2531    196.515 -9.990e-29
    181.500     -0.115    28.3446   0.005226     0.0000    90.0000     0.5043 1.0904e+02     2.2526    196.479 -9.990e-29
    181.750     -0.117    28.3449   0.005379    -0.0220   -50.0000     0.8652 1.1650e+02     2.2534    196.558 -9.990e-29
    182.000     -0.113    28.3451   0.005562     0.0220  -110.0000     0.8652 1.7316e+02     2.2532    196.496 -9.990e-29
    182.250     -0.117    28.3450   0.005691    -0.0367    90.0000     0.8652 1.7710e+02     2.2531    196.684 -9.990e-29
    182.500     -0.113    28.3452   0.005730    -0.0220  -130.0000     3.6867 1.7779e+02     2.2525    196.720 -9.990e-29
    182.750     -0.115    28.3452   0.005682     0.0000   -20.0000     3.6868 1.1008e+02     2.2520    196.951 -9.990e-29
    183.000     -0.115    28.3454   0.005622    -0.0588  -220.0000     3.6868 9.7392e+01     2.2520    197.017 -9.990e-29
    183.250     -0.115    28.3454   0.005505     0.0220  -300.0000     3.6871 9.6699e+01     2.2512    197.093 -9.990e-29
    183.500     -0.117    28.3454   0.005385    -0.0147   -80.0000     0.6776 1.0408e+02     2.2514    197.011 -9.990e-29
    183.750     -0.113    28.3456   0.005265    -0.0220  -240.0000     0.6776 1.1425e+02     2.2509    197.104 -9.990e-29
    184.000     -0.117    28.3457   0.005193    -0.0147  -190.0000     0.6774 1.0758e+02     2.2504    196.935 -9.990e-29
    184.250     -0.115    28.3457   0.005178    -0.0220    90.0000     0.9190 1.0446e+02     2.2509    196.861 -9.990e-29
    184.500     -0.117    28.3456   0.005211    -0.0147   -20.0000     0.9190 1.0492e+02     2.2518    196.685 -9.990e-29
    184.750     -0.113    28.3461   0.005298    -0.0367   120.0000     0.9190 1.0562e+02     2.2529    196.665 -9.990e-29
    185.000     -0.117    28.3460   0.005418    -0.0220    90.0000     0.8615 1.0455e+02     2.2525    196.716 -9.990e-29
    185.250     -0.115    28.3461   0.005556     0.0000  -240.0000     0.8615 1.0386e+02     2.2533    196.666 -9.990e-29
    185.500     -0.115    28.3460   0.005682    -0.0147  -270.0000     0.8615 1.0413e+02     2.2531    196.711 -9.990e-29
    185.750     -0.113    28.3462   0.005778    -0.0367  -160.0000     2.9541 1.0401e+02     2.2533    196.740 -9.990e-29
    186.000     -0.117    28.3462   0.006141    -0.0220    60.0000     2.9541 1.0137e+02     2.2524    196.904 -9.990e-29
    186.250     -0.115    28.3462   0.006249    -0.0147    60.0000     2.9542 1.0576e+02     2.2526    197.045 -9.990e-29
    186.500     -0.115    28.3465   0.006213    -0.0220   -80.0000     0.9629 1.0714e+02     2.2510    197.015 -9.990e-29
    186.750     -0.118    28.3463   0.005802    -0.0147   120.0000     0.9624 1.1497e+02     2.2509    197.115 -9.990e-29
    187.000     -0.118    28.3461   0.005538    -0.0147  -130.0000     0.9625 1.2555e+02     2.2521    197.099 -9.990e-29
    187.250     -0.118    28.3465   0.005193    -0.0367  -300.0000     0.3345 1.3006e+02     2.2515    197.081 -9.990e-29
    187.500     -0.115    28.3467   0.005025    -0.0220  -110.0000     0.3346 2.7954e+02     2.2512    196.971 -9.990e-29
    187.750     -0.118    28.3473   0.004873    -0.0514  1060.0000     0.3341 2.9495e+02     2.2516    196.863 -9.990e-29
    188.000     -0.117    28.3471   0.004786     0.0073  -130.0000     0.9350 2.9764e+02     2.2523    196.808 -9.990e-29
    188.250     -0.117    28.3472   0.004807    -0.0588  -190.0000     0.9360 2.2298e+02     2.2525    196.658 -9.990e-29
    188.500     -0.111    28.3477   0.004732    -0.0735   170.0000     0.9355 1.6259e+02     2.2527    196.674 -9.990e-29
    188.750     -0.115    28.3483   0.004834    -0.1102 -6020.0000     1.7724 1.5527e+02     2.2533    196.590 -9.990e-29
    189.000     -0.115    28.3486   0.005532     0.1763 35270.0000     1.7729 1.4953e+02     2.2532    196.517 -9.990e-29
    189.250     -0.117    28.3488   0.005583    -0.1249   840.0000     1.7730 1.7622e+02     2.2528    196.597 -9.990e-29
    189.500     -0.118    28.3490   0.005538    -0.0367  -270.0000     1.7730 1.7048e+02     2.2531    196.746 -9.990e-29
    189.750     -0.113    28.3489   0.005379    -0.0147    90.0000     4.7158 2.0383e+02     2.2525    196.949 -9.990e-29
    190.000     -0.115    28.3492   0.005238     0.0073   -80.0000     4.7153 1.8820e+02     2.2525    196.950 -9.990e-29
    190.250     -0.118    28.3492   0.005037    -0.0294  -350.0000     4.7168 2.0802e+02     2.2522    197.100 -9.990e-29
    190.500     -0.115    28.3489   0.004774     0.0000   -80.0000     0.3568 1.4194e+02     2.2526    197.093 -9.990e-29
    190.750     -0.117    28.3492   0.004642    -0.0147   -80.0000     0.3568 2.3009e+02     2.2525    197.139 -9.990e-29
    191.000     -0.115    28.3487   0.004507    -0.0220 -1370.0000     0.3574 2.5339e+02     2.2528    197.003 -9.990e-29
    191.250     -0.117    28.3487   0.004354    -0.0073 10730.0000     2.5810 2.7564e+02     2.2531    196.974 -9.990e-29
    191.500     -0.113    28.3487   0.004261    -0.0367  -270.0000     2.5805 2.6667e+02     2.2526    196.699 -9.990e-29
    191.750     -0.113    28.3488   0.004180     0.0073  -330.0000     2.5797 2.4319e+02     2.2525    196.621 -9.990e-29
    192.000     -0.115    28.3484   0.004148    -0.0220  -130.0000     1.1113 1.8227e+02     2.2528    196.757 -9.990e-29
    192.250     -0.117    28.3484   0.004162    -0.0294  -220.0000     1.1108 1.5942e+02     2.2518    196.680 -9.990e-29
    192.500     -0.115    28.3483   0.004234    -0.0367    30.0000     1.1109 1.8152e+02     2.2528    196.654 -9.990e-29
    192.750     -0.118    28.3483   0.004414    -0.0294  -300.0000     1.6342 1.7530e+02     2.2528    196.722 -9.990e-29
    193.000     -0.117    28.3484   0.004573    -0.0514  2780.0000     1.6340 2.2140e+02     2.2534    196.860 -9.990e-29
    193.250     -0.117    28.3486   0.004615    -0.0514 -1980.0000     1.6332 2.4387e+02     2.2530    196.929 -9.990e-29
    193.500     -0.117    28.3484   0.004615    -0.0220    10.0000     0.3116 2.5208e+02     2.2540    196.999 -9.990e-29
    193.750     -0.115    28.3483   0.004639    -0.0147  -330.0000     0.3116 2.1826e+02     2.2542    197.083 -9.990e-29
    194.000     -0.115    28.3484   0.004567    -0.0073    30.0000     0.3113 1.9694e+02     2.2540    197.071 -9.990e-29
    194.250     -0.117    28.3486   0.004459     0.0220   170.0000     0.2593 1.9891e+02     2.2538    197.036 -9.990e-29
    194.500     -0.115    28.3487   0.004480    -0.0367   -20.0000     0.2593 2.0300e+02     2.2541    197.053 -9.990e-29
    194.750     -0.117    28.3488   0.004534     0.0000  3940.0000     0.2593 2.3768e+02     2.2537    196.948 -9.990e-29
    195.000     -0.115    28.3487   0.004507     0.0000  5680.0000     0.4201 2.3990e+02     2.2531    196.908 -9.990e-29
    195.250     -0.117    28.3484   0.004588    -0.0073  -160.0000     0.4201 2.3732e+02     2.2532    196.842 -9.990e-29
    195.500     -0.117    28.3486   0.004666    -0.0294  -220.0000     0.4206 2.0008e+02     2.2521    196.873 -9.990e-29
    195.750     -0.118    28.3489   0.004606    -0.0220  -240.0000     0.4201 2.1340e+02     2.2532    196.856 -9.990e-29
    196.000     -0.117    28.3488   0.004600    -0.0220   -50.0000     0.4818 1.9144e+02     2.2540    196.910 -9.990e-29
    196.250     -0.117    28.3492   0.004633    -0.0147    10.0000     0.4818 1.7561e+02     2.2551    196.972 -9.990e-29
