cruises/P45_06/L2/CTD/Loop_Edit/P45_06_CTD_07_loop.cnv
* Sea-Bird SBE19plus  Data File:
* FileName = C:\Users\OA_2023-03\Desktop\Bathymetry\ctd_casts\J1_17_04_2026003.hex
* Software version 2.3.0 SB_Terminal.dll
* Temperature SN = 8460
* Conductivity SN = 8460
* System UpLoad Time = Apr 17 2026 12:58:15
* <ApplicationData>
* <SeatermAF>
# nquan = 11
# nvalues = 3956                        
# units = specified
# name 0 = timeS: Time, Elapsed [seconds]
# name 1 = prdM: Pressure, Strain Gauge [db]
# name 2 = tv290C: Temperature [ITS-90, deg C]
# name 3 = c0S/m: Conductivity [S/m]
# name 4 = flECO-AFL: Fluorescence, WET Labs ECO-AFL/FL [mg/m^3]
# name 5 = flECO-AFL1: Fluorescence, WET Labs ECO-AFL/FL, 2 [mg/m^3]
# name 6 = CStarAt0: Beam Attenuation, WET Labs C-Star [1/m]
# name 7 = par/sat/log: PAR/Logarithmic, Satlantic [umol photons/m^2/sec]
# name 8 = sbeox0V: Oxygen raw, SBE 43 [V]
# name 9 = sbeox0Mm/L: Oxygen, SBE 43 [umol/l]
# name 10 = flag:  0.000e+00
# span 0 =      0.000,    988.750       
# span 1 =     -0.056,     49.537       
# span 2 =    20.3079,    30.1953       
# span 3 =  -0.163806,   5.859566       
# span 4 =   -26.8607,    29.9382       
# span 5 = -1.950e+05, 40750.0000       
# span 6 =    -0.1104,    55.2620       
# span 7 = 1.8115e+01, 3.4716e+03       
# span 8 =     1.6264,     2.8041       
# span 9 =    100.339,    246.121       
# span 10 = 0.0000e+00, 0.0000e+00      
# interval = seconds: 0.25
# start_time = Apr 17 2026 12:04:27 [Instrument's time stamp, header]
# bad_flag = -9.990e-29
*END*
[from data line 1968]
    492.000     11.000    29.4122   5.823122     0.0220   170.0000     0.0844 1.4700e+02     2.2319    165.433 -9.990e-29
    492.250     11.065    29.4348   5.826871     0.0441   200.0000     0.0847 1.5386e+02     2.2078    168.493 -9.990e-29
    492.500     11.069    29.4526   5.828142     0.0441   120.0000     0.0850 1.5956e+02     2.1839    169.429 -9.990e-29
    492.750     11.009    29.4631   5.828552     0.0441   120.0000     0.0844 1.6102e+02     2.1617    169.153 -9.990e-29
    493.000     10.896    29.4672   5.827580     0.0367   140.0000     0.0843 1.6305e+02     2.1419    167.892 -9.990e-29
    493.250     10.758    29.4543   5.826570     0.0441    60.0000     0.0844 1.6745e+02     2.1242    166.130 -9.990e-29
    493.500     10.627    29.4295   5.824541     0.0441   200.0000     0.0841 1.6876e+02     2.1086    163.276 -9.990e-29
    493.750     10.534    29.4081   5.819869     0.0588   140.0000     0.0841 1.6586e+02     2.0923    159.817 -9.990e-29
    494.000     10.489    29.3935   5.817771     0.0588    60.0000     0.0841 1.6105e+02     2.0743    157.629 -9.990e-29
    494.250     10.489    29.3836   5.817771     0.0294   170.0000     0.0845 1.5757e+02     2.0576    157.836 -9.990e-29
    494.500     10.516    29.3832   5.820651     0.0294  -160.0000     0.0841 1.5594e+02     2.0431    160.108 -9.990e-29
    494.750     10.564    29.3990   5.822261     0.0220    60.0000     0.0838 1.5467e+02     2.0300    163.019 -9.990e-29
    495.000     10.620    29.4165   5.823232     0.0147    90.0000     0.0839 1.5524e+02     2.0178    165.007 -9.990e-29
    495.250     10.667    29.4319   5.824392     0.0441   200.0000     0.0839 1.5692e+02     2.0076    165.592 -9.990e-29
    495.500     10.698    29.4419   5.825742     0.0294   120.0000     0.0854 1.5825e+02     2.0073    165.789 -9.990e-29
    495.750     10.725    29.4460   5.825670     0.0441    30.0000     0.0854 1.5764e+02     2.0158    166.152 -9.990e-29
    496.000     10.745    29.4463   5.823870     0.0294   230.0000     0.0849 1.5815e+02     2.0252    165.655 -9.990e-29
    496.250     10.760    29.4453   5.822710     0.0367    10.0000     0.0852 1.5679e+02     2.0391    163.997 -9.990e-29
    496.500     10.769    29.4439   5.822371     0.0441    30.0000     0.0847 1.5588e+02     2.0501    161.157 -9.990e-29
    496.750     10.765    29.4430   5.822371     0.0441   170.0000     0.0851 1.5922e+02     2.0516    157.715 -9.990e-29
    497.000     10.756    29.4426   5.822971     0.0367   140.0000     0.0839 1.6116e+02     2.0445    154.447 -9.990e-29
    497.250     10.742    29.4422   5.823010     0.0220   140.0000     0.0844 1.6074e+02     2.0387    151.146 -9.990e-29
    497.500     10.725    29.4407   5.822371     0.0220   120.0000     0.0844 1.5966e+02     2.0487    147.820 -9.990e-29
    497.750     10.714    29.4358   5.822221     0.0367   -80.0000     0.0838 1.5866e+02     2.0616    144.745 -9.990e-29
    498.000     10.720    29.4263   5.821961     0.0441   -20.0000     0.0845 1.5798e+02     2.0735    142.245 -9.990e-29
    498.250     10.740    29.4197   5.821740     0.0367   170.0000     0.0845 1.5581e+02     2.0866    140.377 -9.990e-29
    498.500     10.771    29.4145   5.822000     0.0294    90.0000     0.0848 1.5635e+02     2.0981    139.096 -9.990e-29
    498.750     10.802    29.4159   5.823350     0.0367    10.0000     0.0839 1.5490e+02     2.1022    137.937 -9.990e-29
    499.000     10.825    29.4280   5.824731     0.0220   200.0000     0.0843 1.5297e+02     2.1015    136.612 -9.990e-29
    499.250     10.833    29.4435   5.825371     0.0367   250.0000     0.0841 1.5323e+02     2.1016    135.400 -9.990e-29
    499.500     10.823    29.4544   5.825442     0.0441   120.0000     0.0847 1.5662e+02     2.0957    134.357 -9.990e-29
    499.750     10.792    29.4585   5.824999     0.0441    10.0000     0.0842 1.5977e+02     2.0852    133.407 -9.990e-29
    500.000     10.753    29.4603   5.823499     0.0441   250.0000     0.0852 1.6206e+02     2.0724    132.508 -9.990e-29
    500.250     10.714    29.4528   5.822521     0.0588   -20.0000     0.0847 1.6308e+02     2.0658    131.835 -9.990e-29
    500.500     10.680    29.4374   5.822489     0.0441   120.0000     0.0821 1.6256e+02     2.0681    132.294 -9.990e-29
    500.750     10.662    29.4232   5.822110     0.0294   140.0000     0.0819 1.6043e+02     2.0717    133.950 -9.990e-29
    501.000     10.667    29.4124   5.821590     0.0220   200.0000     0.0821 1.5825e+02     2.0696    135.969 -9.990e-29
    501.250     10.682    29.4061   5.822600     0.0220  -130.0000     0.0838 1.5757e+02     2.0606    138.555 -9.990e-29
    501.500     10.698    29.4168   5.823942     0.0367   230.0000     0.0836 1.5699e+02     2.0484    140.846 -9.990e-29
    501.750     10.712    29.4343   5.824731     0.0441   140.0000     0.0839 1.5764e+02     2.0396    141.959 -9.990e-29
    502.000     10.709    29.4478   5.824810     0.0441    10.0000     0.0835 1.5856e+02     2.0410    141.712 -9.990e-29
    502.250     10.687    29.4558   5.824810     0.0441   140.0000     0.0835 1.6123e+02     2.0430    141.073 -9.990e-29
    502.500     10.662    29.4593   5.824241     0.0441    90.0000     0.0833 1.6404e+02     2.0419    141.722 -9.990e-29
    502.750     10.629    29.4553   5.822781     0.0367   200.0000     0.0841 1.6522e+02     2.0392    142.691 -9.990e-29
    503.000     10.600    29.4418   5.822110     0.0367    60.0000     0.0872 1.6266e+02     2.0432    143.774 -9.990e-29
    503.250     10.592    29.4246   5.821921     0.0441   -80.0000     0.0873 1.6025e+02     2.0479    145.184 -9.990e-29
    503.500     10.620    29.4103   5.820311     0.0441    60.0000     0.0872 1.5839e+02     2.0477    146.762 -9.990e-29
    503.750     10.672    29.3995   5.819231     0.0220   200.0000     0.0845 1.5723e+02     2.0422    147.732 -9.990e-29
    504.000     10.758    29.3926   5.819121     0.0367    60.0000     0.0844 1.5443e+02     2.0393    148.006 -9.990e-29
    504.250     10.860    29.3898   5.820880     0.0588   120.0000     0.0843 1.5031e+02     2.0394    147.889 -9.990e-29
    504.500     10.963    29.4038   5.822601     0.0220    60.0000     0.0873 1.4754e+02     2.0412    146.642 -9.990e-29
    504.750     11.049    29.4236   5.823651     0.0294   200.0000     0.0874 1.4776e+02     2.0413    144.722 -9.990e-29
    505.000     11.114    29.4412   5.824061     0.0367   140.0000     0.0874 1.5070e+02     2.0506    142.434 -9.990e-29
    505.250     11.141    29.4554   5.824242     0.0441   170.0000     0.0874 1.5274e+02     2.0596    140.830 -9.990e-29
    505.500     11.123    29.4636   5.824171     0.0514    90.0000     0.0829 1.5403e+02     2.0619    140.470 -9.990e-29
    505.750     11.070    29.4658   5.823720     0.0441   200.0000     0.0835 1.5665e+02     2.0581    140.706 -9.990e-29
    506.000     10.974    29.4650   5.822560     0.0367    90.0000     0.0833 1.5932e+02     2.0535    140.629 -9.990e-29
    506.250     10.856    29.4614   5.821700     0.0441    90.0000     0.0836 1.6213e+02     2.0550    139.905 -9.990e-29
    506.500     10.723    29.4493   5.821289     0.0147   120.0000     0.0835 1.6554e+02     2.0624    138.836 -9.990e-29
    506.750     10.594    29.4338   5.821471     0.0441    30.0000     0.0837 1.6821e+02     2.0796    138.030 -9.990e-29
    507.000     10.483    29.4168   5.820461     0.0220   120.0000     0.0841 1.6799e+02     2.1108    138.224 -9.990e-29
    507.250     10.405    29.4020   5.818891     0.0367   200.0000     0.0842 1.6564e+02     2.1490    138.432 -9.990e-29
    507.500     10.369    29.3916   5.817960     0.0367    60.0000     0.0848 1.6242e+02     2.1839    138.304 -9.990e-29
    507.750     10.374    29.3847   5.817582     0.0220   120.0000     0.0874 1.5984e+02     2.2012    138.158 -9.990e-29
    508.000     10.425    29.3804   5.817811     0.0441    30.0000     0.0872 1.5784e+02     2.2032    138.937 -9.990e-29
    508.250     10.514    29.3767   5.818561     0.0294   170.0000     0.0871 1.5413e+02     2.2044    139.969 -9.990e-29
    508.500     10.632    29.3739   5.819421     0.0073   200.0000     0.0872 1.4921e+02     2.2040    140.425 -9.990e-29
    508.750     10.758    29.3741   5.820352     0.0514   170.0000     0.0828 1.4675e+02     2.1955    140.024 -9.990e-29
    509.000     10.892    29.3887   5.821331     0.0514   120.0000     0.0825 1.4741e+02     2.1820    139.593 -9.990e-29
    509.250     10.992    29.4115   5.822491     0.0588   170.0000     0.0825 1.5198e+02     2.1675    139.483 -9.990e-29
    509.500     11.065    29.4314   5.822601     0.0220   310.0000     0.0831 1.5757e+02     2.1512    139.597 -9.990e-29
    509.750     11.090    29.4459   5.822932     0.0367    10.0000     0.0825 1.5887e+02     2.1353    139.529 -9.990e-29
    510.000     11.065    29.4523   5.823121     0.0294    60.0000     0.0833 1.5842e+02     2.1224    140.434 -9.990e-29
    510.250     10.983    29.4526   5.823010     0.0441   250.0000     0.0849 1.5866e+02     2.1122    141.550 -9.990e-29
    510.500     10.867    29.4516   5.821811     0.0220    60.0000     0.0850 1.6168e+02     2.1077    142.146 -9.990e-29
    510.750     10.729    29.4422   5.820603     0.0367   140.0000     0.0851 1.6486e+02     2.1063    142.054 -9.990e-29
    511.000     10.596    29.4226   5.820280     0.0367    90.0000     0.0852 1.6615e+02     2.1086    141.584 -9.990e-29
    511.250     10.507    29.4034   5.817960     0.0220    90.0000     0.0856 1.6450e+02     2.1182    141.605 -9.990e-29
    511.500     10.465    29.3888   5.816611     0.0367    60.0000     0.0858 1.6273e+02     2.1306    142.257 -9.990e-29
    511.750     10.485    29.3804   5.816202     0.0294    10.0000     0.0861 1.5922e+02     2.1355    144.092 -9.990e-29
    512.000     10.547    29.3738   5.816991     0.0220   120.0000     0.0837 1.5588e+02     2.1421    147.639 -9.990e-29
    512.250     10.652    29.3760   5.818443     0.0441   120.0000     0.0835 1.5198e+02     2.1544    152.501 -9.990e-29
    512.500     10.765    29.3901   5.819421     0.0367   200.0000     0.0833 1.5012e+02     2.1678    157.502 -9.990e-29
    512.750     10.870    29.4046   5.820021     0.0881   120.0000     0.0843 1.5070e+02     2.1770    160.646 -9.990e-29
    513.000     10.943    29.4201   5.820541     0.0367   140.0000     0.0847 1.5473e+02     2.1828    161.579 -9.990e-29
    513.250     10.978    29.4311   5.821101     0.0367    90.0000     0.0838 1.5873e+02     2.1798    161.574 -9.990e-29
    513.500     10.969    29.4360   5.821361     0.0294   -50.0000     0.0841 1.6060e+02     2.1686    160.677 -9.990e-29
    513.750     10.925    29.4361   5.821140     0.0367   200.0000     0.0843 1.6305e+02     2.1587    158.296 -9.990e-29
    514.000     10.836    29.4353   5.820170     0.0367    30.0000     0.0843 1.6454e+02     2.1633    154.950 -9.990e-29
    514.250     10.730    29.4308   5.819420     0.0220    90.0000     0.0841 1.6568e+02     2.1867    151.498 -9.990e-29
    514.500     10.616    29.4199   5.819120     0.0441    90.0000     0.0840 1.6755e+02     2.2207    148.234 -9.990e-29
    514.750     10.514    29.4057   5.818741     0.0441   250.0000     0.0843 1.6963e+02     2.2466    145.582 -9.990e-29
    515.000     10.439    29.3929   5.817582     0.0367    90.0000     0.0844 1.6912e+02     2.2588    143.644 -9.990e-29
    515.250     10.418    29.3826   5.816691     0.0441    30.0000     0.0854 1.6400e+02     2.2586    142.220 -9.990e-29
    515.500     10.452    29.3751   5.816131     0.0441    30.0000     0.0847 1.5928e+02     2.2470    141.718 -9.990e-29
    515.750     10.545    29.3704   5.815887     0.0441   120.0000     0.0849 1.5360e+02     2.2325    141.955 -9.990e-29
    516.000     10.687    29.3670   5.815942     0.0220   140.0000     0.0853 1.4953e+02     2.2486    142.865 -9.990e-29
    516.250     10.839    29.3690   5.817323     0.0220  -110.0000     0.0840 1.4640e+02     2.3130    144.737 -9.990e-29
    516.500     10.994    29.3854   5.819122     0.0367   120.0000     0.0846 1.4617e+02     2.3830    147.079 -9.990e-29
    516.750     11.112    29.3993   5.819082     0.0881   120.0000     0.0839 1.5188e+02     2.4260    148.595 -9.990e-29
    517.000     11.176    29.4126   5.819902     0.0661   200.0000     0.0866 1.5849e+02     2.4393    150.044 -9.990e-29
    517.250     11.177    29.4221   5.820462     0.0441    30.0000     0.0863 1.5997e+02     2.4370    151.898 -9.990e-29
    517.500     11.112    29.4262   5.820651     0.0294   170.0000     0.0865 1.5956e+02     2.4378    153.699 -9.990e-29
    517.750     10.988    29.4274   5.820391     0.0441   120.0000     0.0922 1.6210e+02     2.4476    154.916 -9.990e-29
    518.000     10.825    29.4243   5.819420     0.0441   120.0000     0.0920 1.6763e+02     2.4524    155.556 -9.990e-29
    518.250     10.652    29.4108   5.818931     0.0294   200.0000     0.0920 1.7189e+02     2.4440    154.996 -9.990e-29
    518.500     10.501    29.3946   5.817621     0.0220   -20.0000     0.0858 1.7346e+02     2.4305    153.341 -9.990e-29
    518.750     10.383    29.3819   5.815862     0.0294    90.0000     0.0866 1.7319e+02     2.4217    151.684 -9.990e-29
    519.000     10.327    29.3732   5.815342     0.0367   250.0000     0.0860 1.6901e+02     2.4118    151.442 -9.990e-29
    519.250     10.323    29.3677   5.815342     0.0441   140.0000     0.0861 1.6185e+02     2.3926    153.419 -9.990e-29
    519.500     10.363    29.3640   5.815721     0.0441   200.0000     0.0837 1.5642e+02     2.3716    157.164 -9.990e-29
    519.750     10.459    29.3612   5.816723     0.0441    60.0000     0.0835 1.5277e+02     2.3618    160.691 -9.990e-29
    520.000     10.583    29.3659   5.817551     0.0294  -220.0000     0.0838 1.5034e+02     2.3595    163.046 -9.990e-29
    520.250     10.703    29.3789   5.818033     0.0220   200.0000     0.0856 1.5031e+02     2.3580    163.979 -9.990e-29
    520.500     10.794    29.3777   5.817622     0.0441    60.0000     0.0855 1.5416e+02     2.3547    163.150 -9.990e-29
    520.750     10.823    29.3670   5.814972     0.0367   170.0000     0.0849 1.6043e+02     2.3510    161.089 -9.990e-29
    521.000     10.799    29.3604   5.814033     0.0588   120.0000     0.0843 1.6351e+02     2.3559    161.622 -9.990e-29
    521.250     10.706    29.3568   5.814223     0.0441    60.0000     0.0842 1.6379e+02     2.3633    167.592 -9.990e-29
    521.500     10.566    29.3549   5.814522     0.0294    10.0000     0.0845 1.7118e+02     2.3672    175.348 -9.990e-29
    521.750     10.379    29.3538   5.814333     0.0367   200.0000     0.0843 1.7918e+02     2.3673    181.385 -9.990e-29
    522.000     10.190    29.3531   5.814262     0.0294    10.0000     0.0862 1.8030e+02     2.3701    184.564 -9.990e-29
    522.250     10.006    29.3529   5.814341     0.0367   200.0000     0.0868 1.7864e+02     2.3685    185.576 -9.990e-29
    522.500      9.852    29.3531   5.814412     0.0220    60.0000     0.0864 1.7683e+02     2.3603    185.950 -9.990e-29
    522.750      9.728    29.3538   5.814443     0.0367   120.0000     0.0889 1.7357e+02     2.3559    186.130 -9.990e-29
    523.000      9.630    29.3539   5.814522     0.0294    30.0000     0.0886 1.7207e+02     2.3517    184.523 -9.990e-29
    523.250      9.557    29.3546   5.814632     0.0294   120.0000     0.0889 1.7059e+02     2.3410    180.804 -9.990e-29
    523.500      9.526    29.3559   5.814711     0.0367    90.0000     0.0878 1.6799e+02     2.3315    176.987 -9.990e-29
    523.750      9.528    29.3573   5.814822     0.0294   -50.0000     0.0880 1.6547e+02     2.3208    174.638 -9.990e-29
    524.000      9.566    29.3597   5.814932     0.0220   170.0000     0.0880 1.6333e+02     2.3104    172.905 -9.990e-29
    524.250      9.646    29.3623   5.815303     0.0220    90.0000     0.0882 1.6015e+02     2.3045    170.326 -9.990e-29
