cruises/P45_06/L2/CTD/Loop_Edit/P45_06_CTD_06_loop.cnv
* Sea-Bird SBE19plus  Data File:
* FileName = C:\Users\OA_2023-03\Desktop\Bathymetry\ctd_casts\P3_16_04-25002.hex
* Software version 2.3.0 SB_Terminal.dll
* Temperature SN = 8460
* Conductivity SN = 8460
* System UpLoad Time = Apr 16 2026 15:33:25
* <ApplicationData>
* <SeatermAF>
# nquan = 11
# nvalues = 4320                        
# units = specified
# name 0 = timeS: Time, Elapsed [seconds]
# name 1 = prdM: Pressure, Strain Gauge [db]
# name 2 = tv290C: Temperature [ITS-90, deg C]
# name 3 = c0S/m: Conductivity [S/m]
# name 4 = flECO-AFL: Fluorescence, WET Labs ECO-AFL/FL [mg/m^3]
# name 5 = flECO-AFL1: Fluorescence, WET Labs ECO-AFL/FL, 2 [mg/m^3]
# name 6 = CStarAt0: Beam Attenuation, WET Labs C-Star [1/m]
# name 7 = par/sat/log: PAR/Logarithmic, Satlantic [umol photons/m^2/sec]
# name 8 = sbeox0V: Oxygen raw, SBE 43 [V]
# name 9 = sbeox0Mm/L: Oxygen, SBE 43 [umol/l]
# name 10 = flag:  0.000e+00
# span 0 =      0.000,   1079.750       
# span 1 =     -0.074,    168.084       
# span 2 =    15.8925,    31.9941       
# span 3 =   0.000012,   5.877904       
# span 4 =   -48.7708,    29.9382       
# span 5 = -3.024e+05, 40750.0000       
# span 6 =    -0.1114,    20.0947       
# span 7 = 1.1766e-01, 3.5613e+03       
# span 8 =     1.2441,     2.7525       
# span 9 =     86.457,    230.187       
# span 10 = 0.0000e+00, 0.0000e+00      
# interval = seconds: 0.25
# start_time = Apr 16 2026 14:33:22 [Instrument's time stamp, header]
# bad_flag = -9.990e-29
*END*
[from data line 3279]
    819.750     71.703    18.9919   4.795594     0.2203   250.0000     0.0358 2.1277e+00     1.5056    108.642 -9.990e-29
    820.000     71.669    18.9929   4.795594     0.2203   280.0000     0.0356 2.2084e+00     1.5075    108.704 0.0000e+00
    820.250     71.591    18.9941   4.795913     0.1689   390.0000     0.0373 2.2976e+00     1.5098    108.680 0.0000e+00
    820.500     71.462    18.9955   4.796036     0.2057   250.0000     0.0376 2.2743e+00     1.5132    108.773 0.0000e+00
    820.750     71.287    18.9972   4.796196     0.2130   200.0000     0.0376 2.2847e+00     1.5155    108.741 0.0000e+00
    821.000     71.071    18.9989   4.796421     0.1763   250.0000     0.0376 2.2523e+00     1.5185    108.597 0.0000e+00
    821.250     70.845    19.0011   4.796639     0.1763   340.0000     0.0359 2.2469e+00     1.5215    108.889 0.0000e+00
    821.500     70.625    19.0042   4.796987     0.1983   310.0000     0.0368 2.3005e+00     1.5240    108.984 0.0000e+00
    821.750     70.429    19.0071   4.797307     0.2424   310.0000     0.0356 2.3437e+00     1.5273    108.972 0.0000e+00
    822.000     70.250    19.0096   4.797561     0.1836   140.0000     0.0370 2.3442e+00     1.5317    108.933 0.0000e+00
    822.250     70.101    19.0123   4.797720     0.1836   280.0000     0.0370 2.3841e+00     1.5340    108.996 0.0000e+00
    822.500     69.976    19.0147   4.798163     0.1983   280.0000     0.0368 2.3929e+00     1.5384    109.041 0.0000e+00
    822.750     69.870    19.0168   4.798257     0.2277   310.0000     0.0362 2.3559e+00     1.5426    108.979 0.0000e+00
    823.000     69.783    19.0210   4.798446     0.1836   230.0000     0.0367 2.3641e+00     1.5467    108.939 0.0000e+00
    823.250     69.703    19.0258   4.799245     0.2203   250.0000     0.0364 2.4002e+00     1.5496    108.922 0.0000e+00
    823.500     69.629    19.0296   4.799717     0.2057   420.0000     0.0362 2.4137e+00     1.5533    109.149 0.0000e+00
    823.750     69.552    19.0339   4.799942     0.2130   250.0000     0.0377 2.4644e+00     1.5582    109.228 0.0000e+00
    824.000     69.460    19.0390   4.800516     0.2130   340.0000     0.0377 2.4638e+00     1.5629    109.368 0.0000e+00
    824.250     69.347    19.0443   4.801177     0.2057   230.0000     0.0377 2.4820e+00     1.5670    109.726 0.0000e+00
    824.500     69.209    19.0506   4.801751     0.1910   200.0000     0.0364 2.5490e+00     1.5737    110.007 0.0000e+00
    824.750     69.038    19.0566   4.802448     0.2057   250.0000     0.0361 2.5112e+00     1.5802    110.304 0.0000e+00
    825.000     68.841    19.0642   4.803087     0.2130   250.0000     0.0362 2.5259e+00     1.5875    110.610 0.0000e+00
    825.250     68.621    19.0728   4.804133     0.2130   280.0000     0.0362 2.5661e+00     1.5934    110.936 0.0000e+00
    825.500     68.408    19.0831   4.805027     0.1836   170.0000     0.0366 2.5996e+00     1.6009    111.432 0.0000e+00
    825.750     68.210    19.0915   4.806393     0.1983   230.0000     0.0368 2.6611e+00     1.6058    111.813 0.0000e+00
    826.000     68.045    19.0979   4.806770     0.2130   230.0000     0.0385 2.7058e+00     1.6098    112.240 0.0000e+00
    826.250     67.914    19.1073   4.807184     0.1983   250.0000     0.0388 2.7794e+00     1.6139    112.655 0.0000e+00
    826.500     67.828    19.1182   4.808936     0.2203   310.0000     0.0383 2.7518e+00     1.6168    113.007 0.0000e+00
    826.750     67.774    19.1257   4.809728     0.1983   250.0000     0.0386 2.7087e+00     1.6201    113.459 0.0000e+00
    827.000     67.741    19.1324   4.809888     0.2277   310.0000     0.0371 2.6588e+00     1.6236    114.045 0.0000e+00
    827.250     67.719    19.1389   4.810782     0.2203   250.0000     0.0371 2.6900e+00     1.6265    114.329 0.0000e+00
    827.500     67.701    19.1524   4.811516     0.2203   280.0000     0.0370 2.7704e+00     1.6286    114.876 0.0000e+00
    827.750     67.672    19.1735   4.814221     0.2277   200.0000     0.0381 2.8303e+00     1.6319    115.441 0.0000e+00
    828.000     67.627    19.1954   4.817444     0.2203   280.0000     0.0379 2.9383e+00     1.6356    115.967 0.0000e+00
    828.250     67.556    19.2164   4.819451     0.1983   280.0000     0.0381 2.9491e+00     1.6379    116.303 0.0000e+00
    828.500     67.463    19.2370   4.821561     0.2130   280.0000     0.0400 2.9465e+00     1.6411    116.708 0.0000e+00
    828.750     67.338    19.2562   4.823708     0.2130   230.0000     0.0400 2.9805e+00     1.6436    117.260 0.0000e+00
    829.000     67.190    19.2737   4.825585     0.1983   310.0000     0.0400 2.9934e+00     1.6460    117.792 0.0000e+00
    829.250     67.010    19.2921   4.827085     0.2057   250.0000     0.0404 3.0045e+00     1.6497    118.295 0.0000e+00
    829.500     66.816    19.3100   4.829291     0.2130   310.0000     0.0402 3.0071e+00     1.6525    119.113 0.0000e+00
    829.750     66.610    19.3281   4.830958     0.2203   230.0000     0.0404 3.0444e+00     1.6553    119.991 0.0000e+00
    830.000     66.419    19.3442   4.832881     0.2203   390.0000     0.0401 3.0642e+00     1.6581    121.034 0.0000e+00
    830.250     66.248    19.3589   4.834097     0.2130   280.0000     0.0377 3.1893e+00     1.6610    121.932 0.0000e+00
    830.500     66.119    19.3705   4.835503     0.2350   230.0000     0.0379 3.2177e+00     1.6651    122.977 0.0000e+00
    830.750     66.037    19.3800   4.836144     0.2277   280.0000     0.0383 3.2080e+00     1.6651    123.608 0.0000e+00
    831.000     65.994    19.3892   4.837164     0.2203   280.0000     0.0401 3.1653e+00     1.6682    124.035 0.0000e+00
    831.250     65.981    19.3954   4.838067     0.2277   310.0000     0.0400 3.0103e+00     1.6710    124.355 0.0000e+00
    831.500     65.988    19.3980   4.837972     0.2130   340.0000     0.0401 3.0071e+00     1.6719    124.348 -9.990e-29
    831.750     66.003    19.3974   4.838002     0.2497   230.0000     0.0402 3.0649e+00     1.6730    124.365 -9.990e-29
    832.000     66.003    19.3991   4.837360     0.2130   340.0000     0.0387 3.1523e+00     1.6746    124.431 -9.990e-29
    832.250     65.974    19.4034   4.838264     0.2277   370.0000     0.0386 3.2025e+00     1.6771    124.451 0.0000e+00
    832.500     65.899    19.4084   4.839095     0.2203   370.0000     0.0388 3.3188e+00     1.6779    124.383 0.0000e+00
    832.750     65.783    19.4126   4.839641     0.2350   230.0000     0.0398 3.3210e+00     1.6805    124.592 0.0000e+00
    833.000     65.621    19.4163   4.839991     0.2130   230.0000     0.0399 3.3145e+00     1.6830    124.923 0.0000e+00
    833.250     65.432    19.4189   4.840217     0.2203   340.0000     0.0398 3.2860e+00     1.6839    125.112 0.0000e+00
    833.500     65.239    19.4218   4.840413     0.2203   250.0000     0.0397 3.2860e+00     1.6873    125.449 0.0000e+00
    833.750     65.054    19.4253   4.840792     0.2057   170.0000     0.0394 3.3644e+00     1.6885    125.669 0.0000e+00
    834.000     64.903    19.4291   4.841273     0.2057   340.0000     0.0398 3.4506e+00     1.6901    125.883 0.0000e+00
    834.250     64.817    19.4340   4.841784     0.2350   340.0000     0.0412 3.5246e+00     1.6911    126.309 0.0000e+00
    834.500     64.790    19.4398   4.842564     0.2203   280.0000     0.0417 3.3966e+00     1.6927    126.614 0.0000e+00
    834.750     64.797    19.4462   4.843139     0.1983   250.0000     0.0415 3.1962e+00     1.6937    126.887 -9.990e-29
    835.000     64.850    19.4507   4.844036     0.2203   310.0000     0.0415 2.9766e+00     1.6929    127.167 -9.990e-29
    835.250     64.916    19.4531   4.844036     0.2130   280.0000     0.0406 2.8891e+00     1.6917    127.485 -9.990e-29
    835.500     64.970    19.4541   4.844073     0.2350   250.0000     0.0403 3.0032e+00     1.6915    127.978 -9.990e-29
    835.750     64.987    19.4554   4.843781     0.1983   310.0000     0.0400 3.2443e+00     1.6910    127.911 -9.990e-29
    836.000     64.941    19.4576   4.844393     0.2057   310.0000     0.0417 3.5093e+00     1.6907    128.192 -9.990e-29
    836.250     64.823    19.4616   4.844554     0.2203   230.0000     0.0411 3.6518e+00     1.6901    128.418 -9.990e-29
    836.500     64.632    19.4674   4.845421     0.2057   230.0000     0.0414 3.5954e+00     1.6889    128.409 0.0000e+00
    836.750     64.381    19.4774   4.846223     0.2203   310.0000     0.0413 3.4417e+00     1.6878    128.382 0.0000e+00
    837.000     64.103    19.4953   4.848120     0.3526   280.0000     0.0410 3.4566e+00     1.6891    128.385 0.0000e+00
    837.250     63.810    19.5156   4.851461     0.2424   280.0000     0.0408 3.5109e+00     1.6873    128.529 0.0000e+00
    837.500     63.543    19.5362   4.853460     0.2938   280.0000     0.0411 3.5398e+00     1.6867    128.468 0.0000e+00
    837.750     63.301    19.5625   4.855357     0.2203   230.0000     0.0418 3.6440e+00     1.6858    128.737 0.0000e+00
    838.000     63.096    19.5880   4.859642     0.2424   230.0000     0.0420 3.7609e+00     1.6849    128.929 0.0000e+00
    838.250     62.941    19.6024   4.861803     0.2350   250.0000     0.0421 3.8265e+00     1.6843    128.962 0.0000e+00
    838.500     62.823    19.6149   4.860415     0.2203   370.0000     0.0436 3.8581e+00     1.6842    129.402 0.0000e+00
    838.750     62.728    19.6372   4.862415     0.2424   250.0000     0.0438 3.8067e+00     1.6842    129.538 0.0000e+00
    839.000     62.659    19.6640   4.866776     0.2571   250.0000     0.0436 3.7985e+00     1.6846    129.659 0.0000e+00
    839.250     62.596    19.6724   4.869326     0.2497   310.0000     0.0439 3.8241e+00     1.6849    129.653 0.0000e+00
    839.500     62.534    19.6707   4.866198     0.2203   170.0000     0.0440 3.8565e+00     1.6852    129.767 0.0000e+00
    839.750     62.461    19.6793   4.866066     0.2571   280.0000     0.0434 3.9459e+00     1.6855    129.754 0.0000e+00
    840.000     62.374    19.6947   4.868748     0.2644   250.0000     0.0440 3.9136e+00     1.6854    129.479 0.0000e+00
    840.250     62.257    19.7102   4.871072     0.2791   230.0000     0.0440 3.9476e+00     1.6856    129.100 0.0000e+00
    840.500     62.117    19.7226   4.872270     0.2277   370.0000     0.0440 3.9975e+00     1.6861    128.788 0.0000e+00
    840.750     61.957    19.7326   4.872986     0.2644   280.0000     0.0435 4.0165e+00     1.6855    128.506 0.0000e+00
    841.000     61.785    19.7396   4.873629     0.2791   280.0000     0.0437 4.0778e+00     1.6852    128.279 0.0000e+00
    841.250     61.628    19.7456   4.874082     0.2277   230.0000     0.0438 4.1248e+00     1.6845    128.049 0.0000e+00
    841.500     61.494    19.7500   4.874404     0.2497   250.0000     0.0442 4.2609e+00     1.6843    127.760 0.0000e+00
    841.750     61.395    19.7539   4.874762     0.2865   250.0000     0.0443 4.2361e+00     1.6837    127.536 0.0000e+00
    842.000     61.334    19.7587   4.874959     0.3011   250.0000     0.0445 4.2059e+00     1.6827    127.733 0.0000e+00
    842.250     61.305    19.7629   4.875544     0.3085   280.0000     0.0442 4.1248e+00     1.6827    127.530 0.0000e+00
    842.500     61.286    19.7652   4.876027     0.2644   230.0000     0.0446 4.0681e+00     1.6830    127.422 0.0000e+00
    842.750     61.272    19.7646   4.875697     0.2424   280.0000     0.0453 4.1177e+00     1.6827    127.292 0.0000e+00
    843.000     61.245    19.7654   4.875412     0.2203   340.0000     0.0451 4.2609e+00     1.6829    127.160 0.0000e+00
    843.250     61.188    19.7676   4.875895     0.2865   280.0000     0.0453 4.3862e+00     1.6834    127.096 0.0000e+00
    843.500     61.092    19.7695   4.876216     0.2424   310.0000     0.0438 4.4948e+00     1.6839    127.099 0.0000e+00
    843.750     60.959    19.7712   4.876319     0.2865   370.0000     0.0438 4.5407e+00     1.6836    127.115 0.0000e+00
    844.000     60.805    19.7724   4.876443     0.2350   310.0000     0.0434 4.5417e+00     1.6848    127.190 0.0000e+00
    844.250     60.630    19.7730   4.876414     0.3085   250.0000     0.0446 4.5564e+00     1.6853    127.344 0.0000e+00
    844.500     60.452    19.7738   4.876384     0.2350   370.0000     0.0446 4.5604e+00     1.6876    127.475 0.0000e+00
    844.750     60.294    19.7753   4.876479     0.3746   280.0000     0.0444 4.6611e+00     1.6882    127.608 0.0000e+00
    845.000     60.166    19.7764   4.876706     0.3085   370.0000     0.0440 4.7631e+00     1.6894    127.664 0.0000e+00
    845.250     60.079    19.7784   4.876772     0.2865   420.0000     0.0447 4.7734e+00     1.6903    127.721 0.0000e+00
    845.500     60.023    19.7819   4.877159     0.3232   250.0000     0.0443 4.6541e+00     1.6909    127.787 0.0000e+00
    845.750     59.992    19.7849   4.877744     0.2424   340.0000     0.0445 4.5901e+00     1.6920    127.685 0.0000e+00
    846.000     59.976    19.7857   4.878000     0.3232   280.0000     0.0461 4.5162e+00     1.6933    127.591 0.0000e+00
    846.250     59.957    19.7849   4.877590     0.2497   250.0000     0.0463 4.4928e+00     1.6935    127.446 0.0000e+00
    846.500     59.928    19.7855   4.877320     0.3305   370.0000     0.0463 4.6370e+00     1.6939    127.359 0.0000e+00
    846.750     59.876    19.7876   4.877744     0.2644   310.0000     0.0442 4.8263e+00     1.6952    127.235 0.0000e+00
    847.000     59.779    19.7898   4.878197     0.3085   370.0000     0.0440 4.9223e+00     1.6964    127.049 0.0000e+00
    847.250     59.648    19.7922   4.878424     0.3085   340.0000     0.0442 4.9297e+00     1.6959    126.993 0.0000e+00
    847.500     59.465    19.7948   4.878709     0.2718   390.0000     0.0450 4.8904e+00     1.6980    127.006 0.0000e+00
    847.750     59.254    19.7975   4.878972     0.2644   340.0000     0.0446 4.9361e+00     1.6976    127.009 0.0000e+00
    848.000     59.032    19.8009   4.879360     0.2865   310.0000     0.0446 4.9801e+00     1.6986    127.060 0.0000e+00
    848.250     58.830    19.8052   4.879747     0.3305   280.0000     0.0444 5.0550e+00     1.6988    127.185 0.0000e+00
    848.500     58.665    19.8098   4.880362     0.2865   280.0000     0.0466 5.2342e+00     1.6994    127.312 0.0000e+00
    848.750     58.572    19.8140   4.880705     0.3011   340.0000     0.0461 5.3684e+00     1.7011    127.331 0.0000e+00
    849.000     58.565    19.8182   4.881203     0.2718   250.0000     0.0463 5.2365e+00     1.7017    127.533 0.0000e+00
    849.250     58.608    19.8228   4.881663     0.3085   200.0000     0.0466 4.6170e+00     1.7004    127.631 -9.990e-29
    849.500     58.699    19.8261   4.882080     0.2938   280.0000     0.0469 3.9905e+00     1.6981    127.987 -9.990e-29
    849.750     58.788    19.8279   4.882146     0.2865   250.0000     0.0461 3.8581e+00     1.6977    128.148 -9.990e-29
    850.000     58.859    19.8286   4.882117     0.2203   310.0000     0.0455 4.3082e+00     1.6969    128.352 -9.990e-29
    850.250     58.885    19.8295   4.882051     0.2571   420.0000     0.0456 4.9212e+00     1.6962    128.511 -9.990e-29
    850.500     58.847    19.8302   4.882344     0.2865   340.0000     0.0455 5.2911e+00     1.6957    128.614 -9.990e-29
    850.750     58.730    19.8315   4.882278     0.2424   310.0000     0.0459 5.4174e+00     1.6943    128.773 -9.990e-29
    851.000     58.518    19.8332   4.882541     0.2865   370.0000     0.0466 5.3695e+00     1.6933    128.902 0.0000e+00
    851.250     58.250    19.8364   4.882892     0.2865   340.0000     0.0467 5.1712e+00     1.6921    128.872 0.0000e+00
    851.500     57.956    19.8401   4.883316     0.3305   310.0000     0.0461 5.1566e+00     1.6916    128.832 0.0000e+00
    851.750     57.659    19.8446   4.883704     0.2938   280.0000     0.0478 5.2229e+00     1.6910    128.959 0.0000e+00
    852.000     57.401    19.8481   4.884252     0.3232   280.0000     0.0480 5.3406e+00     1.6914    129.068 0.0000e+00
