cruises/P45_06/L2/CTD/Loop_Edit/P45_06_CTD_09_loop.cnv
* Sea-Bird SBE19plus  Data File:
* FileName = C:\Users\OA_2023-03\Desktop\Bathymetry\ctd_casts\S1_18_04_26001.hex
* Software version 2.3.0 SB_Terminal.dll
* Temperature SN = 8460
* Conductivity SN = 8460
* System UpLoad Time = Apr 18 2026 10:40:32
* <ApplicationData>
* <SeatermAF>
# nquan = 11
# nvalues = 2744                        
# units = specified
# name 0 = timeS: Time, Elapsed [seconds]
# name 1 = prdM: Pressure, Strain Gauge [db]
# name 2 = tv290C: Temperature [ITS-90, deg C]
# name 3 = c0S/m: Conductivity [S/m]
# name 4 = flECO-AFL: Fluorescence, WET Labs ECO-AFL/FL [mg/m^3]
# name 5 = flECO-AFL1: Fluorescence, WET Labs ECO-AFL/FL, 2 [mg/m^3]
# name 6 = CStarAt0: Beam Attenuation, WET Labs C-Star [1/m]
# name 7 = par/sat/log: PAR/Logarithmic, Satlantic [umol photons/m^2/sec]
# name 8 = sbeox0V: Oxygen raw, SBE 43 [V]
# name 9 = sbeox0Mm/L: Oxygen, SBE 43 [umol/l]
# name 10 = flag:  0.000e+00
# span 0 =      0.000,    685.750       
# span 1 =     -0.100,     37.847       
# span 2 =    22.6161,    29.3172       
# span 3 =  -0.312213,   5.811900       
# span 4 =   -15.2482,    29.9382       
# span 5 = -1.033e+05, 40750.0000       
# span 6 =    -0.0660,    24.8803       
# span 7 = 5.6337e+00, 3.4091e+03       
# span 8 =     1.6497,     2.8063       
# span 9 =    102.454,    251.190       
# span 10 = 0.0000e+00, 0.0000e+00      
# interval = seconds: 0.25
# start_time = Apr 18 2026 09:40:24 [Instrument's time stamp, header]
# bad_flag = -9.990e-29
*END*
[from data line 2492]
    623.000      1.264    29.3145   5.811379     0.0294    90.0000     0.0821 8.4440e+02     2.6041    191.057 -9.990e-29
    623.250      1.284    29.3148   5.811529     0.0220   -80.0000     0.0886 4.5110e+02     2.6039    191.301 -9.990e-29
    623.500      1.362    29.3153   5.811490     0.0000   200.0000     0.0883 4.0267e+02     2.6040    191.365 -9.990e-29
    623.750      1.463    29.3155   5.811529     0.0367    30.0000     0.0888 3.7679e+02     2.6047    191.417 -9.990e-29
    624.000      1.574    29.3161   5.811529     0.0147   -20.0000     0.0891 3.7769e+02     2.6031    191.449 -9.990e-29
    624.250      1.685    29.3134   5.811790     0.0294    60.0000     0.0841 3.9937e+02     2.6018    191.268 -9.990e-29
    624.500      1.774    29.3080   5.810820     0.0367  -270.0000     0.0849 4.3963e+02     2.6005    191.099 -9.990e-29
    624.750      1.836    29.3056   5.809960     0.0294   -50.0000     0.0843 4.5042e+02     2.6012    190.823 -9.990e-29
    625.000      1.858    29.3042   5.810189     0.0294   120.0000     0.0868 4.5042e+02     2.6015    190.711 -9.990e-29
    625.250      1.852    29.3048   5.810126     0.0000   200.0000     0.0869 4.5502e+02     2.6014    190.679 -9.990e-29
    625.500      1.809    29.3066   5.810481     0.0294   -80.0000     0.0869 4.4808e+02     2.6020    190.672 -9.990e-29
    625.750      1.727    29.3070   5.810859     0.0000    90.0000     0.0886 4.4896e+02     2.6014    190.758 -9.990e-29
    626.000      1.613    29.3063   5.810449     0.0073   -20.0000     0.0894 4.5413e+02     2.6017    190.817 -9.990e-29
    626.250      1.503    29.3070   5.810481     0.0367    90.0000     0.0897 4.9561e+02     2.6021    191.026 -9.990e-29
    626.500      1.413    29.3085   5.810709     0.0367    30.0000     0.0826 5.0514e+02     2.6020    191.131 -9.990e-29
    626.750      1.354    29.3104   5.810970     0.0441    10.0000     0.0827 5.5486e+02     2.6023    191.325 -9.990e-29
    627.000      1.329    29.3113   5.811230     0.0220    60.0000     0.0825 6.2443e+02     2.6028    191.381 -9.990e-29
    627.250      1.342    29.3118   5.811135     0.0220  -130.0000     0.0827 9.7168e+02     2.6024    191.532 -9.990e-29
    627.500      1.385    29.3112   5.811190     0.0220    60.0000     0.0891 5.7515e+02     2.6031    191.597 -9.990e-29
    627.750      1.456    29.3107   5.810820     0.0147   -20.0000     0.0891 4.2578e+02     2.6040    191.651 -9.990e-29
    628.000      1.545    29.3118   5.811041     0.0220   -20.0000     0.0890 3.7057e+02     2.6029    191.648 -9.990e-29
    628.250      1.625    29.3134   5.811340     0.0000   -50.0000     0.0835 3.4646e+02     2.6038    191.587 -9.990e-29
    628.500      1.685    29.3139   5.811490     0.0441   -50.0000     0.0833 3.6642e+02     2.6053    191.559 -9.990e-29
    628.750      1.720    29.3127   5.811380     0.0220  -110.0000     0.0835 3.6921e+02     2.6037    191.597 -9.990e-29
    629.000      1.725    29.3103   5.810930     0.0000  -110.0000     0.0851 3.5480e+02     2.6024    191.399 -9.990e-29
    629.250      1.707    29.3086   5.810560     0.0220   140.0000     0.0848 3.9627e+02     2.6019    191.203 -9.990e-29
    629.500      1.674    29.3079   5.810631     0.0294    30.0000     0.0849 3.4556e+02     2.6012    191.011 -9.990e-29
    629.750      1.647    29.3074   5.810631     0.0147    10.0000     0.0849 3.7137e+02     2.6012    191.031 -9.990e-29
    630.000      1.631    29.3075   5.810631     0.0294   -20.0000     0.0824 3.8863e+02     2.5993    191.062 -9.990e-29
    630.250      1.625    29.3082   5.810780     0.0220    30.0000     0.0829 4.0669e+02     2.5990    191.055 -9.990e-29
    630.500      1.629    29.3089   5.810859     0.0073    60.0000     0.0829 5.2919e+02     2.6002    191.137 -9.990e-29
    630.750      1.634    29.3099   5.810891     0.0220    30.0000     0.0816 1.0199e+03     2.6007    191.106 -9.990e-29
    631.000      1.634    29.3114   5.811119     0.0220   120.0000     0.0817 6.4866e+02     2.6010    191.197 -9.990e-29
    631.250      1.609    29.3126   5.811340     0.0220  -190.0000     0.0815 7.6524e+02     2.6010    191.284 -9.990e-29
    631.500      1.562    29.3132   5.811458     0.0367  -110.0000     0.0858 4.6759e+02     2.6021    191.283 -9.990e-29
    631.750      1.500    29.3133   5.811380     0.0367    90.0000     0.0861 4.2967e+02     2.6019    191.297 -9.990e-29
    632.000      1.438    29.3142   5.811340     0.0147    10.0000     0.0860 3.8097e+02     2.6015    191.343 -9.990e-29
    632.250      1.402    29.3147   5.811529     0.0147   -20.0000     0.0862 3.7314e+02     2.6014    191.305 -9.990e-29
    632.500      1.409    29.3139   5.811458     0.0588  -110.0000     0.0825 3.3236e+02     2.6023    191.373 -9.990e-29
    632.750      1.463    29.3133   5.811379     0.0294    10.0000     0.0815 3.2602e+02     2.6036    191.489 -9.990e-29
    633.000      1.560    29.3131   5.811190     0.0000   170.0000     0.0821 3.4533e+02     2.6041    191.381 -9.990e-29
    633.250      1.662    29.3134   5.811230     0.0367   -50.0000     0.0846 3.5897e+02     2.6050    191.463 -9.990e-29
    633.500      1.742    29.3129   5.811459     0.0367    30.0000     0.0841 3.8931e+02     2.6031    191.638 -9.990e-29
    633.750      1.787    29.3119   5.810970     0.0220   140.0000     0.0845 5.3160e+02     2.6018    191.475 -9.990e-29
    634.000      1.800    29.3113   5.811041     0.0294   -20.0000     0.0837 7.2920e+02     2.6005    191.309 -9.990e-29
    634.250      1.778    29.3115   5.811041     0.0220    90.0000     0.0841 5.5582e+02     2.5984    191.224 -9.990e-29
    634.500      1.718    29.3113   5.811119     0.0367    30.0000     0.0837 4.3472e+02     2.5989    191.087 -9.990e-29
    634.750      1.645    29.3118   5.811190     0.0220    60.0000     0.0844 4.1460e+02     2.6009    191.050 -9.990e-29
    635.000      1.578    29.3118   5.811167     0.0220    30.0000     0.0845 5.4088e+02     2.6027    190.818 -9.990e-29
    635.250      1.533    29.3120   5.811190     0.0294  -130.0000     0.0846 1.1257e+03     2.6036    190.738 -9.990e-29
    635.500      1.498    29.3114   5.811159     0.0220    30.0000     0.0846 4.8302e+02     2.6076    190.860 -9.990e-29
    635.750      1.469    29.3114   5.811080     0.0367   -20.0000     0.0838 6.5359e+02     2.6080    190.980 -9.990e-29
    636.000      1.453    29.3109   5.811080     0.0220   -80.0000     0.0834 4.3774e+02     2.6079    191.076 -9.990e-29
    636.250      1.445    29.3104   5.810930     0.0220  -110.0000     0.0834 3.5220e+02     2.6066    191.124 -9.990e-29
    636.500      1.451    29.3105   5.810970     0.0220   120.0000     0.0844 3.4206e+02     2.6054    191.296 -9.990e-29
    636.750      1.487    29.3108   5.811009     0.0000  -240.0000     0.0843 3.3532e+02     2.6031    191.317 -9.990e-29
    637.000      1.553    29.3113   5.811096     0.0147    90.0000     0.0839 3.4414e+02     2.5994    191.313 -9.990e-29
    637.250      1.645    29.3118   5.811159     0.0073   250.0000     0.0822 3.7201e+02     2.5980    191.273 -9.990e-29
    637.500      1.754    29.3109   5.811269     0.0000  -220.0000     0.0821 3.5045e+02     2.5989    191.334 -9.990e-29
    637.750      1.847    29.3099   5.810891     0.2644    30.0000     0.0823 3.2455e+02     2.6001    191.474 -9.990e-29
    638.000      1.911    29.3085   5.810781     0.0147   -80.0000     0.0824 3.5812e+02     2.6002    191.550 -9.990e-29
    638.250      1.914    29.3080   5.810631     0.0441    90.0000     0.0820 6.7064e+02     2.6005    191.662 -9.990e-29
    638.500      1.832    29.3080   5.810710     0.0073    10.0000     0.0821 5.7902e+02     2.6006    191.467 -9.990e-29
    638.750      1.665    29.3082   5.810780     0.0220   -80.0000     0.0811 1.2351e+03     2.5996    191.299 -9.990e-29
    639.000      1.434    29.3088   5.810749     0.0220   120.0000     0.0815 6.8028e+02     2.5976    191.106 -9.990e-29
    639.250      1.185    29.3093   5.810891     0.0441   -50.0000     0.0811 9.1933e+02     2.5936    190.795 -9.990e-29
    639.500      0.949    29.3100   5.811009     0.0294  -130.0000     0.0813 7.8401e+02     2.5871    190.737 0.0000e+00
    639.750      0.796    29.3109   5.811080     0.0147    30.0000     0.0826 7.6293e+02     2.5835    190.908 0.0000e+00
    640.000      0.773    29.3110   5.811119     0.0000   -20.0000     0.0823 7.9804e+02     2.5831    191.131 0.0000e+00
    640.250      0.811    29.3108   5.810993     0.0367    60.0000     0.0828 7.1005e+02     2.5836    191.317 -9.990e-29
    640.500      0.909    29.3108   5.811009     0.0367    10.0000     0.0829 6.6013e+02     2.5845    191.902 -9.990e-29
    640.750      1.040    29.3100   5.810969     0.0220  -160.0000     0.0855 6.0305e+02     2.5861    192.098 -9.990e-29
    641.000      1.162    29.3107   5.810820     0.0000   -50.0000     0.0856 5.6528e+02     2.5857    192.182 -9.990e-29
    641.250      1.247    29.3119   5.811159     0.0294   -50.0000     0.0854 9.0394e+02     2.5860    192.065 -9.990e-29
    641.500      1.265    29.3122   5.811190     0.0000   170.0000     0.0815 7.1483e+02     2.5870    191.850 -9.990e-29
    641.750      1.214    29.3113   5.811119     0.0294   -20.0000     0.0815 7.9700e+02     2.5852    191.446 -9.990e-29
    642.000      1.125    29.3110   5.810969     0.0000    90.0000     0.0815 1.0204e+03     2.5829    190.882 -9.990e-29
    642.250      0.998    29.3107   5.810969     0.0220   -20.0000     0.0841 7.4273e+02     2.5841    190.544 -9.990e-29
    642.500      0.822    29.3101   5.810930     0.0147   200.0000     0.0838 9.4965e+02     2.5875    190.498 -9.990e-29
    642.750      0.620    29.3099   5.810819     0.0441    10.0000     0.0840 1.2160e+03     2.5923    190.620 0.0000e+00
    643.000      0.447    29.3100   5.810859     0.0220   -50.0000     0.1668 1.2287e+03     2.5966    190.702 0.0000e+00
    643.250      0.325    29.3101   5.810890     0.0881  -130.0000     0.1670 1.1816e+03     2.5974    190.842 0.0000e+00
    643.500      0.267    29.3104   5.811079     0.0220  -330.0000     0.1670 1.1254e+03     2.6001    190.966 0.0000e+00
    643.750      0.282    29.3112   5.811008     0.0000   -20.0000     0.1667 9.1972e+02     2.6008    190.968 -9.990e-29
    644.000      0.349    29.3109   5.811008     0.0441  -190.0000    16.6335 4.5967e+02     2.6003    190.822 -9.990e-29
    644.250      0.442    29.3112   5.811008     0.0147   -50.0000    16.6169 3.1074e+02     2.5990    190.328 -9.990e-29
    644.500      0.558    29.3114   5.811079     0.0000    60.0000    16.6211 2.9777e+02     2.5999    189.470 -9.990e-29
    644.750      0.678    29.3113   5.811040     0.0073   -20.0000     0.1779 3.0620e+02     2.5993    188.877 -9.990e-29
    645.000      0.794    29.3108   5.810969     0.0000  -130.0000     0.1777 3.3496e+02     2.5967    188.688 -9.990e-29
    645.250      0.898    29.3109   5.810969     0.0220  -190.0000     0.1779 3.6014e+02     2.5948    188.686 -9.990e-29
    645.500      0.967    29.3112   5.811040     0.0294    10.0000     0.1069 3.9439e+02     2.5932    188.833 -9.990e-29
    645.750      0.993    29.3113   5.811009     0.0220   -80.0000     0.1069 3.9320e+02     2.5928    189.160 -9.990e-29
    646.000      0.954    29.3110   5.811040     0.0294   -20.0000     0.1066 6.4754e+02     2.5935    189.333 -9.990e-29
    646.250      0.849    29.3108   5.810969     0.0147   -20.0000     0.1071 7.5179e+02     2.5958    189.605 -9.990e-29
    646.500      0.709    29.3105   5.810969     0.0367   -20.0000     0.1066 1.0420e+03     2.5950    189.916 -9.990e-29
    646.750      0.542    29.3105   5.810930     0.0294   -80.0000     0.1064 9.7210e+02     2.5941    189.804 -9.990e-29
    647.000      0.375    29.3105   5.810930     0.0000  -190.0000     0.1065 9.5068e+02     2.5954    189.509 -9.990e-29
    647.250      0.298    29.3112   5.810858     0.0514   -20.0000     1.7094 9.0610e+02     2.5978    189.548 -9.990e-29
    647.500      0.455    29.3126   5.811158     0.0220    90.0000     1.7099 4.0415e+02     2.6004    189.880 -9.990e-29
    647.750      0.658    29.3133   5.811458     0.0220   120.0000     1.7099 1.7055e+02     2.6018    190.442 -9.990e-29
    648.000      0.942    29.3146   5.811387     0.0000    30.0000     1.4522 1.1413e+02     2.6028    191.047 -9.990e-29
    648.250      1.265    29.3156   5.811679     0.0367    10.0000     1.4524 1.3359e+02     2.6007    191.288 -9.990e-29
    648.500      1.600    29.3148   5.811529     0.0294    30.0000     1.4521 1.3409e+02     2.5986    191.701 -9.990e-29
    648.750      1.792    29.3147   5.811380     0.0220   -20.0000     1.4522 1.5503e+02     2.5958    191.897 -9.990e-29
    649.000      1.872    29.3143   5.811459     0.0294  -220.0000     0.0975 1.5873e+02     2.5953    191.860 -9.990e-29
    649.250      1.896    29.3139   5.811419     0.0220    10.0000     0.0976 1.7500e+02     2.5951    191.580 -9.990e-29
    649.500      1.887    29.3137   5.811380     0.0367  -300.0000     0.0975 1.9792e+02     2.5968    191.458 -9.990e-29
    649.750      1.820    29.3136   5.811309     0.0000    10.0000     0.1220 2.3039e+02     2.5973    191.197 -9.990e-29
    650.000      1.711    29.3132   5.809803     0.0220  -160.0000     0.1223 2.3350e+02     2.5963    190.773 -9.990e-29
    650.250      1.578    29.3129   5.810970     0.0220    90.0000     0.1219 3.3164e+02     2.5963    190.449 -9.990e-29
    650.500      1.445    29.3127   5.788288    -0.0073  -220.0000     0.1974 3.1691e+02     2.5968    190.317 -9.990e-29
    650.750      1.334    29.3124   5.810969     0.2571    10.0000     0.1979 3.1685e+02     2.5971    190.044 -9.990e-29
    651.000      1.254    29.3127   5.810930    -0.0220  -220.0000     0.1977 3.4340e+02     2.5993    190.120 -9.990e-29
    651.250      1.225    29.3126   5.810449     0.0661    60.0000     0.1207 3.3554e+02     2.5996    190.414 -9.990e-29
    651.500      1.260    29.3131   5.804032     0.0441   200.0000     0.1016 3.1269e+02     2.5984    190.436 -9.990e-29
    651.750      1.353    29.3142   5.811080     0.0147  -110.0000     0.1016 2.6237e+02     2.5948    190.379 -9.990e-29
    652.000      1.487    29.3148   5.811600     0.0220  -350.0000     0.1015 2.6056e+02     2.5919    190.614 -9.990e-29
    652.250      1.629    29.3141   5.811490     0.0367    90.0000     0.4691 2.6391e+02     2.5905    190.961 -9.990e-29
    652.500      1.747    29.3141   5.811340     0.0294   120.0000     0.4694 2.9406e+02     2.5897    191.323 -9.990e-29
    652.750      1.816    29.3139   5.811380     0.0367  -270.0000     0.4690 3.7549e+02     2.5922    191.540 -9.990e-29
    653.000      1.825    29.3142   5.811419     0.0220   -20.0000     0.4873 4.3050e+02     2.5933    191.676 -9.990e-29
    653.250      1.778    29.3138   5.811459     0.0220    60.0000     0.4869 6.9666e+02     2.5932    191.446 -9.990e-29
    653.500      1.691    29.3141   5.811380     0.0147    60.0000     0.4873 7.8963e+02     2.5905    191.194 -9.990e-29
    653.750      1.576    29.3136   5.811316     0.0294   -20.0000     0.3645 7.9614e+02     2.5806    190.792 -9.990e-29
    654.000      1.456    29.3134   5.811309     0.0367   120.0000     0.3646 1.3724e+03     2.5561    190.553 -9.990e-29
    654.250      1.362    29.3131   5.811269     0.0294   140.0000     0.3641 1.6190e+03     2.5259    190.367 -9.990e-29
    654.500      1.300    29.3132   5.811340     0.0073   -50.0000     0.3643 4.3368e+02     2.4912    190.464 -9.990e-29
    654.750      1.293    29.3136   5.811379     0.0220    30.0000     0.3425 4.0389e+02     2.4596    190.534 -9.990e-29
    655.000      1.329    29.3145   5.811379     0.0294  -110.0000     0.3426 3.6619e+02     2.4313    190.489 -9.990e-29
    655.250      1.396    29.3155   5.811419     0.0367    60.0000     0.3425 3.3272e+02     2.4053    190.597 -9.990e-29
