cruises/P45_06/L2/CTD/Loop_Edit/P45_06_CTD_07_loop.cnv
* Sea-Bird SBE19plus  Data File:
* FileName = C:\Users\OA_2023-03\Desktop\Bathymetry\ctd_casts\J1_17_04_2026003.hex
* Software version 2.3.0 SB_Terminal.dll
* Temperature SN = 8460
* Conductivity SN = 8460
* System UpLoad Time = Apr 17 2026 12:58:15
* <ApplicationData>
* <SeatermAF>
# nquan = 11
# nvalues = 3956                        
# units = specified
# name 0 = timeS: Time, Elapsed [seconds]
# name 1 = prdM: Pressure, Strain Gauge [db]
# name 2 = tv290C: Temperature [ITS-90, deg C]
# name 3 = c0S/m: Conductivity [S/m]
# name 4 = flECO-AFL: Fluorescence, WET Labs ECO-AFL/FL [mg/m^3]
# name 5 = flECO-AFL1: Fluorescence, WET Labs ECO-AFL/FL, 2 [mg/m^3]
# name 6 = CStarAt0: Beam Attenuation, WET Labs C-Star [1/m]
# name 7 = par/sat/log: PAR/Logarithmic, Satlantic [umol photons/m^2/sec]
# name 8 = sbeox0V: Oxygen raw, SBE 43 [V]
# name 9 = sbeox0Mm/L: Oxygen, SBE 43 [umol/l]
# name 10 = flag:  0.000e+00
# span 0 =      0.000,    988.750       
# span 1 =     -0.056,     49.537       
# span 2 =    20.3079,    30.1953       
# span 3 =  -0.163806,   5.859566       
# span 4 =   -26.8607,    29.9382       
# span 5 = -1.950e+05, 40750.0000       
# span 6 =    -0.1104,    55.2620       
# span 7 = 1.8115e+01, 3.4716e+03       
# span 8 =     1.6264,     2.8041       
# span 9 =    100.339,    246.121       
# span 10 = 0.0000e+00, 0.0000e+00      
# interval = seconds: 0.25
# start_time = Apr 17 2026 12:04:27 [Instrument's time stamp, header]
# bad_flag = -9.990e-29
*END*
      0.000     -0.043    30.1953   0.000807     0.0441   120.0000     0.0508 2.7518e+03     2.7383    243.412 -9.990e-29
      0.250     -0.041    30.1938   0.000813    -0.0294 -1620.0000     0.0509 2.7590e+03     2.7383    243.561 -9.990e-29
      0.500     -0.048    30.1923   0.000813     0.0220   140.0000    -0.0797 2.7548e+03     2.7386    243.639 -9.990e-29
      0.750     -0.046    30.1910   0.000780     0.0881   140.0000    -0.0797 2.7411e+03     2.7387    243.553 -9.990e-29
      1.000     -0.043    30.1893   0.000801    -0.0147    30.0000    -0.0796 2.7447e+03     2.7390    243.566 -9.990e-29
      1.250     -0.043    30.1878   0.000807    -0.0367   170.0000    -0.0966 2.7394e+03     2.7390    243.515 -9.990e-29
      1.500     -0.044    30.1863   0.000807    -0.0661   170.0000    -0.0964 2.7465e+03     2.7386    243.556 -9.990e-29
      1.750     -0.042    30.1844   0.000801    -0.0294   230.0000    -0.0963 2.7423e+03     2.7384    243.540 -9.990e-29
      2.000     -0.042    30.1827   0.000795    -0.0220   140.0000     0.0232 2.7459e+03     2.7384    243.469 -9.990e-29
      2.250     -0.042    30.1812   0.000801     0.0220   120.0000     0.0230 2.7536e+03     2.7383    243.570 -9.990e-29
      2.500     -0.042    30.1789   0.000807    -0.0735  -270.0000     0.0232 2.7590e+03     2.7382    243.544 -9.990e-29
      2.750     -0.044    30.1776   0.000801    -0.0367   -20.0000     1.6038 2.7578e+03     2.7383    243.615 -9.990e-29
      3.000     -0.042    30.1759   0.000801    -0.0514   200.0000     1.6042 2.7602e+03     2.7379    243.622 -9.990e-29
      3.250     -0.044    30.1742   0.000801     0.0000   230.0000     1.6033 2.7530e+03     2.7386    243.654 -9.990e-29
      3.500     -0.044    30.1723   0.000801     0.0000   -20.0000    -0.0174 2.7453e+03     2.7383    243.627 -9.990e-29
      3.750     -0.044    30.1707   0.000801     0.3966   450.0000    -0.0175 2.7500e+03     2.7382    243.705 -9.990e-29
      4.000     -0.044    30.1691   0.000786     0.0000    30.0000    -0.0172 2.7691e+03     2.7384    243.709 -9.990e-29
      4.250     -0.040    30.1677   0.000795    -0.0735   120.0000    -0.1085 2.7781e+03     2.7385    243.610 -9.990e-29
      4.500     -0.039    30.1660   0.000801     0.0000  -130.0000    -0.1090 2.7956e+03     2.7388    243.712 -9.990e-29
      4.750     -0.044    30.1643   0.000819     0.0588  -550.0000    -0.1085 2.8041e+03     2.7388    243.666 -9.990e-29
      5.000     -0.042    30.1623   0.000813    -0.0514  -330.0000     0.7218 2.8126e+03     2.7380    243.671 -9.990e-29
      5.250     -0.040    30.1610   0.000819    -0.0073  -590.0000     0.7214 2.8254e+03     2.7388    243.673 -9.990e-29
      5.500     -0.042    30.1593   0.000819     0.0220  -240.0000     0.7218 2.8205e+03     2.7385    243.722 -9.990e-29
      5.750     -0.042    30.1578   0.000825    -0.0294    90.0000     2.8019 2.7890e+03     2.7386    243.735 -9.990e-29
      6.000     -0.044    30.1559   0.000825    -0.0147    90.0000     2.8027 2.7346e+03     2.7388    243.796 -9.990e-29
      6.250     -0.044    30.1545   0.000819     0.0000  -270.0000     2.8023 2.6479e+03     2.7380    243.819 -9.990e-29
      6.500     -0.044    30.1529   0.000813    -0.0808  -820.0000     2.8022 2.5139e+03     2.7382    243.769 -9.990e-29
      6.750     -0.042    30.1512   0.000813     0.0220   370.0000    -0.0878 2.2980e+03     2.7383    243.747 -9.990e-29
      7.000     -0.042    30.1497   0.000801     0.0000    10.0000    -0.0872 2.0389e+03     2.7389    243.742 -9.990e-29
      7.250     -0.046    30.1479   0.000813    -0.0881   530.0000    -0.0879 1.7396e+03     2.7387    243.726 -9.990e-29
      7.500     -0.040    30.1460   0.000813     0.0000  -330.0000    -0.1069 1.4405e+03     2.7390    243.698 -9.990e-29
      7.750     -0.044    30.1450   0.000807    -0.0588   -80.0000    -0.1070 1.2174e+03     2.7389    243.718 -9.990e-29
      8.000     -0.042    30.1428   0.000819    -0.0588  -110.0000    -0.1071 1.0733e+03     2.7384    243.664 -9.990e-29
      8.250     -0.042    30.1411   0.000819    -0.0220   -50.0000     0.5867 9.9314e+02     2.7387    243.773 -9.990e-29
      8.500     -0.042    30.1396   0.000813    -0.0588  -220.0000     0.5870 9.5212e+02     2.7385    243.765 -9.990e-29
      8.750     -0.040    30.1378   0.000807    -0.0514   -20.0000     0.5879 9.3033e+02     2.7382    243.761 -9.990e-29
      9.000     -0.044    30.1357   0.000801    -0.0294  -110.0000     0.8013 9.1259e+02     2.7386    243.798 -9.990e-29
      9.250     -0.040    30.1344   0.000807    -0.0588  -110.0000     0.8016 8.9868e+02     2.7384    243.833 -9.990e-29
      9.500     -0.046    30.1326   0.000807     0.0000    60.0000     0.8015 8.8613e+02     2.7382    243.890 -9.990e-29
      9.750     -0.042    30.1311   0.000801     0.0000  -190.0000    -0.0978 8.7489e+02     2.7385    243.902 -9.990e-29
     10.000     -0.042    30.1292   0.000801    -0.0220   230.0000    -0.0981 8.6886e+02     2.7390    243.804 -9.990e-29
     10.250     -0.042    30.1276   0.000807    -0.0808  -220.0000    -0.0978 8.5802e+02     2.7382    243.887 -9.990e-29
     10.500     -0.042    30.1261   0.000801    -0.0955    10.0000    -0.1092 8.4989e+02     2.7387    243.876 -9.990e-29
     10.750     -0.042    30.1241   0.000813     0.0147   -20.0000    -0.1095 8.4385e+02     2.7386    243.889 -9.990e-29
     11.000     -0.042    30.1225   0.000819    -0.0367  -160.0000    -0.1090 8.3531e+02     2.7379    243.908 -9.990e-29
     11.250     -0.042    30.1207   0.000819     0.0000  -330.0000     0.9782 8.2597e+02     2.7386    243.813 -9.990e-29
     11.500     -0.044    30.1190   0.000825    -0.0220   -50.0000     0.9779 8.1655e+02     2.7385    243.827 -9.990e-29
     11.750     -0.044    30.1175   0.000825    -0.0220  -130.0000     0.9777 8.1039e+02     2.7382    243.858 -9.990e-29
     12.000     -0.040    30.1158   0.000819     0.0147   -80.0000     3.5507 8.0742e+02     2.7378    243.956 -9.990e-29
     12.250     -0.046    30.1141   0.000825     0.0367   -80.0000     3.5499 8.0081e+02     2.7388    243.930 -9.990e-29
     12.500     -0.044    30.1126   0.000819    -0.0147   -20.0000     3.5515 7.9408e+02     2.7386    243.990 -9.990e-29
     12.750     -0.040    30.1107   0.000819    -0.0881  -240.0000     3.5510 7.8911e+02     2.7380    243.997 -9.990e-29
     13.000     -0.048    30.1092   0.000813    -0.0220   -50.0000    -0.0734 7.8401e+02     2.7384    243.940 -9.990e-29
     13.250     -0.044    30.1075   0.000807     0.0000  -110.0000    -0.0739 7.7843e+02     2.7388    243.992 -9.990e-29
     13.500     -0.044    30.1056   0.000828    -0.0147   -20.0000    -0.0739 7.7591e+02     2.7385    243.964 -9.990e-29
     13.750     -0.044    30.1042   0.000813     0.0294    10.0000    -0.1037 7.6045e+02     2.7385    243.905 -9.990e-29
     14.000     -0.044    30.1027   0.000813    -0.0367   140.0000    -0.1037 7.4984e+02     2.7385    243.954 -9.990e-29
     14.250     -0.044    30.1008   0.000813    -0.0147    90.0000    -0.1038 7.3745e+02     2.7388    243.937 -9.990e-29
     14.500     -0.042    30.0992   0.000819    -0.0735   120.0000     0.9885 7.3094e+02     2.7385    243.911 -9.990e-29
     14.750     -0.044    30.0976   0.000819     0.0073   120.0000     0.9882 7.2731e+02     2.7390    243.975 -9.990e-29
     15.000     -0.042    30.0961   0.000819    -0.0588    30.0000     0.9885 7.2778e+02     2.7382    244.058 -9.990e-29
     15.250     -0.042    30.0940   0.000825    -0.0367    10.0000     4.3276 7.2841e+02     2.7382    243.961 -9.990e-29
     15.500     -0.040    30.0928   0.000825     0.0147    90.0000     4.3270 7.2370e+02     2.7385    244.039 -9.990e-29
     15.750     -0.042    30.0911   0.000819    -0.0073   -80.0000     4.3274 7.2747e+02     2.7378    244.046 -9.990e-29
     16.000     -0.048    30.0894   0.000819     0.0294  -160.0000     0.3481 7.3125e+02     2.7385    243.953 -9.990e-29
     16.250     -0.044    30.0879   0.000825    -0.0661   230.0000     0.3483 7.2952e+02     2.7390    244.045 -9.990e-29
     16.500     -0.042    30.0863   0.000825    -0.0073   -20.0000     0.3481 7.2480e+02     2.7380    244.044 -9.990e-29
     16.750     -0.044    30.0848   0.000819     0.0661    90.0000    -0.1049 7.2448e+02     2.7395    243.992 -9.990e-29
     17.000     -0.042    30.0831   0.000813    -0.1102   -80.0000    -0.1047 7.2417e+02     2.7382    243.943 -9.990e-29
     17.250     -0.042    30.0815   0.000807    -0.0588    10.0000    -0.1046 7.2089e+02     2.7385    244.087 -9.990e-29
     17.500     -0.044    30.0801   0.000834     0.0073  -130.0000    -0.1031 7.1298e+02     2.7386    244.078 -9.990e-29
     17.750     -0.044    30.0785   0.000813     0.0000  -190.0000    -0.1031 7.0287e+02     2.7385    244.016 -9.990e-29
     18.000     -0.044    30.0767   0.000807    -0.0367  -350.0000    -0.1025 6.9893e+02     2.7390    244.074 -9.990e-29
     18.250     -0.042    30.0750   0.000807     0.0000    90.0000     2.1557 6.9923e+02     2.7386    244.133 -9.990e-29
     18.500     -0.042    30.0737   0.000819     0.0000   -80.0000     2.1558 6.9938e+02     2.7384    244.107 -9.990e-29
     18.750     -0.046    30.0720   0.000828    -0.0367   200.0000     2.1562 7.0363e+02     2.7382    244.121 -9.990e-29
     19.000     -0.046    30.0704   0.000819    -0.0367    90.0000     2.9095 7.1005e+02     2.7382    244.122 -9.990e-29
     19.250     -0.042    30.0691   0.000813     0.0000   310.0000     5.2261 7.1282e+02     2.7390    244.162 -9.990e-29
     19.500     -0.044    30.0676   0.000825    -0.0147    30.0000     5.2270 7.1236e+02     2.7381    244.143 -9.990e-29
     19.750     -0.042    30.0659   0.000834    -0.0808    30.0000     5.2273 7.0990e+02     2.7384    244.214 -9.990e-29
     20.000     -0.044    30.0644   0.000813    -0.0073  -240.0000     0.0520 7.0836e+02     2.7385    244.112 -9.990e-29
     20.250     -0.044    30.0629   0.000813     0.0000  -190.0000     0.0516 7.0653e+02     2.7389    244.106 -9.990e-29
     20.500     -0.048    30.0612   0.000807    -0.0220    10.0000     0.0520 7.0760e+02     2.7393    244.144 -9.990e-29
     20.750     -0.046    30.0601   0.000807    -0.0441   200.0000    -0.0965 7.0226e+02     2.7388    244.066 -9.990e-29
     21.000     -0.046    30.0585   0.000807     0.0000    30.0000    -0.0970 6.9531e+02     2.7390    244.151 -9.990e-29
     21.250     -0.042    30.0570   0.000813     0.0220  -240.0000    -0.0969 6.8902e+02     2.7394    244.219 -9.990e-29
     21.500     -0.042    30.0556   0.000807    -0.0147    60.0000     0.1204 6.8279e+02     2.7386    244.115 -9.990e-29
     21.750     -0.042    30.0543   0.000813    -0.0661   120.0000     0.1201 6.7822e+02     2.7390    244.320 -9.990e-29
     22.000     -0.042    30.0525   0.000819     0.0220    10.0000     0.1205 6.7661e+02     2.7395    244.180 -9.990e-29
     22.250     -0.044    30.0510   0.000813    -0.0073   -80.0000     4.2222 6.8161e+02     2.7382    244.213 -9.990e-29
     22.500     -0.042    30.0496   0.000819    -0.0367   -50.0000     4.2228 6.8412e+02     2.7382    244.235 -9.990e-29
     22.750     -0.042    30.0479   0.000813     0.0073    90.0000     4.2233 6.8693e+02     2.7388    244.222 -9.990e-29
     23.000     -0.044    30.0469   0.000807    -0.0073   250.0000     1.6177 6.8947e+02     2.7395    244.279 -9.990e-29
     23.250     -0.040    30.0453   0.000813    -0.0441    10.0000     1.6189 6.8976e+02     2.7386    244.241 -9.990e-29
     23.500     -0.044    30.0438   0.000807     0.0000    10.0000     1.6182 6.9051e+02     2.7382    244.224 -9.990e-29
     23.750     -0.048    30.0425   0.000807    -0.0147   -80.0000    -0.1054 6.8679e+02     2.7386    244.179 -9.990e-29
     24.000     -0.044    30.0409   0.000807     0.0147  -220.0000    -0.1051 6.8560e+02     2.7388    244.214 -9.990e-29
     24.250     -0.042    30.0396   0.000807    -0.0220    30.0000    -0.1054 6.7822e+02     2.7391    244.308 -9.990e-29
     24.500     -0.042    30.0379   0.000819    -0.0147   230.0000    -0.0950 6.7252e+02     2.7384    244.200 -9.990e-29
     24.750     -0.044    30.0367   0.000819    -0.0073  -160.0000    -0.0945 6.6615e+02     2.7382    244.240 -9.990e-29
     25.000     -0.044    30.0353   0.000825    -0.0441  -160.0000    -0.0944 6.6659e+02     2.7389    244.255 -9.990e-29
     25.250     -0.042    30.0340   0.000819    -0.0588   -80.0000     2.8329 6.6731e+02     2.7388    244.338 -9.990e-29
     25.500     -0.048    30.0326   0.000813     0.0000   170.0000     2.8341 6.6904e+02     2.7390    244.410 -9.990e-29
     25.750     -0.042    30.0314   0.000813    -0.0294  -110.0000     2.8330 6.7282e+02     2.7385    244.368 -9.990e-29
     26.000     -0.042    30.0300   0.000813     0.0073    10.0000     2.8335 6.7837e+02     2.7380    244.388 -9.990e-29
     26.250     -0.041    30.0284   0.000819     0.0073  -220.0000     1.4141 6.7866e+02     2.7386    244.438 -9.990e-29
     26.500     -0.042    30.0269   0.000813    -0.0073  -130.0000     1.4136 6.7881e+02     2.7388    244.361 -9.990e-29
     26.750     -0.044    30.0254   0.000813    -0.0588  -240.0000     1.4132 6.7852e+02     2.7391    244.395 -9.990e-29
     27.000     -0.042    30.0241   0.000819    -0.0220  -160.0000    -0.1068 6.7734e+02     2.7383    244.451 -9.990e-29
     27.250     -0.044    30.0228   0.000819    -0.0367  -160.0000    -0.1069 6.7223e+02     2.7388    244.289 -9.990e-29
     27.500     -0.042    30.0217   0.000813    -0.0220  -410.0000    -0.1066 6.6716e+02     2.7393    244.275 -9.990e-29
     27.750     -0.042    30.0201   0.000819    -0.0661   280.0000    -0.0975 6.6213e+02     2.7386    244.349 -9.990e-29
     28.000     -0.041    30.0188   0.000819    -0.0220  -350.0000    -0.0973 6.5870e+02     2.7395    244.456 -9.990e-29
     28.250     -0.046    30.0172   0.000813     0.0000   -50.0000    -0.0978 6.5884e+02     2.7388    244.357 -9.990e-29
     28.500     -0.041    30.0157   0.000819     0.0073   140.0000     0.8882 6.5984e+02     2.7390    244.311 -9.990e-29
     28.750     -0.043    30.0148   0.000792    -0.0808  -110.0000     0.8877 6.5984e+02     2.7385    244.362 -9.990e-29
     29.000     -0.044    30.0131   0.000813    -0.0294  -190.0000     0.8884 6.5884e+02     2.7377    244.395 -9.990e-29
     29.250     -0.046    30.0120   0.000813    -0.0441  -130.0000     0.2497 6.6156e+02     2.7387    244.464 -9.990e-29
     29.500     -0.043    30.0105   0.000807    -0.0661   200.0000     0.2501 6.6170e+02     2.7391    244.376 -9.990e-29
     29.750     -0.044    30.0094   0.000813    -0.0073   -80.0000     0.2504 6.6428e+02     2.7386    244.340 -9.990e-29
     30.000     -0.043    30.0079   0.000813    -0.0441  -160.0000    -0.0846 6.6601e+02     2.7392    244.431 -9.990e-29
     30.250     -0.043    30.0065   0.000813     0.0000   -20.0000    -0.0852 6.6443e+02     2.7391    244.446 -9.990e-29
     30.500     -0.044    30.0053   0.000807    -0.0220   250.0000    -0.0850 6.6270e+02     2.7387    244.487 -9.990e-29
     30.750     -0.043    30.0040   0.000813     0.0000  -130.0000    -0.0845 6.6199e+02     2.7391    244.425 -9.990e-29
     31.000     -0.044    30.0028   0.000801    -0.0073   -50.0000    -0.0841 6.6041e+02     2.7388    244.353 -9.990e-29
     31.250     -0.041    30.0010   0.000813     0.0294   -20.0000    -0.0843 6.6113e+02     2.7386    244.430 -9.990e-29
     31.500     -0.044    30.0000   0.000807    -0.0294   -20.0000    -0.1001 6.6515e+02     2.7386    244.469 -9.990e-29
     31.750     -0.046    29.9985   0.000807    -0.0808  -240.0000    -0.1002 6.6141e+02     2.7386    244.527 -9.990e-29
     32.000     -0.041    29.9971   0.000819     0.0220  -240.0000    -0.1004 6.6113e+02     2.7391    244.418 -9.990e-29
     32.250     -0.048    29.9961   0.000819    -0.0441   -50.0000    -0.1006 6.6013e+02     2.7385    244.485 -9.990e-29
     32.500     -0.043    29.9943   0.000819     0.0000    90.0000     0.2570 6.5927e+02     2.7389    244.569 -9.990e-29
