cruises/P45_06/L2/CTD/Loop_Edit/P45_06_CTD_09_loop.cnv
* Sea-Bird SBE19plus  Data File:
* FileName = C:\Users\OA_2023-03\Desktop\Bathymetry\ctd_casts\S1_18_04_26001.hex
* Software version 2.3.0 SB_Terminal.dll
* Temperature SN = 8460
* Conductivity SN = 8460
* System UpLoad Time = Apr 18 2026 10:40:32
* <ApplicationData>
* <SeatermAF>
# nquan = 11
# nvalues = 2744                        
# units = specified
# name 0 = timeS: Time, Elapsed [seconds]
# name 1 = prdM: Pressure, Strain Gauge [db]
# name 2 = tv290C: Temperature [ITS-90, deg C]
# name 3 = c0S/m: Conductivity [S/m]
# name 4 = flECO-AFL: Fluorescence, WET Labs ECO-AFL/FL [mg/m^3]
# name 5 = flECO-AFL1: Fluorescence, WET Labs ECO-AFL/FL, 2 [mg/m^3]
# name 6 = CStarAt0: Beam Attenuation, WET Labs C-Star [1/m]
# name 7 = par/sat/log: PAR/Logarithmic, Satlantic [umol photons/m^2/sec]
# name 8 = sbeox0V: Oxygen raw, SBE 43 [V]
# name 9 = sbeox0Mm/L: Oxygen, SBE 43 [umol/l]
# name 10 = flag:  0.000e+00
# span 0 =      0.000,    685.750       
# span 1 =     -0.100,     37.847       
# span 2 =    22.6161,    29.3172       
# span 3 =  -0.312213,   5.811900       
# span 4 =   -15.2482,    29.9382       
# span 5 = -1.033e+05, 40750.0000       
# span 6 =    -0.0660,    24.8803       
# span 7 = 5.6337e+00, 3.4091e+03       
# span 8 =     1.6497,     2.8063       
# span 9 =    102.454,    251.190       
# span 10 = 0.0000e+00, 0.0000e+00      
# interval = seconds: 0.25
# start_time = Apr 18 2026 09:40:24 [Instrument's time stamp, header]
# bad_flag = -9.990e-29
*END*
[from data line 1181]
    295.250      1.693    29.0516   5.704288     0.0294  -130.0000     0.0829 1.5609e+03     1.8674    137.758 -9.990e-29
    295.500      1.773    29.0572   5.705633     0.0441    10.0000     0.0823 1.3214e+03     1.8747    137.930 -9.990e-29
    295.750      1.867    29.0608   5.709318     0.0367    90.0000     0.0828 5.0219e+02     1.8891    138.275 -9.990e-29
    296.000      1.962    29.0647   5.707346     0.0294    60.0000     0.0799 6.7427e+02     1.9003    138.627 -9.990e-29
    296.250      2.036    29.0714   5.704178     0.0294  -110.0000     0.0804 4.4673e+02     1.9023    138.784 -9.990e-29
    296.500      2.074    29.0828   5.709427     0.0294    60.0000     0.0803 6.8486e+02     1.9072    138.255 -9.990e-29
    296.750      2.071    29.0893   5.710922     0.0367   -50.0000     0.0803 6.0384e+02     1.9122    137.158 -9.990e-29
    297.000      2.018    29.0917   5.707385     0.0294  -240.0000     0.0816 6.0935e+02     1.9161    135.582 -9.990e-29
    297.250      1.927    29.0935   5.704686     0.0220   -80.0000     0.0811 5.8052e+02     1.9248    133.732 -9.990e-29
    297.500      1.816    29.0950   5.703958     0.0220   170.0000     0.0815 4.5296e+02     1.9390    131.654 -9.990e-29
    297.750      1.711    29.0942   5.704498     0.0294    30.0000     0.0830 1.2258e+03     1.9620    129.576 -9.990e-29
    298.000      1.625    29.0871   5.702754     0.0367   140.0000     0.0826 1.0878e+03     2.0079    127.506 -9.990e-29
    298.250      1.578    29.0769   5.700892     0.0220  -220.0000     0.0825 6.9066e+02     2.0619    125.774 -9.990e-29
    298.500      1.574    29.0691   5.697687     0.0367  -130.0000     0.0864 1.7543e+03     2.1037    124.346 -9.990e-29
    298.750      1.600    29.0644   5.700166     0.0220    10.0000     0.0862 9.5397e+02     2.1295    123.801 -9.990e-29
    299.000      1.671    29.0628   5.704756     0.0294    60.0000     0.0862 8.7774e+02     2.1434    123.457 -9.990e-29
    299.250      1.776    29.0721   5.709247     0.0000    10.0000     0.0866 7.7507e+02     2.1603    123.322 -9.990e-29
    299.500      1.911    29.0959   5.714686     0.0220  -130.0000     0.0807 1.3831e+03     2.1895    123.143 -9.990e-29
    299.750      2.043    29.1122   5.716878     0.0220   -20.0000     0.0809 1.3123e+03     2.2203    122.730 -9.990e-29
    300.000      2.156    29.1244   5.709059     0.0294  -110.0000     0.0808 1.4216e+03     2.2412    122.375 -9.990e-29
    300.250      2.220    29.1297   5.705124     0.0147  -110.0000     0.0816 4.1984e+02     2.2515    122.380 -9.990e-29
    300.500      2.203    29.1332   5.712235     0.0441    60.0000     0.0818 7.1855e+02     2.2481    123.461 -9.990e-29
    300.750      2.098    29.1328   5.713989     0.0294   -20.0000     0.0816 9.5047e+02     2.2416    125.447 -9.990e-29
    301.000      1.936    29.1205   5.703520     0.0000   -50.0000     0.0796 3.9687e+02     2.2276    127.400 -9.990e-29
    301.250      1.736    29.1074   5.699398     0.0073  -220.0000     0.0795 6.1558e+02     2.2111    128.369 -9.990e-29
    301.500      1.524    29.1028   5.706656     0.0073   -20.0000     0.0796 7.8605e+02     2.1997    129.507 -9.990e-29
    301.750      1.358    29.1160   5.718193     0.0294    10.0000     0.0865 5.1251e+02     2.1992    130.487 -9.990e-29
    302.000      1.336    29.1536   5.738056     0.0220   -50.0000     0.0870 5.3912e+02     2.2238    131.041 -9.990e-29
    302.250      1.429    29.1917   5.775829     0.0441    30.0000     0.0866 9.9164e+02     2.2634    131.693 -9.990e-29
    302.500      1.571    29.2169   5.783356     0.0000  -220.0000     0.0866 1.2103e+03     2.2991    132.889 -9.990e-29
    302.750      1.744    29.2096   5.751856     0.0220    30.0000     0.0800 7.4305e+02     2.3191    135.390 -9.990e-29
    303.000      1.945    29.1646   5.726023     0.0220  -130.0000     0.0801 9.2571e+02     2.3263    140.892 -9.990e-29
    303.250      2.136    29.1381   5.735820     0.0220   -80.0000     0.0801 6.6084e+02     2.3292    147.825 -9.990e-29
    303.500      2.273    29.1276   5.746112     0.0147  -110.0000     0.0821 6.4002e+02     2.3304    153.790 -9.990e-29
    303.750      2.331    29.1253   5.751488     0.0220   -50.0000     0.0815 6.7690e+02     2.3300    157.885 -9.990e-29
    304.000      2.325    29.1235   5.747179     0.0220   -20.0000     0.0816 5.8203e+02     2.3318    160.163 -9.990e-29
    304.250      2.247    29.1208   5.740739     0.0294    90.0000     0.0838 4.8062e+02     2.3352    161.940 -9.990e-29
    304.500      2.109    29.1190   5.740260     0.0073   -50.0000     0.0837 5.7205e+02     2.3410    164.378 -9.990e-29
    304.750      1.913    29.1180   5.743939     0.0147    10.0000     0.0837 7.7608e+02     2.3460    166.566 -9.990e-29
    305.000      1.684    29.1169   5.741774     0.0220    30.0000     0.0838 8.5173e+02     2.3431    167.426 -9.990e-29
    305.250      1.480    29.1130   5.736041     0.0294   -50.0000     0.0858 6.1704e+02     2.3319    167.300 -9.990e-29
    305.500      1.324    29.1101   5.730021     0.0000  -160.0000     0.0849 1.0239e+03     2.3150    165.968 -9.990e-29
    305.750      1.238    29.1125   5.735523     0.0220   -80.0000     0.0849 9.4821e+02     2.2962    164.272 -9.990e-29
    306.000      1.258    29.1352   5.744417     0.0220   120.0000     0.0856 5.2349e+02     2.2799    161.513 0.0000e+00
    306.250      1.376    29.1724   5.754542     0.0073    90.0000     0.0858 7.8333e+02     2.2614    158.016 0.0000e+00
    306.500      1.569    29.2042   5.779683     0.0220    90.0000     0.0860 7.1669e+02     2.2399    154.702 0.0000e+00
    306.750      1.818    29.2254   5.791865     0.0147   -20.0000     0.0827 5.6761e+02     2.2144    153.012 0.0000e+00
    307.000      2.074    29.2273   5.784615     0.0367    30.0000     0.0819 6.4516e+02     2.1937    155.039 0.0000e+00
    307.250      2.316    29.2017   5.759268     0.0220  -240.0000     0.0825 8.8345e+02     2.1708    159.931 0.0000e+00
    307.500      2.478    29.1817   5.742251     0.0147  -160.0000     0.0823 7.8045e+02     2.1485    165.363 0.0000e+00
    307.750      2.531    29.1758   5.751299     0.0220   140.0000     0.0795 4.9134e+02     2.1244    169.320 -9.990e-29
    308.000      2.483    29.1790   5.759410     0.0294   120.0000     0.0797 5.4369e+02     2.0982    171.712 -9.990e-29
    308.250      2.342    29.1713   5.751448     0.0367   120.0000     0.0796 4.4896e+02     2.0761    173.019 -9.990e-29
    308.500      2.145    29.1648   5.746480     0.0220    60.0000     0.0811 6.5657e+02     2.0542    173.176 -9.990e-29
    308.750      1.916    29.1631   5.753442    -0.0073   120.0000     0.0811 1.3035e+03     2.0344    172.204 -9.990e-29
    309.000      1.704    29.1568   5.751189     0.0220  -270.0000     0.0810 6.3409e+02     2.0187    170.835 -9.990e-29
    309.250      1.527    29.1428   5.744197     0.0073  -110.0000     0.0852 6.3891e+02     2.0065    169.655 -9.990e-29
    309.500      1.414    29.1336   5.738095     0.0220  -240.0000     0.0850 1.3262e+03     1.9936    169.277 -9.990e-29
    309.750      1.367    29.1286   5.740299     0.0147   170.0000     0.0856 7.4838e+02     1.9796    169.423 -9.990e-29
    310.000      1.405    29.1312   5.747210     0.0294  -160.0000     0.1704 8.8940e+02     1.9662    169.021 -9.990e-29
    310.250      1.505    29.1435   5.750161     0.0220   -80.0000     0.1703 3.9116e+02     1.9520    167.696 -9.990e-29
    310.500      1.651    29.1540   5.750193     0.0220  -160.0000     0.1703 3.4399e+02     1.9390    165.543 -9.990e-29
    310.750      1.796    29.1624   5.745194     0.0294   120.0000     0.1703 3.2245e+02     1.9274    162.934 -9.990e-29
    311.000      1.936    29.1608   5.740957     0.0073   140.0000     0.0866 3.5327e+02     1.9164    160.376 -9.990e-29
    311.250      2.038    29.1600   5.742612     0.0294  -350.0000     0.0875 4.2394e+02     1.9072    157.504 -9.990e-29
    311.500      2.091    29.1611   5.747987     0.0294    10.0000     0.0876 4.7968e+02     1.8974    154.363 -9.990e-29
    311.750      2.098    29.1637   5.749094     0.0000  -240.0000     0.0818 3.6555e+02     1.8884    150.997 -9.990e-29
    312.000      2.062    29.1672   5.746661     0.0000  -130.0000     0.0820 3.7982e+02     1.8785    148.453 -9.990e-29
    312.250      2.002    29.1708   5.746661     0.0220    60.0000     0.0819 6.4628e+02     1.8702    145.931 -9.990e-29
    312.500      1.944    29.1729   5.746661     0.0294    10.0000     0.0801 9.0669e+02     1.8618    143.607 -9.990e-29
    312.750      1.889    29.1752   5.745154     0.0220   -50.0000     0.0798 6.7720e+02     1.8543    141.128 -9.990e-29
    313.000      1.860    29.1771   5.744934     0.0220   -80.0000     0.0800 7.1406e+02     1.8494    138.420 -9.990e-29
    313.250      1.858    29.1776   5.744126     0.0073   -80.0000     0.0803 6.8545e+02     1.8443    136.236 -9.990e-29
    313.500      1.858    29.1718   5.742173     0.0367   -50.0000     0.0808 8.6118e+02     1.8410    134.203 -9.990e-29
    313.750      1.851    29.1631   5.739561     0.0441  -130.0000     0.0811 8.5487e+02     1.8382    132.481 -9.990e-29
    314.000      1.834    29.1565   5.740149     0.0514    30.0000     0.0810 9.9271e+02     1.8337    131.204 -9.990e-29
    314.250      1.811    29.1511   5.740079     0.0147    60.0000     0.0818 8.2080e+02     1.8323    130.488 -9.990e-29
    314.500      1.767    29.1481   5.738753     0.0294    60.0000     0.0821 5.5306e+02     1.8393    129.823 -9.990e-29
    314.750      1.711    29.1472   5.739640     0.0441    10.0000     0.0821 6.4238e+02     1.8501    129.099 -9.990e-29
    315.000      1.673    29.1475   5.742950     0.0220    90.0000     0.0896 1.0708e+03     1.8614    128.380 -9.990e-29
    315.250      1.649    29.1473   5.745554     0.0294    30.0000     0.0889 1.1456e+03     1.8774    127.436 -9.990e-29
    315.500      1.665    29.1481   5.746590     0.0073    90.0000     0.0892 1.1666e+03     1.8959    126.516 -9.990e-29
    315.750      1.724    29.1498   5.747359     0.0367   120.0000     0.0872 7.5766e+02     1.9118    125.642 -9.990e-29
    316.000      1.802    29.1516   5.748246     0.0514  -220.0000     0.0872 8.4202e+02     1.9207    124.732 -9.990e-29
    316.250      1.884    29.1524   5.747438     0.0220    60.0000     0.0869 1.0581e+03     1.9244    124.003 -9.990e-29
    316.500      1.947    29.1534   5.744009     0.0294  -160.0000     0.0878 9.7526e+02     1.9251    123.288 -9.990e-29
    316.750      1.974    29.1550   5.744637     0.0441   -80.0000     0.0933 5.9631e+02     1.9255    122.686 -9.990e-29
    317.000      1.973    29.1583   5.748686     0.0294   -80.0000     0.0931 2.4437e+03     1.9269    121.945 -9.990e-29
    317.250      1.947    29.1608   5.748874     0.0220  -110.0000     0.0931 9.5397e+02     1.9273    121.388 -9.990e-29
    317.500      1.898    29.1588   5.742801     0.0147  -110.0000     0.0852 5.1551e+02     1.9252    120.798 -9.990e-29
    317.750      1.833    29.1568   5.742024     0.0220    10.0000     0.0851 1.2421e+03     1.9232    120.243 -9.990e-29
    318.000      1.782    29.1565   5.748536     0.0147  -220.0000     0.0848 1.4198e+03     1.9193    119.931 -9.990e-29
    318.250      1.751    29.1555   5.746771     0.0220    10.0000     0.0834 7.7910e+02     1.9131    119.658 -9.990e-29
    318.500      1.745    29.1514   5.740777     0.0220  -130.0000     0.0833 5.4193e+02     1.9063    119.638 -9.990e-29
    318.750      1.754    29.1483   5.740848     0.0220    10.0000     0.0831 2.3160e+03     1.8977    119.665 -9.990e-29
    319.000      1.787    29.1469   5.746810     0.0220   -20.0000     0.0837 7.2621e+02     1.8919    119.505 -9.990e-29
    319.250      1.825    29.1475   5.744307     0.0220   120.0000     0.0844 7.4708e+02     1.8905    119.652 -9.990e-29
    319.500      1.851    29.1486   5.741546     0.0294    10.0000     0.0838 3.8048e+02     1.8926    120.753 -9.990e-29
    319.750      1.873    29.1501   5.744676     0.0220  -300.0000     0.0835 5.9747e+02     1.8940    122.346 -9.990e-29
    320.000      1.900    29.1515   5.748756     0.0220   120.0000     0.0838 4.0617e+02     1.8937    124.078 -9.990e-29
    320.250      1.923    29.1526   5.744966     0.0441   -50.0000     0.0837 4.2670e+02     1.8933    126.444 -9.990e-29
    320.500      1.933    29.1534   5.743899     0.0147   -20.0000     0.0831 3.6921e+02     1.8899    129.145 -9.990e-29
    320.750      1.923    29.1545   5.748285     0.0220   120.0000     0.0825 5.2576e+02     1.8846    131.548 -9.990e-29
    321.000      1.907    29.1565   5.750640     0.0441  -160.0000     0.0819 5.4794e+02     1.8751    133.062 -9.990e-29
    321.250      1.878    29.1585   5.746990     0.0147   -20.0000     0.0827 5.7316e+02     1.8662    133.645 -9.990e-29
    321.500      1.864    29.1600   5.745633     0.0073   -20.0000     0.0821 7.7608e+02     1.8575    133.438 -9.990e-29
    321.750      1.858    29.1616   5.747359     0.0073    10.0000     0.0895 4.8553e+02     1.8503    132.893 -9.990e-29
    322.000      1.851    29.1600   5.745445     0.0441  -110.0000     0.0890 6.8604e+02     1.8426    132.328 -9.990e-29
    322.250      1.838    29.1559   5.742722     0.0220  -190.0000     0.0893 8.3117e+02     1.8355    131.569 -9.990e-29
    322.500      1.807    29.1536   5.747100     0.0220  -110.0000     0.0834 6.3629e+02     1.8278    130.585 -9.990e-29
    322.750      1.758    29.1524   5.747438     0.0220   -50.0000     0.0836 7.2198e+02     1.8193    129.818 -9.990e-29
    323.000      1.709    29.1521   5.744825     0.0220  -110.0000     0.0831 1.1560e+03     1.8116    129.085 -9.990e-29
    323.250      1.667    29.1522   5.745084     0.0147    90.0000     0.0825 1.0973e+03     1.8081    128.191 -9.990e-29
    323.500      1.669    29.1529   5.747689     0.0220   -80.0000     0.0831 3.3114e+02     1.8094    127.222 -9.990e-29
    323.750      1.747    29.1592   5.750820     0.0367  -240.0000     0.0832 5.7552e+02     1.8099    126.014 -9.990e-29
    324.000      1.884    29.1685   5.753882     0.0367   -50.0000     0.0833 4.1965e+02     1.8131    125.099 -9.990e-29
    324.250      2.033    29.1743   5.751597     0.0367    60.0000     0.0833 3.1350e+02     1.8215    124.794 -9.990e-29
    324.500      2.162    29.1814   5.747728     0.0367  -220.0000     0.0831 3.6985e+02     1.8328    125.055 -9.990e-29
    324.750      2.242    29.1885   5.749203     0.0220   120.0000     0.0828 4.3275e+02     1.8460    125.397 -9.990e-29
    325.000      2.240    29.1943   5.753952     0.0294   -20.0000     0.0849 3.5465e+02     1.8605    125.661 -9.990e-29
    325.250      2.169    29.1996   5.752146     0.0294  -130.0000     0.0849 7.6574e+02     1.8771    125.993 -9.990e-29
    325.500      2.036    29.2039   5.748873     0.0073   -80.0000     0.0849 1.1757e+03     1.8949    125.954 -9.990e-29
    325.750      1.878    29.2071   5.749721     0.0588  -300.0000     0.0909 9.7505e+02     1.9196    125.550 -9.990e-29
    326.000      1.714    29.2090   5.750749     0.0073  -240.0000     0.0908 1.0221e+03     1.9445    124.457 -9.990e-29
    326.250      1.589    29.2100   5.751408     0.0441    30.0000     0.0914 8.1549e+02     1.9614    123.196 -9.990e-29
    326.500      1.513    29.2100   5.750819     0.0294  -130.0000     0.0835 4.4644e+02     1.9770    121.881 -9.990e-29
    326.750      1.514    29.2085   5.748755     0.0367  -110.0000     0.0837 5.0230e+02     1.9946    120.793 -9.990e-29
    327.000      1.569    29.1991   5.746809     0.0220    30.0000     0.0837 8.5561e+02     2.0154    119.756 -9.990e-29
    327.250      1.642    29.1829   5.744235     0.0220  -220.0000     0.0838 5.4463e+02     2.0352    118.893 -9.990e-29
    327.500      1.727    29.1706   5.743310     0.0220   120.0000     0.0851 6.8412e+02     2.0522    118.112 -9.990e-29
