cruises/P45_06/L2/CTD/Loop_Edit/P45_06_CTD_05_loop.cnv
* Sea-Bird SBE19plus  Data File:
* FileName = C:\Users\OA_2023-03\Desktop\Bathymetry\ctd_casts\proble cast 2002.hex
* Software version 2.3.0 SB_Terminal.dll
* Temperature SN = 8460
* Conductivity SN = 8460
* System UpLoad Time = Apr 16 2026 17:52:48
* <ApplicationData>
* <SeatermAF>
# nquan = 11
# nvalues = 5576                        
# units = specified
# name 0 = timeS: Time, Elapsed [seconds]
# name 1 = prdM: Pressure, Strain Gauge [db]
# name 2 = tv290C: Temperature [ITS-90, deg C]
# name 3 = c0S/m: Conductivity [S/m]
# name 4 = flECO-AFL: Fluorescence, WET Labs ECO-AFL/FL [mg/m^3]
# name 5 = flECO-AFL1: Fluorescence, WET Labs ECO-AFL/FL, 2 [mg/m^3]
# name 6 = CStarAt0: Beam Attenuation, WET Labs C-Star [1/m]
# name 7 = par/sat/log: PAR/Logarithmic, Satlantic [umol photons/m^2/sec]
# name 8 = sbeox0V: Oxygen raw, SBE 43 [V]
# name 9 = sbeox0Mm/L: Oxygen, SBE 43 [umol/l]
# name 10 = flag:  0.000e+00
# span 0 =      0.000,   1393.750       
# span 1 =     -0.125,     73.964       
# span 2 =    18.3364,    29.4507       
# span 3 =  -0.251727,   5.807033       
# span 4 =    -4.8477,     4.4584       
# span 5 =-85630.0000, 35270.0000       
# span 6 =     0.0545,    22.7930       
# span 7 = 1.1792e-01, 2.9764e+02       
# span 8 =     1.4314,     2.5962       
# span 9 =     97.389,    201.906       
# span 10 = 0.0000e+00, 0.0000e+00      
# interval = seconds: 0.25
# start_time = Apr 16 2026 17:14:45 [Instrument's time stamp, header]
# bad_flag = -9.990e-29
*END*
[from data line 4722]
   1180.500     43.546    20.6281   4.952206     0.7272  1000.0000     0.1200 9.7084e-01     1.8704    137.723 0.0000e+00
   1180.750     43.486    20.6337   4.952205     0.7418   950.0000     0.1199 9.8459e-01     1.8769    138.038 0.0000e+00
   1181.000     43.421    20.6447   4.952904     0.7565   730.0000     0.1193 1.0144e+00     1.8847    138.258 0.0000e+00
   1181.250     43.346    20.6638   4.955032     0.7639   700.0000     0.1198 1.0210e+00     1.8911    138.478 0.0000e+00
   1181.500     43.241    20.6893   4.958176     0.7051   810.0000     0.1193 1.0380e+00     1.8970    138.553 0.0000e+00
   1181.750     43.103    20.7177   4.961438     0.7051   810.0000     0.1208 1.0650e+00     1.9039    138.519 0.0000e+00
   1182.000     42.937    20.7487   4.964716     0.7345   860.0000     0.1204 1.1109e+00     1.9122    138.461 0.0000e+00
   1182.250     42.752    20.7815   4.968208     0.7125   840.0000     0.1201 1.0954e+00     1.9191    138.519 0.0000e+00
   1182.500     42.565    20.8103   4.972255     0.7345   840.0000     0.1190 1.1030e+00     1.9254    138.628 0.0000e+00
   1182.750     42.392    20.8328   4.974680     0.7345   840.0000     0.1193 1.1107e+00     1.9315    138.985 0.0000e+00
   1183.000     42.246    20.8503   4.976265     0.8006   970.0000     0.1194 1.1473e+00     1.9384    139.443 0.0000e+00
   1183.250     42.134    20.8643   4.977334     0.7418   970.0000     0.1213 1.1734e+00     1.9440    140.107 0.0000e+00
   1183.500     42.043    20.8744   4.978794     0.7492   700.0000     0.1218 1.1875e+00     1.9509    140.656 0.0000e+00
   1183.750     41.968    20.8826   4.979156     0.7492   970.0000     0.1215 1.1633e+00     1.9559    141.559 0.0000e+00
   1184.000     41.890    20.8924   4.979819     0.8006   920.0000     0.1215 1.1795e+00     1.9621    142.641 0.0000e+00
   1184.250     41.790    20.9064   4.981472     0.8006   810.0000     0.1252 1.1857e+00     1.9685    143.698 0.0000e+00
   1184.500     41.650    20.9242   4.984025     0.8153   810.0000     0.1254 1.2459e+00     1.9736    144.597 0.0000e+00
   1184.750     41.474    20.9411   4.986675     0.7345   920.0000     0.1250 1.2687e+00     1.9799    145.480 0.0000e+00
   1185.000     41.266    20.9558   4.988106     0.7492   780.0000     0.1278 1.2867e+00     1.9862    146.436 0.0000e+00
   1185.250     41.043    20.9704   4.989465     0.7859  1030.0000     0.1273 1.2937e+00     1.9937    147.154 0.0000e+00
   1185.500     40.823    20.9864   4.991672     0.7933   840.0000     0.1278 1.2973e+00     2.0031    147.831 0.0000e+00
   1185.750     40.637    20.9990   4.993976     0.8006   840.0000     0.1325 1.3515e+00     2.0125    148.466 0.0000e+00
   1186.000     40.510    21.0093   4.994611     0.8447   860.0000     0.1320 1.3742e+00     2.0240    149.252 0.0000e+00
   1186.250     40.430    21.0186   4.995579     0.8594   920.0000     0.1321 1.3415e+00     2.0372    149.924 0.0000e+00
   1186.500     40.395    21.0276   4.996665     0.7786  1060.0000     0.1339 1.3131e+00     2.0513    150.525 0.0000e+00
   1186.750     40.379    21.0330   4.997721     0.8226  1030.0000     0.1346 1.2753e+00     2.0639    151.232 0.0000e+00
   1187.000     40.366    21.0363   4.997780     0.8153   950.0000     0.1342 1.3069e+00     2.0764    152.164 0.0000e+00
   1187.250     40.337    21.0422   4.997846     0.8961   840.0000     0.1347 1.3694e+00     2.0870    152.975 0.0000e+00
   1187.500     40.268    21.0493   4.999383     0.7786   840.0000     0.1363 1.4726e+00     2.0948    153.667 0.0000e+00
   1187.750     40.154    21.0555   5.000418     0.9181  1060.0000     0.1357 1.5042e+00     2.1015    154.271 0.0000e+00
   1188.000     39.995    21.0617   5.001053     0.8594   950.0000     0.1357 1.5097e+00     2.1025    154.947 0.0000e+00
   1188.250     39.815    21.0690   5.001859     0.8814  1060.0000     0.1380 1.5444e+00     2.1044    155.491 0.0000e+00
   1188.500     39.637    21.0817   5.003026     0.9034  1110.0000     0.1386 1.5602e+00     2.1034    156.168 0.0000e+00
   1188.750     39.474    21.1085   5.005370     0.8814  1060.0000     0.1379 1.5464e+00     2.0999    156.546 0.0000e+00
   1189.000     39.332    21.1385   5.011197     0.9034   840.0000     0.1422 1.5851e+00     2.0963    157.010 0.0000e+00
   1189.250     39.208    21.1682   5.015074     0.8887   950.0000     0.1418 1.5912e+00     2.0922    157.550 0.0000e+00
   1189.500     39.099    21.2004   5.018477     0.9034  1060.0000     0.1421 1.6169e+00     2.0878    157.954 0.0000e+00
   1189.750     38.994    21.2299   5.022104     0.9255  1090.0000     0.1418 1.6811e+00     2.0832    158.489 0.0000e+00
   1190.000     38.877    21.2697   5.024992     0.9034  1110.0000     0.1427 1.6921e+00     2.0782    159.033 0.0000e+00
   1190.250     38.763    21.3129   5.031688     0.8814  1110.0000     0.1434 1.7517e+00     2.0731    159.779 0.0000e+00
   1190.500     38.641    21.3467   5.035497     0.9255  1060.0000     0.1433 1.7528e+00     2.0683    160.808 0.0000e+00
   1190.750     38.535    21.3739   5.037150     0.9255   920.0000     0.1479 1.7873e+00     2.0631    161.956 0.0000e+00
   1191.000     38.437    21.3961   5.038876     0.9108  1090.0000     0.1480 1.7745e+00     2.0578    163.436 0.0000e+00
   1191.250     38.350    21.4101   5.039551     0.9181   920.0000     0.1477 1.7873e+00     2.0533    165.251 0.0000e+00
   1191.500     38.272    21.4186   5.039454     0.9475  1170.0000     0.1521 1.7942e+00     2.0480    167.283 0.0000e+00
   1191.750     38.195    21.4248   5.039305     0.8887  1140.0000     0.1514 1.8122e+00     2.0439    169.135 0.0000e+00
   1192.000     38.104    21.4288   5.038734     0.9328   970.0000     0.1514 1.8438e+00     2.0407    170.908 0.0000e+00
   1192.250     38.010    21.4317   5.038319     0.9108  1170.0000     0.1518 1.8882e+00     2.0387    172.274 0.0000e+00
   1192.500     37.894    21.4336   5.038096     0.9548  1060.0000     0.1547 1.9104e+00     2.0396    173.074 0.0000e+00
   1192.750     37.772    21.4357   5.037896     0.9916  1140.0000     0.1543 1.9395e+00     2.0422    173.536 0.0000e+00
   1193.000     37.652    21.4381   5.037866     0.9916  1200.0000     0.1541 1.9726e+00     2.0489    172.971 0.0000e+00
   1193.250     37.543    21.4408   5.037933     0.9328  1060.0000     0.1599 1.9653e+00     2.0619    172.275 0.0000e+00
   1193.500     37.452    21.4436   5.037822     0.9842   860.0000     0.1599 1.9919e+00     2.0782    171.122 0.0000e+00
   1193.750     37.368    21.4475   5.037918     1.1091  1090.0000     0.1599 1.9708e+00     2.0990    169.625 0.0000e+00
   1194.000     37.295    21.4516   5.038088     0.9916  1140.0000     0.1621 1.9649e+00     2.1203    168.102 0.0000e+00
   1194.250     37.241    21.4568   5.038259     1.0136  1060.0000     0.1621 2.0473e+00     2.1412    166.650 0.0000e+00
   1194.500     37.197    21.4620   5.038392     0.9695  1110.0000     0.1624 2.0509e+00     2.1615    165.343 0.0000e+00
   1194.750     37.161    21.4661   5.038696     0.9402  1140.0000     0.1620 2.0487e+00     2.1787    164.171 0.0000e+00
   1195.000     37.132    21.4695   5.038800     0.9842  1170.0000     0.1659 2.0584e+00     2.1960    163.193 0.0000e+00
   1195.250     37.097    21.4728   5.038933     0.9034  1000.0000     0.1658 1.9927e+00     2.2115    162.269 0.0000e+00
   1195.500     37.050    21.4763   5.039200     0.9916  1000.0000     0.1663 2.0425e+00     2.2259    161.546 0.0000e+00
   1195.750     36.988    21.4797   5.039541     0.9842  1090.0000     0.1682 2.1181e+00     2.2385    160.873 0.0000e+00
   1196.000     36.885    21.4861   5.039941     0.9255  1090.0000     0.1678 2.1305e+00     2.2501    160.208 0.0000e+00
   1196.250     36.739    21.5004   5.041024     0.9255  1060.0000     0.1678 2.2093e+00     2.2597    159.668 0.0000e+00
   1196.500     36.543    21.5449   5.043308     1.1238  1110.0000     0.1694 2.2089e+00     2.2691    159.044 0.0000e+00
   1196.750     36.314    21.6246   5.053994     0.9402  1140.0000     0.1693 2.2358e+00     2.2770    158.502 0.0000e+00
   1197.000     36.075    21.7257   5.067409     0.9548  1000.0000     0.1692 2.2827e+00     2.2852    158.062 0.0000e+00
   1197.250     35.857    21.8333   5.079893     0.8887  1060.0000     0.1699 2.3125e+00     2.2923    157.764 0.0000e+00
   1197.500     35.672    21.9174   5.092942     0.9181  1060.0000     0.1545 2.3836e+00     2.2990    157.863 0.0000e+00
   1197.750     35.554    21.9747   5.097373     0.8961   950.0000     0.1543 2.4075e+00     2.3055    158.361 0.0000e+00
   1198.000     35.475    22.0227   5.099339     0.8447  1030.0000     0.1545 2.3508e+00     2.3106    159.581 0.0000e+00
   1198.250     35.415    22.0584   5.104638     0.9695   970.0000     0.1395 2.3256e+00     2.3168    161.816 0.0000e+00
   1198.500     35.359    22.0857   5.106218     0.6611   780.0000     0.1399 2.3769e+00     2.3233    164.767 0.0000e+00
   1198.750     35.290    22.1273   5.108357     0.6831   530.0000     0.1399 2.4242e+00     2.3294    168.472 0.0000e+00
   1199.000     35.183    22.1685   5.115884     0.5729   670.0000     0.1274 2.5402e+00     2.3328    172.303 0.0000e+00
   1199.250     35.034    22.2020   5.119451     0.5068   390.0000     0.1274 2.6008e+00     2.3373    176.006 0.0000e+00
   1199.500     34.843    22.2320   5.121593     0.4187   420.0000     0.1272 2.5756e+00     2.3407    179.393 0.0000e+00
   1199.750     34.635    22.2624   5.124572     0.4407   310.0000     0.1130 2.6376e+00     2.3446    182.063 0.0000e+00
   1200.000     34.437    22.2978   5.127746     0.4260   310.0000     0.1127 2.6599e+00     2.3461    184.274 0.0000e+00
   1200.250     34.279    22.3402   5.131989     0.3966   450.0000     0.1133 2.6976e+00     2.3506    185.800 0.0000e+00
   1200.500     34.165    22.3748   5.136997     0.4040   450.0000     0.1137 2.7459e+00     2.3506    186.852 0.0000e+00
   1200.750     34.103    22.4126   5.138394     0.3966   310.0000     0.1143 2.6399e+00     2.3517    187.480 0.0000e+00
   1201.000     34.072    22.4409   5.143703     0.3966   310.0000     0.1145 2.6245e+00     2.3561    187.899 0.0000e+00
   1201.250     34.052    22.4614   5.143972     0.3819   280.0000     0.1145 2.6036e+00     2.3577    188.104 0.0000e+00
   1201.500     34.025    22.4893   5.145497     0.3526   420.0000     0.1117 2.6836e+00     2.3588    188.337 0.0000e+00
   1201.750     33.981    22.5206   5.149657     0.3673   340.0000     0.1111 2.7668e+00     2.3607    188.442 0.0000e+00
   1202.000     33.906    22.5472   5.152823     0.3158   310.0000     0.1118 2.8679e+00     2.3611    188.595 0.0000e+00
   1202.250     33.796    22.5657   5.154589     0.3452   370.0000     0.1114 2.9529e+00     2.3625    188.708 0.0000e+00
   1202.500     33.666    22.5790   5.155525     0.2938   250.0000     0.1116 2.9606e+00     2.3628    188.880 0.0000e+00
   1202.750     33.528    22.5894   5.156258     0.3673   340.0000     0.1118 2.9766e+00     2.3640    189.125 0.0000e+00
   1203.000     33.410    22.5973   5.157007     0.3452   230.0000     0.1116 2.9741e+00     2.3644    189.277 0.0000e+00
   1203.250     33.310    22.6032   5.157291     0.3085   250.0000     0.1114 2.9792e+00     2.3653    189.635 0.0000e+00
   1203.500     33.223    22.6076   5.157822     0.3085   340.0000     0.1111 3.0084e+00     2.3671    190.088 0.0000e+00
   1203.750     33.157    22.6110   5.158025     0.3599   250.0000     0.1113 2.9351e+00     2.3680    190.576 0.0000e+00
   1204.000     33.106    22.6141   5.158122     0.3305   280.0000     0.1094 2.9504e+00     2.3693    190.734 0.0000e+00
   1204.250     33.054    22.6168   5.158459     0.3158   250.0000     0.1098 2.9644e+00     2.3714    191.016 0.0000e+00
   1204.500     32.999    22.6200   5.158758     0.2865   250.0000     0.1095 3.0227e+00     2.3738    191.174 0.0000e+00
   1204.750     32.917    22.6235   5.159193     0.2497   250.0000     0.1159 3.0339e+00     2.3761    191.387 0.0000e+00
   1205.000     32.814    22.6265   5.159544     0.3232   450.0000     0.1157 3.1509e+00     2.3793    191.287 0.0000e+00
   1205.250     32.681    22.6284   5.159724     0.3305   280.0000     0.1157 3.1577e+00     2.3816    191.538 0.0000e+00
   1205.500     32.523    22.6301   5.159791     0.3526   230.0000     0.1128 3.1872e+00     2.3839    191.243 0.0000e+00
   1205.750     32.345    22.6326   5.159956     0.3085   280.0000     0.1129 3.2018e+00     2.3867    191.085 0.0000e+00
   1206.000     32.163    22.6356   5.160390     0.2938   370.0000     0.1131 3.2436e+00     2.3900    191.431 0.0000e+00
   1206.250     32.008    22.6383   5.160757     0.3232   340.0000     0.1131 3.2966e+00     2.3935    191.449 0.0000e+00
   1206.500     31.894    22.6412   5.160959     0.3232   250.0000     0.1078 3.3303e+00     2.3971    191.444 0.0000e+00
   1206.750     31.814    22.6439   5.161192     0.3011   310.0000     0.1078 3.3024e+00     2.4007    191.546 0.0000e+00
   1207.000     31.763    22.6461   5.161461     0.2644   370.0000     0.1074 3.2415e+00     2.4030    191.498 0.0000e+00
   1207.250     31.714    22.6485   5.161626     0.3085   280.0000     0.1074 3.2704e+00     2.4064    191.534 0.0000e+00
   1207.500     31.659    22.6540   5.161828     0.3085   310.0000     0.1075 3.3339e+00     2.4104    191.504 0.0000e+00
   1207.750     31.570    22.6628   5.162997     0.3158   310.0000     0.1075 3.4506e+00     2.4149    191.508 0.0000e+00
   1208.000     31.430    22.6768   5.164600     0.2644   340.0000     0.1102 3.5900e+00     2.4198    191.370 0.0000e+00
   1208.250     31.248    22.6986   5.166601     0.2424   310.0000     0.1104 3.6377e+00     2.4242    191.362 0.0000e+00
   1208.500     31.041    22.7291   5.169501     0.3085   250.0000     0.1107 3.6740e+00     2.4292    191.480 0.0000e+00
   1208.750     30.807    22.7627   5.173324     0.3232   250.0000     0.1133 3.6716e+00     2.4369    191.465 0.0000e+00
   1209.000     30.579    22.7934   5.176811     0.2424   280.0000     0.1134 3.7919e+00     2.4424    191.532 0.0000e+00
   1209.250     30.379    22.8203   5.179226     0.2865   250.0000     0.1133 3.8381e+00     2.4505    191.683 0.0000e+00
   1209.500     30.241    22.8446   5.181439     0.2938   280.0000     0.1130 3.9153e+00     2.4559    191.928 0.0000e+00
   1209.750     30.145    22.8732   5.183314     0.2865   280.0000     0.1825 3.9229e+00     2.4627    192.181 0.0000e+00
   1210.000     30.081    22.9094   5.187517     0.3452   250.0000     0.1826 3.8373e+00     2.4692    192.552 0.0000e+00
   1210.250     30.045    22.9376   5.191782     0.2718   250.0000     0.1827 3.8241e+00     2.4736    192.785 0.0000e+00
   1210.500     30.007    22.9698   5.192487     0.2571   280.0000     0.1198 3.8348e+00     2.4795    192.999 0.0000e+00
   1210.750     29.956    23.0220   5.197069     0.3232   340.0000     0.1199 3.9323e+00     2.4845    193.258 0.0000e+00
   1211.000     29.856    23.0833   5.204952     0.3085   170.0000     0.1200 4.0628e+00     2.4884    193.525 0.0000e+00
   1211.250     29.719    23.1407   5.211133     0.3232   250.0000     0.1284 4.1833e+00     2.4917    193.758 0.0000e+00
   1211.500     29.534    23.2033   5.215932     0.3379   340.0000     0.1280 4.1715e+00     2.4929    193.988 0.0000e+00
   1211.750     29.327    23.2688   5.222434     0.3452   310.0000     0.1279 4.2315e+00     2.4922    194.216 0.0000e+00
   1212.000     29.121    23.3432   5.229557     0.3085   310.0000     0.1280 4.3007e+00     2.4975    194.244 0.0000e+00
   1212.250     28.936    23.4383   5.237710     0.3526   310.0000     0.1248 4.3843e+00     2.4979    194.396 0.0000e+00
   1212.500     28.799    23.5361   5.249972     0.2497   310.0000     0.1248 4.3948e+00     2.5012    194.545 0.0000e+00
   1212.750     28.710    23.6202   5.260147     0.2718   250.0000     0.1247 4.3919e+00     2.5026    194.717 0.0000e+00
