cruises/P45_06/L2/CTD/Loop_Edit/P45_06_CTD_07_loop.cnv
* Sea-Bird SBE19plus  Data File:
* FileName = C:\Users\OA_2023-03\Desktop\Bathymetry\ctd_casts\J1_17_04_2026003.hex
* Software version 2.3.0 SB_Terminal.dll
* Temperature SN = 8460
* Conductivity SN = 8460
* System UpLoad Time = Apr 17 2026 12:58:15
* <ApplicationData>
* <SeatermAF>
# nquan = 11
# nvalues = 3956                        
# units = specified
# name 0 = timeS: Time, Elapsed [seconds]
# name 1 = prdM: Pressure, Strain Gauge [db]
# name 2 = tv290C: Temperature [ITS-90, deg C]
# name 3 = c0S/m: Conductivity [S/m]
# name 4 = flECO-AFL: Fluorescence, WET Labs ECO-AFL/FL [mg/m^3]
# name 5 = flECO-AFL1: Fluorescence, WET Labs ECO-AFL/FL, 2 [mg/m^3]
# name 6 = CStarAt0: Beam Attenuation, WET Labs C-Star [1/m]
# name 7 = par/sat/log: PAR/Logarithmic, Satlantic [umol photons/m^2/sec]
# name 8 = sbeox0V: Oxygen raw, SBE 43 [V]
# name 9 = sbeox0Mm/L: Oxygen, SBE 43 [umol/l]
# name 10 = flag:  0.000e+00
# span 0 =      0.000,    988.750       
# span 1 =     -0.056,     49.537       
# span 2 =    20.3079,    30.1953       
# span 3 =  -0.163806,   5.859566       
# span 4 =   -26.8607,    29.9382       
# span 5 = -1.950e+05, 40750.0000       
# span 6 =    -0.1104,    55.2620       
# span 7 = 1.8115e+01, 3.4716e+03       
# span 8 =     1.6264,     2.8041       
# span 9 =    100.339,    246.121       
# span 10 = 0.0000e+00, 0.0000e+00      
# interval = seconds: 0.25
# start_time = Apr 17 2026 12:04:27 [Instrument's time stamp, header]
# bad_flag = -9.990e-29
*END*
[from data line 3673]
    918.250      3.016    29.6475   5.846233     0.0367   -80.0000     0.0764 6.1027e+02     2.6052    189.786 0.0000e+00
    918.500      3.053    29.6475   5.846715     0.0220   170.0000     0.0765 6.2146e+02     2.6029    190.295 -9.990e-29
    918.750      3.133    29.6449   5.845964     0.0441  -190.0000     0.0799 7.8367e+02     2.6018    190.895 -9.990e-29
    919.000      3.233    29.6411   5.845482     0.0220    10.0000     0.0797 6.1784e+02     2.5973    191.508 -9.990e-29
    919.250      3.343    29.6397   5.844763     0.0367    30.0000     0.0796 8.6118e+02     2.5911    191.949 -9.990e-29
    919.500      3.447    29.6398   5.845063     0.0000    90.0000     0.0801 9.7885e+02     2.5861    192.234 -9.990e-29
    919.750      3.505    29.6384   5.845332     0.0220   120.0000     0.0777 1.0563e+03     2.5854    192.198 -9.990e-29
    920.000      3.492    29.6349   5.844874     0.0367  -240.0000     0.0778 1.1206e+03     2.5853    191.906 -9.990e-29
    920.250      3.405    29.6333   5.844083     0.0367   140.0000     0.0774 1.0841e+03     2.5905    191.396 -9.990e-29
    920.500      3.243    29.6324   5.844202     0.0220    10.0000     0.0772 1.0292e+03     2.5941    190.653 -9.990e-29
    920.750      3.038    29.6347   5.844352     0.0294  -110.0000     0.0768 1.7157e+03     2.5966    189.908 -9.990e-29
    921.000      2.796    29.6415   5.845063     0.0220  -110.0000     0.0772 1.1520e+03     2.5932    189.486 0.0000e+00
    921.250      2.534    29.6502   5.846423     0.0367  -130.0000     0.0767 1.2616e+03     2.5861    189.560 0.0000e+00
    921.500      2.296    29.6599   5.847664     0.0147    10.0000     0.0767 1.1734e+03     2.5831    189.673 0.0000e+00
    921.750      2.107    29.6702   5.849016     0.0220  -190.0000     0.0764 1.1965e+03     2.5799    189.915 0.0000e+00
    922.000      1.974    29.6790   5.850146     0.0073    30.0000     0.0766 1.1276e+03     2.5748    190.072 0.0000e+00
    922.250      1.905    29.6862   5.850787     0.0367  -220.0000     0.0775 1.0083e+03     2.5727    190.449 0.0000e+00
    922.500      1.885    29.6919   5.851277     0.0073   120.0000     0.0774 7.2073e+02     2.5690    190.384 0.0000e+00
    922.750      1.911    29.6955   5.851767     0.0147  -240.0000     0.0772 6.9126e+02     2.5587    190.298 -9.990e-29
    923.000      1.967    29.6986   5.851609     0.0220  -160.0000     0.0770 8.9171e+02     2.5504    190.284 -9.990e-29
    923.250      2.002    29.7014   5.851893     0.0000   -20.0000     0.0770 7.4386e+02     2.5478    190.299 -9.990e-29
    923.500      1.991    29.7050   5.852178     0.0000   -20.0000     0.0773 6.5813e+02     2.5479    189.997 -9.990e-29
    923.750      1.905    29.7063   5.852708     0.0294   -50.0000     0.0772 1.1813e+03     2.5502    189.801 -9.990e-29
    924.000      1.742    29.7060   5.852557     0.0220  -110.0000     0.0769 1.0947e+03     2.5567    189.251 0.0000e+00
    924.250      1.520    29.7068   5.852249     0.0441  -130.0000     0.0774 9.5749e+02     2.5629    188.467 0.0000e+00
    924.500      1.238    29.7097   5.852628     0.0294  -130.0000     0.0798 1.4826e+03     2.5694    187.811 0.0000e+00
    924.750      0.927    29.7124   5.853126     0.0294   -50.0000     0.0790 2.5963e+03     2.5732    187.573 0.0000e+00
    925.000      0.625    29.7148   5.853498     0.0367  -240.0000     0.0794 1.9412e+03     2.5738    187.461 0.0000e+00
    925.250      0.415    29.7172   5.853798    -0.0220   -20.0000     0.0792 1.7456e+03     2.5704    188.041 0.0000e+00
    925.500      0.355    29.7202   5.853909     0.0441    90.0000     2.1465 2.1490e+03     2.5628    188.648 0.0000e+00
    925.750      0.371    29.7232   5.854170     0.0000   120.0000     2.1468 2.1780e+03     2.5539    189.207 -9.990e-29
    926.000      0.464    29.7273   5.854589     0.0367   140.0000     2.1457 2.4484e+03     2.5513    189.165 -9.990e-29
    926.250      0.604    29.7297   5.855001     0.0073    60.0000     4.8272 5.7590e+02     2.5495    188.560 -9.990e-29
    926.500      0.776    29.7304   5.855230     0.0220  -270.0000     4.8266 8.6886e+02     2.5490    188.176 -9.990e-29
    926.750      0.943    29.7289   5.855127     0.0294  -130.0000     4.8261 7.3157e+02     2.5479    187.629 -9.990e-29
    927.000      1.080    29.7266   5.854471     0.0220   -20.0000     0.4493 5.4088e+02     2.5476    186.823 -9.990e-29
    927.250      1.158    29.7239   5.854186     0.0441  -270.0000     0.4494 5.5835e+02     2.5547    186.307 -9.990e-29
    927.500      1.142    29.7222   5.853838     0.0220   -50.0000     0.4491 8.4348e+02     2.5593    185.758 -9.990e-29
    927.750      1.043    29.7214   5.853870     0.0294  -130.0000     0.4497 1.3611e+03     2.5626    184.607 -9.990e-29
    928.000      0.887    29.7216   5.853909     0.0220  -350.0000     0.1861 1.4143e+03     2.5652    183.692 -9.990e-29
    928.250      0.709    29.7234   5.854059     0.0220  -240.0000     0.1860 1.2426e+03     2.5684    183.398 -9.990e-29
    928.500      0.545    29.7288   5.853909    -0.0220   120.0000     0.1857 2.4713e+03     2.5719    183.407 -9.990e-29
    928.750      0.443    29.7398   5.853854     0.0441  -110.0000     0.8909 2.4879e+03     2.5751    183.772 -9.990e-29
    929.000      0.434    29.7528   5.854740    -0.0220  -110.0000     0.8907 2.4863e+03     2.5757    184.724 -9.990e-29
    929.250      0.536    29.7631   5.853458     0.0220   -50.0000     0.8904 1.0357e+03     2.5777    185.772 -9.990e-29
    929.500      0.711    29.7684   5.854138     0.0220  -270.0000     3.6321 5.0601e+02     2.5784    186.963 -9.990e-29
    929.750      0.867    29.7681   5.857603     0.0000    30.0000     3.6329 5.7952e+02     2.5809    187.895 -9.990e-29
    930.000      0.969    29.7676   5.857864     0.0000    30.0000     3.6317 5.0656e+02     2.5730    188.292 -9.990e-29
    930.250      1.009    29.7638   5.857302     0.0000  -110.0000     3.6314 5.4053e+02     2.5501    187.998 -9.990e-29
    930.500      0.985    29.7600   5.857603    -0.0147   -50.0000     0.7000 6.2281e+02     2.5267    186.985 -9.990e-29
    930.750      0.909    29.7572   5.857152     0.0367  -160.0000     0.7002 1.1798e+03     2.5092    185.623 -9.990e-29
    931.000      0.787    29.7553   5.856551     0.0294  -160.0000     0.7005 1.6891e+03     2.4896    184.806 -9.990e-29
    931.250      0.643    29.7549   5.856139     0.0000 -1400.0000     0.4910 2.4400e+03     2.4741    184.175 -9.990e-29
    931.500      0.518    29.7554   5.856582     0.0588  -410.0000     0.4909 2.4858e+03     2.4604    183.838 -9.990e-29
    931.750      0.454    29.7573   5.848372     0.0000  -130.0000     0.4904 2.4998e+03     2.4453    183.722 -9.990e-29
    932.000      0.483    29.7580   5.834613    -0.0147    30.0000     5.6598 2.5112e+03     2.4256    183.914 -9.990e-29
    932.250      0.576    29.7487   5.856891     0.0073  -270.0000     5.6598 1.0855e+03     2.4010    184.816 -9.990e-29
    932.500      0.687    29.7385   5.855419     0.0220    60.0000     5.6584 1.7086e+03     2.3690    185.760 -9.990e-29
    932.750      0.781    29.7357   5.854581    -0.0441   140.0000     1.1033 1.5209e+03     2.3329    186.537 -9.990e-29
    933.000      0.843    29.7380   5.855190     0.0220  -130.0000     1.1029 1.4477e+03     2.3031    187.072 -9.990e-29
    933.250      0.858    29.7398   5.856361     0.0220   -80.0000     1.1029 1.2850e+03     2.2848    187.590 -9.990e-29
    933.500      0.807    29.7380   5.856132     0.0220   -20.0000     1.1031 1.3148e+03     2.2704    188.054 -9.990e-29
    933.750      0.669    29.7353   5.854929     0.0294  -240.0000     0.5360 2.4028e+03     2.2618    188.442 -9.990e-29
    934.000      0.478    29.7358   5.854660    -0.0073   170.0000     0.5357 2.1592e+03     2.2682    188.447 -9.990e-29
    934.250      0.296    29.7389   5.855341     0.1249  -380.0000     0.5360 2.1075e+03     2.2733    188.466 0.0000e+00
    934.500      0.162    29.7407   5.855451     0.0514   140.0000     3.8983 2.0935e+03     2.2639    188.404 0.0000e+00
    934.750      0.080    29.7373   5.852042    -0.1102  1060.0000     3.8985 2.0723e+03     2.2478    188.576 0.0000e+00
    935.000      0.056    29.7306   5.854510     0.2277   250.0000     3.9001 2.1048e+03     2.2321    187.580 0.0000e+00
    935.250      0.091    29.7257   5.854399    -0.0220  -330.0000    11.2480 2.0616e+03     2.2187    184.795 -9.990e-29
    935.500      0.142    29.7218   5.854019     0.0000   530.0000    11.2469 2.0598e+03     2.2117    181.656 -9.990e-29
    935.750      0.189    29.7184   5.853569     0.1322  -760.0000    11.2437 2.1053e+03     2.2377    178.990 -9.990e-29
    936.000      0.227    29.7157   5.853458     0.0955   140.0000    11.2458 2.1263e+03     2.2783    176.141 -9.990e-29
    936.250      0.316    29.7146   5.853229    -0.0073  -840.0000    12.7698 2.0926e+03     2.3128    173.787 -9.990e-29
    936.500      0.434    29.7139   5.852659     0.2130  -550.0000    12.7714 2.4890e+03     2.3317    171.895 -9.990e-29
    936.750      0.527    29.7130   5.852367    -0.0147  -350.0000    12.7698 1.7038e+03     2.3341    170.172 -9.990e-29
    937.000      0.560    29.7119   5.852177     0.0367  -220.0000     3.4244 1.9437e+03     2.3238    168.367 -9.990e-29
    937.250      0.532    29.7109   5.851948     0.0588  -590.0000     3.4245 2.1323e+03     2.3023    166.207 -9.990e-29
    937.500      0.461    29.7092   5.851647     0.0661  -130.0000     3.4244 2.0935e+03     2.2759    163.005 -9.990e-29
    937.750      0.369    29.7059   5.851687    -0.0220    90.0000     1.9638 2.0092e+03     2.2500    159.025 -9.990e-29
    938.000      0.251    29.7031   5.851536     0.0220    30.0000     1.9633 2.1443e+03     2.2269    155.550 -9.990e-29
    938.250      0.147    29.7010   5.852098    -0.0073  -240.0000     1.9635 2.1429e+03     2.2044    153.303 -9.990e-29
    938.500      0.067    29.7019   5.853039    -0.0881  -410.0000     1.9643 2.1314e+03     2.1955    151.760 -9.990e-29
    938.750      0.065    29.7034   5.853379     0.0735   640.0000    13.1525 2.1149e+03     2.2158    151.270 -9.990e-29
    939.000      0.125    29.7034   5.852667     0.2718  -520.0000    13.1577 2.1213e+03     2.2481    152.901 -9.990e-29
    939.250      0.205    29.7032   5.852217     0.0220   -50.0000    13.1577 2.0885e+03     2.2716    154.914 -9.990e-29
    939.500      0.276    29.7072   5.851837     0.0881  -590.0000    15.2330 2.1574e+03     2.2802    155.558 -9.990e-29
    939.750      0.329    29.7150   5.851726     0.0000  -160.0000    15.2330 2.1190e+03     2.2803    155.150 -9.990e-29
    940.000      0.372    29.7214   5.851576    -0.0294   450.0000    15.2388 2.1527e+03     2.2726    154.150 -9.990e-29
    940.250      0.523    29.7241   5.854550     0.0147 -1060.0000     6.9164 5.7814e+02     2.2589    152.827 -9.990e-29
    940.500      0.705    29.7230   5.854661    -0.0514   730.0000     6.9160 1.0678e+03     2.2407    151.922 -9.990e-29
    940.750      0.883    29.7213   5.854210    -0.0514    60.0000     6.9167 7.8248e+02     2.2184    154.572 -9.990e-29
    941.000      0.961    29.7191   5.853909     0.1102 -1260.0000     0.5882 8.2454e+02     2.1947    159.329 -9.990e-29
    941.250      0.952    29.7175   5.853870    -0.0367  -520.0000     0.5872 1.1583e+03     2.1695    164.306 -9.990e-29
    941.500      0.901    29.7164   5.853530    -0.0220  -470.0000     0.5876 1.2914e+03     2.1476    168.154 -9.990e-29
    941.750      0.827    29.7155   5.853118    -0.0367  -650.0000     0.5879 1.6176e+03     2.1274    170.011 -9.990e-29
    942.000      0.741    29.7150   5.852367    -0.0514   280.0000     0.7742 1.9871e+03     2.1078    169.733 -9.990e-29
    942.250      0.652    29.7148   5.851932    -0.0220  -840.0000     0.7748 2.1822e+03     2.0946    167.210 -9.990e-29
    942.500      0.585    29.7144   5.852098     0.0881   730.0000     0.7740 2.2223e+03     2.0928    163.005 -9.990e-29
    942.750      0.547    29.7139   5.851916    -0.0147  -330.0000     0.7573 2.1555e+03     2.0955    157.851 -9.990e-29
    943.000      0.554    29.7148   5.852667    -0.1616    60.0000     0.7575 2.0674e+03     2.0968    152.946 -9.990e-29
    943.250      0.607    29.7160   5.853530     0.0441  -220.0000     0.7568 1.0005e+03     2.0943    148.733 -9.990e-29
    943.500      0.692    29.7172   5.853680     0.0220  -470.0000     0.7709 1.4352e+03     2.1079    146.822 -9.990e-29
    943.750      0.805    29.7169   5.852660     0.1102   670.0000     0.7699 1.2556e+03     2.1297    149.069 -9.990e-29
    944.000      0.928    29.7133   5.852288     0.0220   450.0000     0.7701 1.5947e+03     2.1491    153.718 -9.990e-29
    944.250      1.025    29.7085   5.851798    -0.0367   480.0000     0.7700 2.3140e+03     2.1616    158.214 -9.990e-29
    944.500      1.076    29.7055   5.851386     0.0147    10.0000     0.3125 1.2266e+03     2.1667    161.246 -9.990e-29
    944.750      1.076    29.7031   5.851347     0.0661  -220.0000     0.3120 1.1035e+03     2.1703    162.949 -9.990e-29
    945.000      1.008    29.7019   5.851157     0.0588  -110.0000     0.3123 1.0843e+03     2.1698    163.111 -9.990e-29
    945.250      0.896    29.7027   5.850857    -0.0220    60.0000     0.2017 1.0720e+03     2.1609    161.733 -9.990e-29
    945.500      0.752    29.7040   5.850936     0.0073  -160.0000     0.2020 1.1965e+03     2.1477    158.837 -9.990e-29
    945.750      0.610    29.7043   5.851062     0.0588   530.0000     0.2024 2.0518e+03     2.1314    154.705 -9.990e-29
    946.000      0.507    29.7041   5.851046     0.1322   120.0000     0.2058 2.1936e+03     2.1181    150.358 -9.990e-29
    946.250      0.439    29.7051   5.850746     0.0441  -550.0000     0.2056 2.1747e+03     2.1050    146.301 -9.990e-29
    946.500      0.434    29.7074   5.850595    -0.0441   750.0000     0.2056 2.1658e+03     2.0854    143.095 -9.990e-29
    946.750      0.483    29.7086   5.851426     0.0661   480.0000     0.2060 2.2065e+03     2.0669    140.472 -9.990e-29
    947.000      0.581    29.7097   5.851766     0.0735  -440.0000     2.4358 1.5029e+03     2.0451    138.295 -9.990e-29
    947.250      0.716    29.7112   5.851679    -0.1175   340.0000     2.4368 1.8952e+03     2.0244    137.113 -9.990e-29
    947.500      0.852    29.7101   5.851086     0.2350  -300.0000     2.4361 1.0129e+03     2.0042    137.488 -9.990e-29
    947.750      0.996    29.7016   5.849844     0.0441    90.0000     0.2640 1.1628e+03     1.9932    138.711 -9.990e-29
    948.000      1.077    29.6950   5.849504    -0.0955  -650.0000     0.2648 1.2712e+03     1.9868    140.005 -9.990e-29
    948.250      1.092    29.6914   5.849876    -0.0808  -490.0000     0.2640 1.2035e+03     1.9807    140.924 -9.990e-29
    948.500      1.041    29.6901   5.849544    -0.0661  -470.0000     0.2488 1.5351e+03     1.9771    143.467 -9.990e-29
    948.750      0.941    29.6878   5.849394     0.0147  -160.0000     0.2490 6.4071e+02     1.9861    146.940 -9.990e-29
    949.000      0.821    29.6864   5.849125     0.0000  -380.0000     0.2488 2.0403e+03     2.0048    150.173 -9.990e-29
    949.250      0.692    29.6857   5.849085    -0.0073  -550.0000     0.2495 9.7168e+02     2.0244    152.413 -9.990e-29
    949.500      0.572    29.6848   5.848903     0.0073  -130.0000     0.2871 1.9615e+03     2.0383    153.479 -9.990e-29
    949.750      0.485    29.6847   5.848603    -0.0367  -110.0000     0.2875 2.3311e+03     2.0511    154.066 -9.990e-29
    950.000      0.441    29.6852   5.848413     0.0000   280.0000     0.2874 2.3225e+03     2.0751    153.950 -9.990e-29
    950.250      0.456    29.6870   5.848603     0.0073  -220.0000     0.2180 2.3145e+03     2.1027    152.532 -9.990e-29
    950.500      0.508    29.6900   5.848903     0.0661   340.0000     0.2177 2.4426e+03     2.1248    150.064 -9.990e-29
