cruises/P45_06/L2/CTD/Loop_Edit/P45_06_CTD_04_loop.cnv
* Sea-Bird SBE19plus  Data File:
* FileName = C:\Users\OA_2023-03\Desktop\Bathymetry\ctd_casts\proble cast 2001.hex
* Software version 2.3.0 SB_Terminal.dll
* Temperature SN = 8460
* Conductivity SN = 8460
* System UpLoad Time = Apr 16 2026 17:48:13
* <ApplicationData>
* <SeatermAF>
# nquan = 11
# nvalues = 6675                        
# units = specified
# name 0 = timeS: Time, Elapsed [seconds]
# name 1 = prdM: Pressure, Strain Gauge [db]
# name 2 = tv290C: Temperature [ITS-90, deg C]
# name 3 = c0S/m: Conductivity [S/m]
# name 4 = flECO-AFL: Fluorescence, WET Labs ECO-AFL/FL [mg/m^3]
# name 5 = flECO-AFL1: Fluorescence, WET Labs ECO-AFL/FL, 2 [mg/m^3]
# name 6 = CStarAt0: Beam Attenuation, WET Labs C-Star [1/m]
# name 7 = par/sat/log: PAR/Logarithmic, Satlantic [umol photons/m^2/sec]
# name 8 = sbeox0V: Oxygen raw, SBE 43 [V]
# name 9 = sbeox0Mm/L: Oxygen, SBE 43 [umol/l]
# name 10 = flag:  0.000e+00
# span 0 =      0.000,   1668.500       
# span 1 =     -0.107,     93.004       
# span 2 =    18.2970,    29.6030       
# span 3 =  -0.321385,   5.827162       
# span 4 =   -40.1037,    29.9382       
# span 5 = -2.758e+05, 3.1026e+05       
# span 6 =    -0.0859,    55.2620       
# span 7 = 1.1782e-01, 1.1638e+03       
# span 8 =     1.1747,     2.5956       
# span 9 =     73.455,    205.288       
# span 10 = 0.0000e+00, 0.0000e+00      
# interval = seconds: 0.25
# start_time = Apr 16 2026 16:22:25 [Instrument's time stamp, header]
# bad_flag = -9.990e-29
*END*
[from data line 1181]
    295.250      1.967    29.5436   5.820904     0.0441   -80.0000     0.1066 1.5080e+02     2.5247    183.078 -9.990e-29
    295.500      1.865    29.5432   5.820904     0.0220    30.0000     0.0784 1.4068e+02     2.5249    183.271 -9.990e-29
    295.750      1.871    29.5433   5.820904     0.0220   120.0000     0.0786 1.4857e+02     2.5247    183.414 -9.990e-29
    296.000      1.982    29.5427   5.820904     0.0294  -220.0000     0.0783 2.1400e+02     2.5254    183.429 0.0000e+00
    296.250      2.193    29.5427   5.820794     0.0294    30.0000     0.0772 1.8601e+02     2.5262    183.568 0.0000e+00
    296.500      2.427    29.5433   5.820834     0.0147    90.0000     0.0771 1.7030e+02     2.5275    183.621 0.0000e+00
    296.750      2.642    29.5443   5.821094     0.0588   140.0000     0.0774 1.5598e+02     2.5264    183.631 0.0000e+00
    297.000      2.807    29.5451   5.821205     0.0294   -20.0000     0.0783 1.2383e+02     2.5264    183.532 0.0000e+00
    297.250      2.896    29.5455   5.821284     0.0367  -380.0000     0.0780 1.3640e+02     2.5268    183.545 -9.990e-29
    297.500      2.889    29.5456   5.821284     0.0220  -110.0000     0.0785 1.3926e+02     2.5256    183.557 -9.990e-29
    297.750      2.800    29.5452   5.821173     0.0220  -160.0000     0.0782 1.3493e+02     2.5254    183.435 -9.990e-29
    298.000      2.638    29.5448   5.821055     0.0294    10.0000     0.0782 1.3296e+02     2.5244    183.092 -9.990e-29
    298.250      2.496    29.5446   5.820983     0.0441   140.0000     0.0778 1.3147e+02     2.5245    182.805 -9.990e-29
    298.500      2.398    29.5442   5.821023     0.0367    10.0000     0.0784 1.3339e+02     2.5230    182.528 -9.990e-29
    298.750      2.384    29.5438   5.821023     0.0294    30.0000     0.0814 1.5214e+02     2.5228    182.562 -9.990e-29
    299.000      2.449    29.5450   5.821023     0.0220   170.0000     0.0821 1.4056e+02     2.5211    182.622 -9.990e-29
    299.250      2.618    29.5474   5.821283     0.0294   -80.0000     0.0820 1.2268e+02     2.5198    182.860 -9.990e-29
    299.500      2.865    29.5521   5.821733     0.0294   -50.0000     0.0779 1.1195e+02     2.5204    183.065 0.0000e+00
    299.750      3.125    29.5540   5.822854     0.0367   120.0000     0.0778 1.0056e+02     2.5212    183.279 0.0000e+00
    300.000      3.392    29.5542   5.822144     0.0294   -20.0000     0.0778 8.3237e+01     2.5229    183.410 0.0000e+00
    300.250      3.658    29.5510   5.822183     0.0367   -80.0000     0.0827 8.0110e+01     2.5232    183.772 0.0000e+00
    300.500      3.916    29.5404   5.821134     0.0441    90.0000     0.0828 8.4928e+01     2.5241    183.863 0.0000e+00
    300.750      4.143    29.5263   5.819075     0.0073   -80.0000     0.0823 9.7119e+01     2.5245    183.842 0.0000e+00
    301.000      4.345    29.5134   5.817395     0.0294    30.0000     0.0825 1.0185e+02     2.5249    183.915 0.0000e+00
    301.250      4.498    29.5051   5.815896     0.0220  -240.0000     0.0768 1.0784e+02     2.5366    183.994 0.0000e+00
    301.500      4.620    29.5004   5.816086     0.0294    90.0000     0.0780 1.0558e+02     2.5332    184.144 0.0000e+00
    301.750      4.723    29.4976   5.816125     0.0294   140.0000     0.0772 9.7984e+01     2.5293    184.036 0.0000e+00
    302.000      4.823    29.4946   5.815936     0.0367   140.0000     0.0764 9.8601e+01     2.5268    184.013 0.0000e+00
    302.250      4.916    29.4921   5.815526     0.0367   -20.0000     0.0764 1.0240e+02     2.5241    184.013 0.0000e+00
    302.500      5.027    29.4884   5.815337     0.0441    60.0000     0.0763 1.0574e+02     2.5231    183.877 0.0000e+00
    302.750      5.165    29.4782   5.814738     0.0367   -20.0000     0.0794 9.8964e+01     2.5220    183.830 0.0000e+00
    303.000      5.327    29.4556   5.812427     0.0367   -50.0000     0.0795 9.1095e+01     2.5210    183.700 0.0000e+00
    303.250      5.518    29.4238   5.808241     0.0147    90.0000     0.0794 8.4800e+01     2.5205    183.718 0.0000e+00
    303.500      5.710    29.3990   5.803693     0.0220   -80.0000     0.0794 8.1139e+01     2.5202    183.624 0.0000e+00
    303.750      5.901    29.3742   5.803324     0.0367    10.0000     0.0805 8.5333e+01     2.5204    183.680 0.0000e+00
    304.000      6.094    29.3516   5.799857     0.0441    10.0000     0.0805 9.0329e+01     2.5206    183.568 0.0000e+00
    304.250      6.270    29.3364   5.798219     0.0441   -50.0000     0.0807 9.5680e+01     2.5221    183.479 0.0000e+00
    304.500      6.428    29.3255   5.797700     0.0294    60.0000     0.0787 9.4896e+01     2.5221    183.602 0.0000e+00
    304.750      6.583    29.3143   5.797180     0.0808   -20.0000     0.0790 9.2505e+01     2.5230    183.754 0.0000e+00
    305.000      6.738    29.3058   5.795503     0.0441   -50.0000     0.0788 8.9842e+01     2.5221    184.033 0.0000e+00
    305.250      6.912    29.2965   5.795346     0.0294    60.0000     0.0821 8.5186e+01     2.5228    184.170 0.0000e+00
    305.500      7.101    29.2785   5.794165     0.0220   -80.0000     0.0824 8.1844e+01     2.5240    184.392 0.0000e+00
    305.750      7.303    29.2603   5.790527     0.0294    90.0000     0.0821 7.8923e+01     2.5233    184.556 0.0000e+00
    306.000      7.539    29.2446   5.789150     0.0441  -160.0000     0.0821 7.7134e+01     2.5226    184.730 0.0000e+00
    306.250      7.772    29.2273   5.787962     0.0367   230.0000     0.0825 7.5646e+01     2.5241    186.125 0.0000e+00
    306.500      8.001    29.2100   5.785656     0.0367   -80.0000     0.0825 7.7150e+01     2.5242    185.945 0.0000e+00
    306.750      8.228    29.1975   5.783839     0.0441    60.0000     0.0824 7.9885e+01     2.5252    185.585 0.0000e+00
    307.000      8.439    29.1887   5.783690     0.0147   120.0000     0.0862 8.1738e+01     2.5256    185.270 0.0000e+00
    307.250      8.625    29.1800   5.783359     0.1542  -130.0000     0.0861 8.6579e+01     2.5251    184.872 0.0000e+00
    307.500      8.792    29.1740   5.782211     0.0514    90.0000     0.0864 8.9319e+01     2.5249    184.612 0.0000e+00
    307.750      8.936    29.1706   5.782022     0.0147   -80.0000     0.0873 8.8377e+01     2.5222    184.331 0.0000e+00
    308.000      9.065    29.1685   5.782101     0.0441  -110.0000     0.0874 8.6261e+01     2.5218    184.055 0.0000e+00
    308.250      9.181    29.1671   5.782062     0.0441    30.0000     0.0872 8.3471e+01     2.5220    183.844 0.0000e+00
    308.500      9.286    29.1656   5.781913     0.0367   -50.0000     0.0872 8.0492e+01     2.5231    183.968 0.0000e+00
    308.750      9.379    29.1650   5.781913     0.0294   -20.0000     0.0872 7.9454e+01     2.5254    184.139 0.0000e+00
    309.000      9.472    29.1641   5.781842     0.0294    90.0000     0.0868 7.8582e+01     2.5259    184.272 0.0000e+00
    309.250      9.581    29.1635   5.781842     0.0441    30.0000     0.0874 7.9454e+01     2.5259    184.543 0.0000e+00
    309.500      9.715    29.1618   5.781803     0.0367   170.0000     0.0873 8.0666e+01     2.5264    184.628 0.0000e+00
    309.750      9.879    29.1595   5.781693     0.0441  -110.0000     0.0876 8.0893e+01     2.5273    184.792 0.0000e+00
    310.000     10.077    29.1556   5.781284     0.0514   -20.0000     0.0876 8.1174e+01     2.5294    184.759 0.0000e+00
    310.250     10.294    29.1517   5.781064     0.0367    60.0000     0.0902 8.1667e+01     2.5301    184.856 0.0000e+00
    310.500     10.526    29.1483   5.780954     0.0294   -20.0000     0.0902 8.4051e+01     2.5319    185.010 0.0000e+00
    310.750     10.754    29.1453   5.780915     0.0294   140.0000     0.0909 8.2555e+01     2.5327    184.937 0.0000e+00
    311.000     10.972    29.1420   5.780694     0.0441    10.0000     0.0897 8.3183e+01     2.5323    184.855 0.0000e+00
    311.250     11.175    29.1388   5.780545     0.0367    10.0000     0.0901 7.9196e+01     2.5323    184.985 0.0000e+00
    311.500     11.370    29.1355   5.780317     0.0220   -80.0000     0.0902 7.6122e+01     2.5317    185.021 0.0000e+00
    311.750     11.539    29.1325   5.780058     0.0294    30.0000     0.0903 7.5059e+01     2.5313    185.135 0.0000e+00
    312.000     11.695    29.1284   5.779798     0.0294   200.0000     0.0887 7.4043e+01     2.5314    185.222 0.0000e+00
    312.250     11.837    29.1254   5.779248     0.0441    90.0000     0.0890 7.4204e+01     2.5327    185.171 0.0000e+00
    312.500     11.964    29.1225   5.779279     0.0441  -190.0000     0.0890 7.4493e+01     2.5340    185.153 0.0000e+00
    312.750     12.084    29.1199   5.779059     0.0441   -50.0000     0.0900 7.6403e+01     2.5340    184.857 0.0000e+00
    313.000     12.212    29.1164   5.778768     0.0441   140.0000     0.0898 7.6850e+01     2.5339    184.761 0.0000e+00
    313.250     12.352    29.1107   5.778509     0.0514   -50.0000     0.0899 7.4606e+01     2.5343    184.709 0.0000e+00
    313.500     12.519    29.1026   5.777840     0.0294    90.0000     0.0886 7.1959e+01     2.5362    184.820 0.0000e+00
    313.750     12.701    29.0941   5.776873     0.0367    10.0000     0.0890 7.1139e+01     2.5363    185.102 0.0000e+00
    314.000     12.928    29.0853   5.776323     0.0441    90.0000     0.0894 7.1664e+01     2.5362    185.256 0.0000e+00
    314.250     13.197    29.0751   5.775576     0.0441   120.0000     0.0896 7.3104e+01     2.5374    185.363 0.0000e+00
    314.500     13.462    29.0657   5.774617     0.0441    60.0000     0.0921 7.1571e+01     2.5386    185.525 0.0000e+00
    314.750     13.713    29.0577   5.774169     0.0441  -110.0000     0.0922 7.1710e+01     2.5406    185.731 0.0000e+00
    315.000     13.937    29.0508   5.773800     0.0220    10.0000     0.0920 7.0801e+01     2.5408    186.006 0.0000e+00
    315.250     14.139    29.0439   5.773321     0.0441    60.0000     0.0919 7.0160e+01     2.5423    186.110 0.0000e+00
    315.500     14.293    29.0375   5.772653     0.0367   140.0000     0.0914 6.9888e+01     2.5426    186.308 0.0000e+00
    315.750     14.395    29.0306   5.772212     0.0367    10.0000     0.0921 7.0541e+01     2.5435    186.413 0.0000e+00
    316.000     14.459    29.0248   5.771474     0.0441   -50.0000     0.0923 7.0160e+01     2.5463    186.399 0.0000e+00
    316.250     14.502    29.0203   5.771214     0.0367   -20.0000     0.0922 6.9722e+01     2.5486    186.402 0.0000e+00
    316.500     14.557    29.0169   5.770986     0.0367    60.0000     0.0926 6.9451e+01     2.5532    186.297 0.0000e+00
    316.750     14.641    29.0140   5.770727     0.0294    10.0000     0.0921 6.9707e+01     2.5558    186.186 0.0000e+00
    317.000     14.764    29.0081   5.770617     0.0367    10.0000     0.0909 6.8808e+01     2.5590    186.124 0.0000e+00
    317.250     14.928    28.9952   5.769438     0.0588   -20.0000     0.0915 6.7876e+01     2.5604    186.236 0.0000e+00
    317.500     15.117    28.9764   5.767214     0.0367    30.0000     0.0918 6.6639e+01     2.5611    186.393 0.0000e+00
    317.750     15.331    28.9575   5.765108     0.0367   -80.0000     0.0927 6.6524e+01     2.5629    186.473 0.0000e+00
    318.000     15.542    28.9386   5.763451     0.0367    90.0000     0.0927 6.6481e+01     2.5650    186.559 0.0000e+00
    318.250     15.746    28.9158   5.761566     0.0588   -80.0000     0.0923 6.7642e+01     2.5684    186.694 0.0000e+00
    318.500     15.948    28.8907   5.758684     0.0588    30.0000     0.0981 6.8023e+01     2.5720    186.992 0.0000e+00
    318.750     16.139    28.8636   5.756250     0.0294    90.0000     0.0979 6.8229e+01     2.5756    187.107 0.0000e+00
    319.000     16.310    28.8330   5.753455     0.0367    30.0000     0.0983 6.7788e+01     2.5791    187.163 0.0000e+00
    319.250     16.475    28.8006   5.749986     0.0588   140.0000     0.0981 6.7350e+01     2.5828    187.360 0.0000e+00
    319.500     16.624    28.7761   5.746526     0.0514    60.0000     0.0979 6.4960e+01     2.5851    187.595 0.0000e+00
    319.750     16.762    28.7557   5.745538     0.0881   120.0000     0.0979 6.3008e+01     2.5885    187.934 0.0000e+00
    320.000     16.875    28.7367   5.743883     0.0441    10.0000     0.0979 6.1420e+01     2.5922    188.064 0.0000e+00
    320.250     16.968    28.7181   5.742189     0.0661   140.0000     0.1039 6.0720e+01     2.5948    188.296 0.0000e+00
    320.500     17.059    28.7003   5.740244     0.0735   170.0000     0.1040 6.1274e+01     2.5956    188.378 0.0000e+00
    320.750     17.168    28.6827   5.738590     0.0441   -20.0000     0.1037 6.2182e+01     2.5952    188.545 0.0000e+00
    321.000     17.326    28.6610   5.736865     0.0881   230.0000     0.1066 6.2479e+01     2.5954    188.916 0.0000e+00
    321.250     17.533    28.6240   5.733996     0.0588   120.0000     0.1063 6.1341e+01     2.5951    189.237 0.0000e+00
    321.500     17.780    28.5574   5.727836     0.0441    90.0000     0.1063 5.7114e+01     2.5928    189.873 0.0000e+00
    321.750     18.053    28.4759   5.717404     0.0514    60.0000     0.1023 5.0053e+01     2.5891    190.400 0.0000e+00
    322.000     18.308    28.4020   5.708569     0.0955   -20.0000     0.1018 4.6534e+01     2.5863    191.080 0.0000e+00
    322.250     18.549    28.3415   5.703721     0.0661    90.0000     0.1023 4.7439e+01     2.5826    191.544 0.0000e+00
    322.500     18.753    28.2900   5.699421     0.1028   120.0000     0.1023 5.2618e+01     2.5806    191.862 0.0000e+00
    322.750     18.924    28.2513   5.695639     0.1028   -50.0000     0.1093 5.5650e+01     2.5776    192.192 0.0000e+00
    323.000     19.037    28.2191   5.693967     0.1322    30.0000     0.1092 5.7003e+01     2.5738    192.460 0.0000e+00
    323.250     19.120    28.1948   5.691241     0.0661    30.0000     0.1095 5.7077e+01     2.5722    192.857 0.0000e+00
    323.500     19.188    28.1728   5.690405     0.0881   -50.0000     0.1141 5.6439e+01     2.5703    193.274 0.0000e+00
    323.750     19.237    28.1526   5.687937     0.0735   120.0000     0.1141 5.5831e+01     2.5697    193.753 0.0000e+00
    324.000     19.291    28.1383   5.686555     0.0881    90.0000     0.1138 5.5494e+01     2.5691    194.237 0.0000e+00
    324.250     19.351    28.1266   5.686086     0.1322    60.0000     0.1141 5.5494e+01     2.5663    194.766 0.0000e+00
    324.500     19.437    28.1148   5.685321     0.0661    30.0000     0.1143 5.5338e+01     2.5656    195.121 0.0000e+00
    324.750     19.555    28.0976   5.684158     0.0661   120.0000     0.1141 5.4577e+01     2.5642    195.521 0.0000e+00
    325.000     19.722    28.0560   5.682089     0.1542   -20.0000     0.1137 5.2789e+01     2.5638    195.947 0.0000e+00
    325.250     19.928    27.9997   5.673971     0.0955   170.0000     0.1141 4.9301e+01     2.5619    196.271 0.0000e+00
    325.500     20.171    27.9463   5.668799     0.0881    90.0000     0.1136 4.4304e+01     2.5606    196.425 0.0000e+00
    325.750     20.427    27.8977   5.664605     0.0441   -50.0000     0.1139 4.0203e+01     2.5613    196.437 0.0000e+00
    326.000     20.682    27.8427   5.661541     0.0588    10.0000     0.1180 3.8227e+01     2.5640    196.455 0.0000e+00
    326.250     20.917    27.7902   5.655229     0.0735   120.0000     0.1181 3.9122e+01     2.5657    196.430 0.0000e+00
    326.500     21.138    27.7510   5.651335     0.0808    60.0000     0.1181 4.2862e+01     2.5686    196.159 0.0000e+00
    326.750     21.318    27.7216   5.650004     0.0735  -110.0000     0.1205 4.8027e+01     2.5716    195.662 0.0000e+00
    327.000     21.444    27.6954   5.647987     0.1175   140.0000     0.1201 4.9708e+01     2.5735    195.220 0.0000e+00
    327.250     21.540    27.6761   5.646010     0.1102   -20.0000     0.1205 4.9568e+01     2.5750    194.708 0.0000e+00
    327.500     21.620    27.6585   5.645076     0.0808   120.0000     0.1320 4.7923e+01     2.5771    194.419 0.0000e+00
