cruises/P45_06/L2/CTD/Loop_Edit/P45_06_CTD_09_loop.cnv
* Sea-Bird SBE19plus  Data File:
* FileName = C:\Users\OA_2023-03\Desktop\Bathymetry\ctd_casts\S1_18_04_26001.hex
* Software version 2.3.0 SB_Terminal.dll
* Temperature SN = 8460
* Conductivity SN = 8460
* System UpLoad Time = Apr 18 2026 10:40:32
* <ApplicationData>
* <SeatermAF>
# nquan = 11
# nvalues = 2744                        
# units = specified
# name 0 = timeS: Time, Elapsed [seconds]
# name 1 = prdM: Pressure, Strain Gauge [db]
# name 2 = tv290C: Temperature [ITS-90, deg C]
# name 3 = c0S/m: Conductivity [S/m]
# name 4 = flECO-AFL: Fluorescence, WET Labs ECO-AFL/FL [mg/m^3]
# name 5 = flECO-AFL1: Fluorescence, WET Labs ECO-AFL/FL, 2 [mg/m^3]
# name 6 = CStarAt0: Beam Attenuation, WET Labs C-Star [1/m]
# name 7 = par/sat/log: PAR/Logarithmic, Satlantic [umol photons/m^2/sec]
# name 8 = sbeox0V: Oxygen raw, SBE 43 [V]
# name 9 = sbeox0Mm/L: Oxygen, SBE 43 [umol/l]
# name 10 = flag:  0.000e+00
# span 0 =      0.000,    685.750       
# span 1 =     -0.100,     37.847       
# span 2 =    22.6161,    29.3172       
# span 3 =  -0.312213,   5.811900       
# span 4 =   -15.2482,    29.9382       
# span 5 = -1.033e+05, 40750.0000       
# span 6 =    -0.0660,    24.8803       
# span 7 = 5.6337e+00, 3.4091e+03       
# span 8 =     1.6497,     2.8063       
# span 9 =    102.454,    251.190       
# span 10 = 0.0000e+00, 0.0000e+00      
# interval = seconds: 0.25
# start_time = Apr 18 2026 09:40:24 [Instrument's time stamp, header]
# bad_flag = -9.990e-29
*END*
[from data line 1705]
    426.250      2.103    29.2542   5.787660     0.0441   120.0000     0.0797 6.1598e+02     1.8579    117.900 -9.990e-29
    426.500      2.042    29.2545   5.788699     0.0367   170.0000     0.0810 5.4711e+02     1.8627    117.084 -9.990e-29
    426.750      1.943    29.2550   5.787360     0.0073   -80.0000     0.0815 7.4903e+02     1.8655    116.700 -9.990e-29
    427.000      1.827    29.2555   5.786620     0.0294   -20.0000     0.0816 4.8806e+02     1.8675    116.765 -9.990e-29
    427.250      1.718    29.2552   5.786731     0.0220  -110.0000     0.0814 5.9721e+02     1.8717    116.890 -9.990e-29
    427.500      1.636    29.2541   5.786062     0.0220    30.0000     0.0814 1.6026e+03     1.8804    116.944 -9.990e-29
    427.750      1.594    29.2536   5.785212     0.0073    60.0000     0.0811 4.3303e+02     1.8872    117.088 -9.990e-29
    428.000      1.598    29.2536   5.787439     0.0441   -20.0000     0.0798 4.0241e+02     1.8942    117.088 -9.990e-29
    428.250      1.654    29.2543   5.789816     0.0000   -20.0000     0.0796 3.7387e+02     1.9020    117.179 -9.990e-29
    428.500      1.751    29.2560   5.788698     0.0220    30.0000     0.0794 3.8704e+02     1.9064    118.129 -9.990e-29
    428.750      1.874    29.2579   5.787179     0.0294   -80.0000     0.0796 3.9260e+02     1.9131    119.916 -9.990e-29
    429.000      1.996    29.2599   5.789407     0.0073   140.0000     0.0801 4.1712e+02     1.9200    121.180 -9.990e-29
    429.250      2.087    29.2614   5.790147     0.0441    30.0000     0.0799 3.9006e+02     1.9232    122.143 -9.990e-29
    429.500      2.142    29.2613   5.787250     0.0441   -20.0000     0.0802 4.1236e+02     1.9203    122.771 -9.990e-29
    429.750      2.143    29.2609   5.788148     0.0147  -110.0000     0.0813 4.3641e+02     1.9125    123.139 -9.990e-29
    430.000      2.098    29.2615   5.790116     0.0073  -130.0000     0.0823 4.2403e+02     1.9023    122.937 -9.990e-29
    430.250      2.023    29.2622   5.788998     0.0441  -110.0000     0.0819 4.4867e+02     1.8913    122.654 -9.990e-29
    430.500      1.923    29.2612   5.787250     0.0294   120.0000     0.0907 4.4625e+02     1.8794    122.882 -9.990e-29
    430.750      1.820    29.2603   5.787289     0.0220    30.0000     0.0914 4.6176e+02     1.8678    123.201 -9.990e-29
    431.000      1.734    29.2586   5.788439     0.0220   140.0000     0.0912 4.5818e+02     1.8556    123.448 -9.990e-29
    431.250      1.682    29.2574   5.786699     0.0294    90.0000     0.0912 4.7565e+02     1.8424    124.030 -9.990e-29
    431.500      1.658    29.2560   5.785912     0.0220  -160.0000     0.0801 1.6648e+03     1.8293    124.649 -9.990e-29
    431.750      1.656    29.2553   5.787100     0.0220   -80.0000     0.0800 1.1498e+03     1.8162    125.059 -9.990e-29
    432.000      1.660    29.2550   5.788069     0.0294   -80.0000     0.0800 1.0888e+03     1.8155    125.341 -9.990e-29
    432.250      1.684    29.2548   5.787101     0.0220   -80.0000     0.0820 2.1700e+03     1.8308    125.719 -9.990e-29
    432.500      1.716    29.2548   5.788258     0.0220  -130.0000     0.0818 1.2155e+03     1.8515    126.489 -9.990e-29
    432.750      1.751    29.2547   5.789218     0.0220    90.0000     0.0819 8.2919e+02     1.8723    127.171 -9.990e-29
    433.000      1.796    29.2548   5.788478     0.0294   120.0000     0.0849 7.1313e+02     1.8886    127.969 -9.990e-29
    433.250      1.851    29.2561   5.789627     0.0220   -20.0000     0.0847 4.4857e+02     1.9036    128.855 -9.990e-29
    433.500      1.920    29.2576   5.791115     0.0000    30.0000     0.0847 3.9260e+02     1.9239    129.386 -9.990e-29
    433.750      1.998    29.2586   5.790037     0.0367  -110.0000     0.0816 3.7867e+02     1.9428    130.155 -9.990e-29
    434.000      2.082    29.2594   5.788549     0.0147   -20.0000     0.0817 3.6953e+02     1.9567    130.893 -9.990e-29
    434.250      2.140    29.2600   5.788329     0.0220    60.0000     0.0819 3.9006e+02     1.9670    131.125 -9.990e-29
    434.500      2.153    29.2600   5.788809     0.0073  -190.0000     0.0815 4.8595e+02     1.9728    130.550 -9.990e-29
    434.750      2.116    29.2600   5.788069     0.0220  -190.0000     0.0900 5.0854e+02     1.9765    129.340 -9.990e-29
    435.000      2.025    29.2601   5.788927     0.0294    30.0000     0.0895 5.7739e+02     1.9776    127.703 -9.990e-29
    435.250      1.893    29.2598   5.788927     0.0147  -330.0000     0.0896 1.0177e+03     1.9792    125.858 -9.990e-29
    435.500      1.727    29.2593   5.787888     0.0220  -190.0000     0.0823 1.4515e+03     1.9858    123.920 -9.990e-29
    435.750      1.584    29.2584   5.787510     0.0220  -160.0000     0.0825 1.5768e+03     1.9977    121.982 -9.990e-29
    436.000      1.471    29.2579   5.787140     0.0073   -20.0000     0.0822 8.2722e+02     2.0061    120.125 -9.990e-29
    436.250      1.438    29.2572   5.786959     0.0367  -240.0000     0.0817 7.9271e+02     2.0165    118.367 -9.990e-29
    436.500      1.496    29.2588   5.789218     0.0147    30.0000     0.0816 6.4016e+02     2.0352    116.836 -9.990e-29
    436.750      1.651    29.2618   5.793981     0.0220    90.0000     0.0815 1.1893e+03     2.0557    115.429 -9.990e-29
    437.000      1.847    29.2639   5.795950     0.0220    10.0000     0.0818 7.9305e+02     2.0685    115.502 -9.990e-29
    437.250      2.051    29.2634   5.790706     0.0367  -130.0000     0.0821 9.3013e+02     2.0729    117.632 -9.990e-29
    437.500      2.218    29.2626   5.787620     0.0441  -110.0000     0.0815 6.4447e+02     2.0698    120.778 -9.990e-29
    437.750      2.323    29.2619   5.787620     0.0220   -50.0000     0.0817 7.0105e+02     2.0588    124.246 -9.990e-29
    438.000      2.340    29.2622   5.790635     0.0294   -20.0000     0.0813 6.3204e+02     2.0455    127.366 -9.990e-29
    438.250      2.271    29.2623   5.791785     0.0294   -20.0000     0.0812 7.5227e+02     2.0289    130.252 -9.990e-29
    438.500      2.123    29.2618   5.788738     0.0441    90.0000     0.0814 8.3171e+02     2.0118    133.476 -9.990e-29
    438.750      1.918    29.2615   5.790226     0.0220    60.0000     0.0828 1.0228e+03     1.9971    136.177 -9.990e-29
    439.000      1.691    29.2618   5.792714     0.0367  -220.0000     0.0824 7.0546e+02     1.9789    137.766 -9.990e-29
    439.250      1.487    29.2605   5.790816     0.0000  -190.0000     0.0824 9.2052e+02     1.9640    138.519 -9.990e-29
    439.500      1.353    29.2581   5.788438     0.0000  -110.0000     0.0831 1.3143e+03     1.9488    138.582 -9.990e-29
    439.750      1.358    29.2567   5.788438     0.0367    60.0000     0.0815 7.3015e+02     1.9382    138.318 -9.990e-29
    440.000      1.453    29.2574   5.791564     0.0220    60.0000     0.0811 7.6441e+02     1.9299    137.723 -9.990e-29
    440.250      1.620    29.2596   5.794092     0.0367   -50.0000     0.0813 8.1602e+02     1.9226    137.082 -9.990e-29
    440.500      1.805    29.2612   5.793383     0.0294  -190.0000     0.0810 1.0184e+03     1.9153    136.964 -9.990e-29
    440.750      1.973    29.2596   5.790297     0.0294   -80.0000     0.0810 6.1279e+02     1.9066    137.696 -9.990e-29
    441.000      2.113    29.2588   5.790446     0.0000    30.0000     0.0816 6.5317e+02     1.8978    138.373 -9.990e-29
    441.250      2.196    29.2580   5.790336     0.0220  -110.0000     0.0829 5.8342e+02     1.8891    139.488 -9.990e-29
    441.500      2.218    29.2577   5.791454     0.0147    10.0000     0.0823 4.8584e+02     1.8785    141.708 -9.990e-29
    441.750      2.171    29.2577   5.793273     0.0073  -110.0000     0.0820 4.7278e+02     1.8683    144.316 -9.990e-29
    442.000      2.082    29.2577   5.792344     0.0000    10.0000     0.0833 5.6970e+02     1.8566    146.159 -9.990e-29
    442.250      1.947    29.2583   5.791076     0.0147   -80.0000     0.0833 5.1273e+02     1.8456    146.871 -9.990e-29
    442.500      1.800    29.2581   5.791304     0.0367    10.0000     0.0834 4.7803e+02     1.8358    146.359 -9.990e-29
    442.750      1.667    29.2576   5.790855     0.0220    30.0000     0.0833 5.8938e+02     1.8276    144.595 -9.990e-29
    443.000      1.585    29.2555   5.789297     0.0220  -130.0000     0.0821 6.3245e+02     1.8193    142.273 -9.990e-29
    443.250      1.567    29.2537   5.788887     0.0294   120.0000     0.0821 4.3547e+02     1.8115    139.274 -9.990e-29
    443.500      1.607    29.2531   5.789745     0.0367  -110.0000     0.0825 3.9006e+02     1.8055    136.018 -9.990e-29
    443.750      1.691    29.2529   5.790375     0.0441   -20.0000     0.0875 4.2321e+02     1.7982    133.185 -9.990e-29
    444.000      1.787    29.2531   5.791265     0.0220    10.0000     0.0875 4.8975e+02     1.7900    130.390 -9.990e-29
    444.250      1.874    29.2534   5.791785     0.0367   120.0000     0.0880 4.0855e+02     1.7812    128.313 -9.990e-29
    444.500      1.936    29.2540   5.792304     0.0000  -270.0000     0.0847 4.3992e+02     1.7732    126.560 -9.990e-29
    444.750      1.971    29.2543   5.792564     0.0294    60.0000     0.0849 4.2652e+02     1.7689    125.573 -9.990e-29
    445.000      1.980    29.2547   5.791375     0.0294   -80.0000     0.0847 4.1613e+02     1.7649    125.030 -9.990e-29
    445.250      1.971    29.2550   5.790934     0.0441   -50.0000     0.0851 4.7145e+02     1.7606    124.756 -9.990e-29
    445.500      1.934    29.2553   5.791934     0.0367   -20.0000     0.0821 5.6602e+02     1.7571    124.523 -9.990e-29
    445.750      1.885    29.2555   5.792273     0.0367   -20.0000     0.0823 6.1704e+02     1.7546    124.133 -9.990e-29
    446.000      1.829    29.2557   5.791336     0.0220  -190.0000     0.0821 6.4293e+02     1.7510    123.714 -9.990e-29
    446.250      1.784    29.2557   5.791375     0.0220  -160.0000     0.0811 6.9290e+02     1.7462    123.177 -9.990e-29
    446.500      1.749    29.2555   5.790706     0.0367   -20.0000     0.0809 7.3841e+02     1.7418    122.308 -9.990e-29
    446.750      1.740    29.2553   5.789745     0.0367  -130.0000     0.0814 6.9651e+02     1.7393    121.329 -9.990e-29
    447.000      1.745    29.2553   5.790596    -0.0073  -110.0000     0.0826 6.2402e+02     1.7437    120.093 -9.990e-29
    447.250      1.756    29.2553   5.792123     0.0294    60.0000     0.0825 7.6260e+02     1.7595    118.903 -9.990e-29
    447.500      1.780    29.2553   5.791155     0.0294   -80.0000     0.0826 7.0806e+02     1.7845    117.884 -9.990e-29
    447.750      1.820    29.2552   5.790934     0.0220  -240.0000     0.0826 5.7366e+02     1.8189    117.101 -9.990e-29
    448.000      1.863    29.2557   5.792643     0.0220    90.0000     0.0837 4.3106e+02     1.8585    116.353 -9.990e-29
    448.250      1.911    29.2559   5.792564     0.0441   -50.0000     0.0837 4.2367e+02     1.8917    115.715 -9.990e-29
    448.500      1.958    29.2562   5.791635     0.0220    10.0000     0.0837 3.9243e+02     1.9277    115.357 -9.990e-29
    448.750      2.007    29.2566   5.792454     0.0000  -160.0000     0.0805 3.9065e+02     1.9702    114.870 -9.990e-29
    449.000      2.049    29.2569   5.793123     0.0147  -110.0000     0.0801 3.7785e+02     2.0046    114.290 -9.990e-29
    449.250      2.067    29.2575   5.791265     0.0073   -20.0000     0.0801 3.6076e+02     2.0300    113.575 -9.990e-29
    449.500      2.058    29.2575   5.791596     0.0073  -160.0000     0.0811 3.9903e+02     2.0611    112.875 -9.990e-29
    449.750      2.007    29.2574   5.792415     0.0220    10.0000     0.0813 4.7948e+02     2.0883    112.533 -9.990e-29
    450.000      1.918    29.2570   5.790706    -0.0147   -20.0000     0.0811 5.5763e+02     2.1028    112.292 -9.990e-29
    450.250      1.809    29.2562   5.790446     0.0220   -50.0000     0.0811 5.6822e+02     2.1094    112.028 -9.990e-29
    450.500      1.684    29.2555   5.791375     0.0367   -20.0000     0.0824 6.1478e+02     2.1159    111.874 -9.990e-29
    450.750      1.560    29.2550   5.791336     0.0220   140.0000     0.0820 6.5870e+02     2.1269    111.885 -9.990e-29
    451.000      1.456    29.2546   5.789855     0.0000    30.0000     0.0821 5.0285e+02     2.1447    111.794 -9.990e-29
    451.250      1.404    29.2543   5.790115     0.0294  -110.0000     0.0839 4.1362e+02     2.1636    111.533 -9.990e-29
    451.500      1.433    29.2566   5.792304     0.0220  -220.0000     0.0840 3.7606e+02     2.1763    111.198 -9.990e-29
    451.750      1.560    29.2623   5.795619     0.0367   -80.0000     0.0839 3.7468e+02     2.1788    110.980 -9.990e-29
    452.000      1.765    29.2680   5.799038     0.0220    10.0000     0.0844 3.7769e+02     2.1736    111.554 -9.990e-29
    452.250      1.993    29.2701   5.796990     0.0294  -130.0000     0.0845 3.7387e+02     2.1625    113.550 -9.990e-29
    452.500      2.222    29.2667   5.791304     0.0220    30.0000     0.0849 3.2497e+02     2.1464    116.849 -9.990e-29
    452.750      2.396    29.2629   5.790596     0.0220  -190.0000     0.0809 3.6287e+02     2.1286    121.490 -9.990e-29
    453.000      2.471    29.2609   5.792194     0.0294  -110.0000     0.0814 4.1353e+02     2.1137    127.061 -9.990e-29
    453.250      2.447    29.2613   5.794761     0.0147   -80.0000     0.0812 4.1604e+02     2.0980    132.076 -9.990e-29
    453.500      2.327    29.2617   5.794612     0.0367   -80.0000     0.0815 3.5757e+02     2.0793    137.260 -9.990e-29
    453.750      2.133    29.2608   5.791974    -0.0147   -50.0000     0.0819 5.2123e+02     2.0598    142.873 -9.990e-29
    454.000      1.905    29.2607   5.793493     0.0073   -80.0000     0.0823 4.8228e+02     2.0433    147.178 -9.990e-29
    454.250      1.678    29.2600   5.794651     0.0147   -50.0000     0.0823 4.7948e+02     2.0343    149.921 -9.990e-29
    454.500      1.484    29.2564   5.792304     0.0294    90.0000     0.0821 5.3298e+02     2.0272    152.775 -9.990e-29
    454.750      1.358    29.2529   5.790784     0.0220    30.0000     0.0823 4.3906e+02     2.0266    154.909 -9.990e-29
    455.000      1.327    29.2514   5.791973     0.0367  -130.0000     0.0823 3.9773e+02     2.0365    155.493 -9.990e-29
    455.250      1.365    29.2524   5.793422     0.0294    10.0000     0.0801 3.9252e+02     2.0621    155.029 -9.990e-29
    455.500      1.465    29.2533   5.793722     0.0220  -110.0000     0.0804 3.8487e+02     2.1175    154.250 -9.990e-29
    455.750      1.605    29.2560   5.793722     0.0147  -130.0000     0.0801 3.6264e+02     2.1929    153.881 -9.990e-29
    456.000      1.769    29.2599   5.794423     0.0220  -130.0000     0.0800 3.3685e+02     2.2671    154.582 -9.990e-29
    456.250      1.965    29.2637   5.796360     0.0220    10.0000     0.0831 3.3598e+02     2.3363    155.746 -9.990e-29
    456.500      2.156    29.2663   5.794801     0.0220   -80.0000     0.0829 3.5258e+02     2.3923    156.464 -9.990e-29
    456.750      2.311    29.2656   5.792903     0.0220   -20.0000     0.0828 3.4362e+02     2.4289    156.337 -9.990e-29
    457.000      2.407    29.2646   5.792674     0.0220    10.0000     0.0807 3.2252e+02     2.4368    155.494 -9.990e-29
    457.250      2.427    29.2652   5.795092     0.0367   -20.0000     0.0810 3.3157e+02     2.4247    153.790 -9.990e-29
    457.500      2.382    29.2666   5.796770     0.0367  -350.0000     0.0813 3.3860e+02     2.4102    151.156 -9.990e-29
    457.750      2.305    29.2685   5.795840     0.0294   -20.0000     0.0812 3.4766e+02     2.4150    147.984 -9.990e-29
    458.000      2.220    29.2694   5.795391     0.0220    60.0000     0.0821 3.4924e+02     2.4422    144.975 -9.990e-29
    458.250      2.138    29.2701   5.795171     0.0220   120.0000     0.0818 3.7057e+02     2.4676    142.101 -9.990e-29
    458.500      2.076    29.2714   5.795801     0.0367   140.0000     0.0817 3.9192e+02     2.4889    139.298 -9.990e-29
    458.750      2.053    29.2725   5.797888     0.0367  -110.0000     0.0812 3.8147e+02     2.5048    136.784 -9.990e-29
