cruises/P45_06/L2/CTD/Loop_Edit/P45_06_CTD_11_loop.cnv
* Sea-Bird SBE19plus  Data File:
* FileName = C:\Users\OA_2023-03\Desktop\Bathymetry\ctd_casts\S2_18_04_26001.hex
* Software version 2.3.0 SB_Terminal.dll
* Temperature SN = 8460
* Conductivity SN = 8460
* System UpLoad Time = Apr 18 2026 16:37:44
* <ApplicationData>
* <SeatermAF>
** cast at s3
# nquan = 11
# nvalues = 4802                        
# units = specified
# name 0 = timeS: Time, Elapsed [seconds]
# name 1 = prdM: Pressure, Strain Gauge [db]
# name 2 = tv290C: Temperature [ITS-90, deg C]
# name 3 = c0S/m: Conductivity [S/m]
# name 4 = flECO-AFL: Fluorescence, WET Labs ECO-AFL/FL [mg/m^3]
# name 5 = flECO-AFL1: Fluorescence, WET Labs ECO-AFL/FL, 2 [mg/m^3]
# name 6 = CStarAt0: Beam Attenuation, WET Labs C-Star [1/m]
# name 7 = par/sat/log: PAR/Logarithmic, Satlantic [umol photons/m^2/sec]
# name 8 = sbeox0V: Oxygen raw, SBE 43 [V]
# name 9 = sbeox0Mm/L: Oxygen, SBE 43 [umol/l]
# name 10 = flag:  0.000e+00
# span 0 =      0.000,   1200.250       
# span 1 =     -0.094,    199.110       
# span 2 =    14.0680,    29.9585       
# span 3 =  -0.626929,   5.890303       
# span 4 =   -82.6239,    29.9382       
# span 5 = -2.047e+05, 1.4700e+05       
# span 6 =     0.0148,    55.2620       
# span 7 = 1.1782e-01, 3.7805e+03       
# span 8 =     1.0321,     2.7578       
# span 9 =     63.551,    238.883       
# span 10 = 0.0000e+00, 0.0000e+00      
# interval = seconds: 0.25
# start_time = Apr 18 2026 13:32:54 [Instrument's time stamp, header]
# bad_flag = -9.990e-29
*END*
[from data line 2230]
    557.500    136.875    16.3711   4.510987     0.0147    60.0000     0.0209 1.7519e-01     1.3929    104.015 -9.990e-29
    557.750    137.130    16.3605   4.510294     0.0294    30.0000     0.0210 1.1797e-01     1.3920    103.805 0.0000e+00
    558.000    137.403    16.3467   4.507973    -0.0220   120.0000     0.0211 1.1802e-01     1.3913    103.665 0.0000e+00
    558.250    137.659    16.3353   4.506354     0.0220   140.0000     0.0211 1.1810e-01     1.3911    103.615 0.0000e+00
    558.500    137.890    16.3280   4.505767     0.0220   140.0000     0.0212 1.3244e-01     1.3902    103.657 0.0000e+00
    558.750    138.099    16.3244   4.505505     0.0147  -160.0000     0.0209 1.6788e-01     1.3898    103.617 0.0000e+00
    559.000    138.243    16.3222   4.505590    -0.0220    90.0000     0.0209 2.0331e-01     1.3888    103.630 0.0000e+00
    559.250    138.308    16.3206   4.505357     0.0147   -50.0000     0.0204 1.7848e-01     1.3877    103.560 -9.990e-29
    559.500    138.321    16.3201   4.505272     0.0367    90.0000     0.0200 1.9377e-01     1.3863    103.634 -9.990e-29
    559.750    138.323    16.3197   4.505343     0.0073    10.0000     0.0199 1.5191e-01     1.3854    103.668 -9.990e-29
    560.000    138.347    16.3196   4.505237     0.0073    90.0000     0.0217 1.8501e-01     1.3846    103.630 0.0000e+00
    560.250    138.419    16.3194   4.505329    -0.0220  -160.0000     0.0211 1.7500e-01     1.3831    103.595 0.0000e+00
    560.500    138.532    16.3181   4.505287     0.0000    10.0000     0.0216 1.6741e-01     1.3826    103.656 0.0000e+00
    560.750    138.654    16.3139   4.504855     0.0000   250.0000     0.0203 1.3328e-01     1.3820    103.617 0.0000e+00
    561.000    138.778    16.3085   4.504035     0.0073  -160.0000     0.0207 1.7534e-01     1.3815    103.564 0.0000e+00
    561.250    138.887    16.3027   4.503328     0.0000   -20.0000     0.0204 1.3170e-01     1.3811    103.464 0.0000e+00
    561.500    138.992    16.2981   4.502628    -0.0220    90.0000     0.0207 1.1972e-01     1.3808    103.361 0.0000e+00
    561.750    139.120    16.2943   4.502310     0.0220   250.0000     0.0204 1.7398e-01     1.3800    103.371 0.0000e+00
    562.000    139.267    16.2910   4.501977     0.0220   140.0000     0.0205 1.7790e-01     1.3794    103.277 0.0000e+00
    562.250    139.429    16.2867   4.501659     0.0073  -110.0000     0.0208 1.3006e-01     1.3780    103.116 0.0000e+00
    562.500    139.616    16.2821   4.501073     0.0294   120.0000     0.0213 1.5829e-01     1.3731    103.113 0.0000e+00
    562.750    139.802    16.2773   4.500571     0.0220  -110.0000     0.0214 1.4382e-01     1.3749    102.998 0.0000e+00
    563.000    139.986    16.2738   4.499963     0.0147    30.0000     0.0211 1.4614e-01     1.3729    102.896 0.0000e+00
    563.250    140.144    16.2714   4.499723     0.0073    90.0000     0.0208 1.4703e-01     1.3716    102.877 0.0000e+00
    563.500    140.281    16.2698   4.499624    -0.0073   200.0000     0.0211 1.1835e-01     1.3707    102.726 0.0000e+00
    563.750    140.391    16.2688   4.499553    -0.0220   140.0000     0.0212 1.7553e-01     1.3692    102.647 0.0000e+00
    564.000    140.479    16.2682   4.499490     0.0220   -50.0000     0.0200 1.1884e-01     1.3675    102.510 0.0000e+00
    564.250    140.564    16.2677   4.499469    -0.0294   140.0000     0.0202 1.3164e-01     1.3662    102.329 0.0000e+00
    564.500    140.663    16.2672   4.499405    -0.0220   140.0000     0.0203 1.2936e-01     1.3658    102.072 0.0000e+00
    564.750    140.803    16.2662   4.499313    -0.0220   -50.0000     0.0203 1.2830e-01     1.3643    101.914 0.0000e+00
    565.000    140.981    16.2642   4.499193     0.0000   -50.0000     0.0202 1.1810e-01     1.3646    101.761 0.0000e+00
    565.250    141.212    16.2601   4.498790     0.0147  -190.0000     0.0206 1.1815e-01     1.3633    101.514 0.0000e+00
    565.500    141.483    16.2530   4.498175     0.0073    10.0000     0.0204 1.1810e-01     1.3616    101.446 0.0000e+00
    565.750    141.763    16.2448   4.496677     0.0147    10.0000     0.0202 1.1805e-01     1.3596    101.396 0.0000e+00
    566.000    142.051    16.2360   4.495829     0.1689    30.0000     0.0200 1.1797e-01     1.3601    101.422 0.0000e+00
    566.250    142.320    16.2222   4.494883     0.0000    90.0000     0.0200 1.1812e-01     1.3600    101.483 0.0000e+00
    566.500    142.571    16.2091   4.492403    -0.0220    60.0000     0.0200 1.1799e-01     1.3587    101.571 0.0000e+00
    566.750    142.791    16.1986   4.491266    -0.0147    30.0000     0.0199 1.1802e-01     1.3587    101.553 0.0000e+00
    567.000    142.966    16.1904   4.490447     0.0220   120.0000     0.0200 1.1807e-01     1.3578    101.550 0.0000e+00
    567.250    143.075    16.1832   4.489882     0.0220   -80.0000     0.0195 1.1797e-01     1.3569    101.403 0.0000e+00
    567.500    143.128    16.1775   4.489013     0.0073   120.0000     0.0194 1.1951e-01     1.3563    100.580 0.0000e+00
    567.750    143.164    16.1747   4.488660     0.0073   170.0000     0.0194 1.1812e-01     1.3555    100.736 0.0000e+00
    568.000    143.217    16.1730   4.488752     0.0147    10.0000     0.0191 1.2941e-01     1.3554    100.392 0.0000e+00
    568.250    143.324    16.1707   4.488724    -0.0147   -20.0000     0.0192 1.1794e-01     1.3549    100.133 0.0000e+00
    568.500    143.468    16.1666   4.488371    -0.0220    30.0000     0.0196 1.1794e-01     1.3543     99.985 0.0000e+00
    568.750    143.632    16.1621   4.487524    -0.0147   200.0000     0.0191 1.1810e-01     1.3531     99.817 0.0000e+00
    569.000    143.784    16.1585   4.486973     0.0147  -160.0000     0.0194 1.2197e-01     1.3527     99.618 0.0000e+00
    569.250    143.904    16.1560   4.486860     0.0000   200.0000     0.0191 1.1807e-01     1.3514     99.525 0.0000e+00
    569.500    143.983    16.1537   4.486648     0.0073    60.0000     0.0188 1.1782e-01     1.3507     99.602 0.0000e+00
    569.750    144.026    16.1526   4.486373     0.0220    10.0000     0.0198 1.2191e-01     1.3491     99.320 -9.990e-29
    570.000    144.025    16.1523   4.486359    -0.0147  -110.0000     0.0194 1.1802e-01     1.3485     99.476 -9.990e-29
    570.250    144.008    16.1517   4.486444     0.0073    90.0000     0.0196 1.1797e-01     1.3480     99.401 -9.990e-29
    570.500    143.988    16.1511   4.486345    -0.0147   140.0000     0.0205 1.2686e-01     1.3472     99.208 -9.990e-29
    570.750    144.006    16.1510   4.486267     0.0000   140.0000     0.0208 1.3256e-01     1.3452     98.956 -9.990e-29
    571.000    144.074    16.1510   4.486359     0.0220    30.0000     0.0207 1.2769e-01     1.3445     99.079 0.0000e+00
    571.250    144.212    16.1485   4.486331    -0.0220   140.0000     0.0194 1.1802e-01     1.3436     99.118 0.0000e+00
    571.500    144.374    16.1444   4.485653     0.0000    90.0000     0.0196 1.1810e-01     1.3428     98.983 0.0000e+00
    571.750    144.554    16.1392   4.484954    -0.0220  -220.0000     0.0197 1.2372e-01     1.3414     99.068 0.0000e+00
    572.000    144.738    16.1349   4.484284    -0.0220   200.0000     0.0197 1.1794e-01     1.3392     98.996 0.0000e+00
    572.250    144.914    16.1317   4.484002     0.0000    60.0000     0.0194 1.1815e-01     1.3374     98.974 0.0000e+00
    572.500    145.078    16.1302   4.483846     0.0220    30.0000     0.0191 1.1805e-01     1.3354     98.975 0.0000e+00
    572.750    145.245    16.1287   4.483818    -0.0588   140.0000     0.0193 1.1805e-01     1.3337     98.894 0.0000e+00
    573.000    145.405    16.1267   4.483642     0.0073    30.0000     0.0197 1.1810e-01     1.3302     98.826 0.0000e+00
    573.250    145.551    16.1244   4.483388    -0.0220   140.0000     0.0200 1.1820e-01     1.3296     98.773 0.0000e+00
    573.500    145.696    16.1215   4.483056     0.0147   120.0000     0.0198 1.1820e-01     1.3277     98.752 0.0000e+00
    573.750    145.827    16.1190   4.482682    -0.0294    60.0000     0.0194 1.1810e-01     1.3257     98.582 0.0000e+00
    574.000    145.944    16.1167   4.482386     0.0073    30.0000     0.0192 1.1802e-01     1.3245     98.564 0.0000e+00
    574.250    146.037    16.1139   4.482181     0.0073    30.0000     0.0194 1.1807e-01     1.3232     98.388 0.0000e+00
    574.500    146.117    16.1117   4.481864     0.0073  -350.0000     0.0194 1.1797e-01     1.3221     98.260 0.0000e+00
    574.750    146.202    16.1097   4.481603     0.0000   -20.0000     0.0189 1.1805e-01     1.3210     97.992 0.0000e+00
    575.000    146.297    16.1077   4.481398    -0.0147   -50.0000     0.0198 1.1792e-01     1.3203     97.866 0.0000e+00
    575.250    146.420    16.1038   4.481137    -0.0073   170.0000     0.0194 1.1810e-01     1.3189     97.793 0.0000e+00
    575.500    146.573    16.0964   4.480375    -0.0073   140.0000     0.0195 1.1792e-01     1.3180     97.718 0.0000e+00
    575.750    146.757    16.0858   4.478858    -0.0220    90.0000     0.0197 1.1810e-01     1.3169     97.466 0.0000e+00
    576.000    146.972    16.0754   4.477454     0.0000    60.0000     0.0196 1.1797e-01     1.3170     97.364 0.0000e+00
    576.250    147.205    16.0636   4.476558    -0.0147   250.0000     0.0188 1.1805e-01     1.3151     97.297 0.0000e+00
    576.500    147.417    16.0541   4.474781     0.0000   170.0000     0.0188 1.1810e-01     1.3131     97.224 0.0000e+00
    576.750    147.618    16.0459   4.474266     0.0000   140.0000     0.0187 1.1797e-01     1.3108     97.074 0.0000e+00
    577.000    147.787    16.0401   4.473357     0.0000    30.0000     0.0196 1.1810e-01     1.3095     96.724 0.0000e+00
    577.250    147.914    16.0356   4.473237     0.0000   120.0000     0.0197 1.1815e-01     1.3090     96.411 0.0000e+00
    577.500    148.001    16.0294   4.472687     0.0000   -50.0000     0.0196 1.1805e-01     1.3070     96.085 0.0000e+00
    577.750    148.051    16.0230   4.471566    -0.0220    60.0000     0.0200 1.1805e-01     1.3060     95.822 -9.990e-29
    578.000    148.074    16.0185   4.470988    -0.0367    10.0000     0.0200 1.1802e-01     1.3047     95.206 -9.990e-29
    578.250    148.101    16.0155   4.470748     0.0000    10.0000     0.0200 1.1797e-01     1.3030     95.046 0.0000e+00
    578.500    148.134    16.0136   4.470706    -0.0367    30.0000     0.0201 1.1799e-01     1.3016     94.781 0.0000e+00
    578.750    148.216    16.0107   4.470509     0.0073   140.0000     0.0196 1.1799e-01     1.3015     94.532 0.0000e+00
    579.000    148.345    16.0036   4.470072     0.0220   -50.0000     0.0190 1.1817e-01     1.3000     94.466 0.0000e+00
    579.250    148.525    15.9932   4.468317     0.0220   -50.0000     0.0193 1.1805e-01     1.2996     94.398 0.0000e+00
    579.500    148.735    15.9814   4.466985    -0.0147   170.0000     0.0199 1.1812e-01     1.2989     94.381 0.0000e+00
    579.750    148.966    15.9679   4.465653    -0.0588    10.0000     0.0197 1.1810e-01     1.2980     94.378 0.0000e+00
    580.000    149.188    15.9558   4.463680     0.0220   200.0000     0.0197 1.1810e-01     1.2981     94.490 0.0000e+00
    580.250    149.391    15.9463   4.462983    -0.0588   170.0000     0.0209 1.1807e-01     1.2971     94.369 0.0000e+00
    580.500    149.566    15.9385   4.462110     0.0000   140.0000     0.0215 1.1812e-01     1.2974     94.382 0.0000e+00
    580.750    149.699    15.9332   4.461384    -0.0073   120.0000     0.0208 1.1805e-01     1.2965     94.326 0.0000e+00
    581.000    149.790    15.9288   4.461039    -0.0294   120.0000     0.0198 1.1792e-01     1.2963     94.422 0.0000e+00
    581.250    149.859    15.9262   4.460687    -0.0147   170.0000     0.0201 1.1797e-01     1.2963     94.216 0.0000e+00
    581.500    149.934    15.9245   4.460659    -0.0220   -50.0000     0.0198 1.1797e-01     1.2951     93.934 0.0000e+00
    581.750    150.037    15.9224   4.460490    -0.0147   -80.0000     0.0200 1.1792e-01     1.2950     93.553 0.0000e+00
    582.000    150.163    15.9206   4.460230    -0.0073   140.0000     0.0194 1.1810e-01     1.2942     93.295 0.0000e+00
    582.250    150.283    15.9185   4.459997    -0.0147   140.0000     0.0197 1.1794e-01     1.2942     93.223 0.0000e+00
    582.500    150.388    15.9169   4.459821     0.0073    60.0000     0.0198 1.1810e-01     1.2938     92.903 0.0000e+00
    582.750    150.468    15.9157   4.459673    -0.0367    90.0000     0.0200 1.1810e-01     1.2932     92.760 0.0000e+00
    583.000    150.512    15.9143   4.459504    -0.0220    30.0000     0.0197 1.1807e-01     1.2925     92.595 -9.990e-29
    583.250    150.523    15.9136   4.459385    -0.0220    30.0000     0.0197 1.1815e-01     1.2922     92.459 -9.990e-29
    583.500    150.521    15.9134   4.459385    -0.0220   -20.0000     0.0190 1.1825e-01     1.2925     92.345 -9.990e-29
    583.750    150.525    15.9134   4.459356     0.0073   -20.0000     0.0193 1.1789e-01     1.2924     92.414 -9.990e-29
    584.000    150.557    15.9136   4.459385     0.0294    90.0000     0.0192 1.1802e-01     1.2922     92.254 0.0000e+00
    584.250    150.650    15.9123   4.459476    -0.0147   -50.0000     0.0196 1.1799e-01     1.2919     92.245 0.0000e+00
    584.500    150.818    15.9090   4.458990    -0.0147    90.0000     0.0191 1.1805e-01     1.2920     92.275 0.0000e+00
    584.750    151.036    15.9049   4.458448    -0.0367  -110.0000     0.0195 1.1810e-01     1.2924     92.244 0.0000e+00
    585.000    151.302    15.9016   4.457878    -0.0220   120.0000     0.0196 1.1797e-01     1.2921     92.382 0.0000e+00
    585.250    151.578    15.8994   4.457646    -0.0367   170.0000     0.0191 1.1810e-01     1.2922     92.344 0.0000e+00
    585.500    151.847    15.8974   4.457590     0.0000   200.0000     0.0188 1.1815e-01     1.2919     92.475 0.0000e+00
    585.750    152.093    15.8956   4.457414     0.0000   140.0000     0.0196 1.1807e-01     1.2926     92.408 0.0000e+00
    586.000    152.306    15.8932   4.457210    -0.0147    60.0000     0.0182 1.1787e-01     1.2919     92.458 0.0000e+00
    586.250    152.473    15.8914   4.456844     0.0147   140.0000     0.0183 1.1802e-01     1.2917     92.509 0.0000e+00
    586.500    152.584    15.8896   4.456696    -0.0220   230.0000     0.0187 1.1815e-01     1.2920     92.381 0.0000e+00
    586.750    152.650    15.8879   4.456576     0.0000   140.0000     0.0196 1.1784e-01     1.2916     92.376 -9.990e-29
    587.000    152.673    15.8871   4.456344    -0.0220   -50.0000     0.0193 1.1799e-01     1.2924     92.254 -9.990e-29
    587.250    152.692    15.8869   4.456393    -0.0073    90.0000     0.0195 1.1794e-01     1.2922     92.263 -9.990e-29
    587.500    152.739    15.8870   4.456421    -0.0220  -240.0000     0.0220 1.1807e-01     1.2924     92.197 0.0000e+00
    587.750    152.846    15.8852   4.456435    -0.0367   140.0000     0.0221 1.1805e-01     1.2929     92.134 0.0000e+00
    588.000    153.039    15.8822   4.455879    -0.0073   120.0000     0.0219 1.1792e-01     1.2929     92.043 0.0000e+00
    588.250    153.297    15.8796   4.455534     0.0147   170.0000     0.0217 1.1807e-01     1.2924     91.998 0.0000e+00
    588.500    153.589    15.8776   4.455309     0.0220   140.0000     0.0196 1.1815e-01     1.2917     92.107 0.0000e+00
    588.750    153.887    15.8744   4.455155    -0.0147    10.0000     0.0195 1.1812e-01     1.2914     92.141 0.0000e+00
    589.000    154.165    15.8708   4.454669     0.0220    90.0000     0.0193 1.1805e-01     1.2925     92.184 0.0000e+00
    589.250    154.415    15.8682   4.454289    -0.0073    30.0000     0.0187 1.1794e-01     1.2913     92.166 0.0000e+00
    589.500    154.629    15.8664   4.454029    -0.0220   140.0000     0.0189 1.1799e-01     1.2909     92.246 0.0000e+00
    589.750    154.773    15.8651   4.454071     0.0000    60.0000     0.0186 1.1812e-01     1.2902     92.372 0.0000e+00
